190.56	6.757
190.94	6.757
191.32	6.757
191.7	-85.714
192.08	162.5
192.46	-14.103
192.84	-193.939
193.22	-1000
193.6	176.119
193.98	231.818
194.36	162.963
194.74	198.507
195.13	465.116
195.51	-914.815
195.89	-313.636
196.27	10700
196.65	-4485.714
197.03	-537.255
197.4	-713.158
197.78	-166
198.16	-259.459
198.54	-175.2
198.92	-261.702
199.3	-179.464
199.68	-126.316
200.06	-57.143
200.44	17.329
200.82	18.349
201.2	15.789
201.58	6.94
201.96	-56.667
202.34	-30.769
202.72	-4.987
203.1	-13.351
203.48	-31.728
203.86	-30.631
204.24	-36.24
204.62	-74.636
205	-42.574
205.38	-54.945
205.76	-48.837
206.13	-30.357
206.51	-24.153
206.89	-38.542
207.27	-31.881
207.65	-26.286
208.03	-30.658
208.41	-34.725
208.79	-70.541
209.17	-115.035
209.55	-141.176
209.93	-125
210.3	-124.719
210.68	-130.204
211.06	-218.121
211.44	-207.101
211.82	-256.522
212.2	-181.383
212.58	-155.44
212.96	-41.39
213.33	-21.149
213.71	3.03
214.09	-9.227
214.47	-13.248
214.85	-27.169
215.23	-21.572
215.61	-25.357
215.98	-34.938
216.36	-45.293
216.74	-63.386
217.12	-86.384
217.5	-90.38
217.88	-83.597
218.25	-87.149
218.63	-94.705
219.01	-89.963
219.39	-92.83
219.77	-67.434
220.14	-39.256
220.52	-24.632
220.9	-14.315
221.28	-15.126
221.66	-10.815
222.03	-11.575
222.41	-10.966
222.79	-6.456
223.17	-4.3
223.55	-1.968
223.92	-5.198
224.3	-6.944
224.68	-10.478
225.06	-11.515
225.43	-6.575
225.81	-10.608
226.19	-8.82
226.57	-8.355
226.95	-5.464
227.32	-3.407
227.7	-4.763
228.08	-4.821
228.46	-5.048
228.83	-4.182
229.21	-3.807
229.59	-4.268
229.96	-2.721
230.34	-2.164
230.72	-1.924
231.1	-2.157
231.47	-3.446
231.85	-1.326
232.23	-1.519
232.6	-1.61
232.98	-2.03
233.36	-1.157
233.74	-0.633
234.11	-2.871
234.49	-3.057
234.87	-3.826
235.24	-2.992
235.62	-2.55
236	-4.056
236.37	-2.755
236.75	-1.558
237.13	-1.205
237.5	-2.427
237.88	-1.85
238.26	-0.129
238.63	-0.685
239.01	0.318
239.39	-1.328
239.76	-1.318
240.14	-1.021
240.52	-1.612
240.89	-1.676
241.27	-0.905
241.65	-0.284
242.02	-0.502
242.4	-0.867
242.77	-0.678
243.15	-0.424
243.53	0.166
243.9	0.233
244.28	0.414
244.66	0.665
245.03	0.684
245.41	0.248
245.78	0.095
246.16	0.351
246.54	0.602
246.91	0.475
247.29	0.727
247.66	0.395
248.04	0.442
248.41	0.178
248.79	0.351
249.17	0.128
249.54	-0.028
249.92	-0.22
250.29	-0.504
250.67	-0.609
251.04	-0.631
251.42	-0.98
251.8	-0.815
252.17	-0.908
252.55	-0.784
252.92	-0.981
253.3	-1.076
253.67	-0.975
254.05	-0.701
254.42	-0.749
254.8	-0.638
255.17	-0.404
255.55	-0.575
255.92	-0.728
256.3	-0.885
256.67	-0.676
257.05	-0.553
257.42	0.181
257.8	0.375
258.17	0.135
258.55	0.169
258.92	0.007
259.3	-0.113
259.67	-0.133
260.05	0.009
260.42	-0.039
260.8	-0.096
261.17	-0.293
261.55	-0.605
261.92	-0.795
262.3	-0.685
262.67	-0.62
263.05	-0.604
263.42	-0.621
263.79	-0.616
264.17	-0.702
264.54	-0.548
264.92	-0.573
265.29	-0.65
265.67	-0.366
266.04	-0.423
266.42	-0.417
266.79	-0.451
267.16	-0.685
267.54	-0.66
267.91	-0.789
268.29	-0.766
268.66	-0.733
269.03	-0.848
269.41	-0.5
269.78	-0.666
270.16	-0.543
270.53	-0.534
270.9	-0.792
271.28	-0.825
271.65	-0.721
272.03	-0.85
272.4	-0.765
272.77	-0.655
273.15	-0.24
273.52	-0.348
273.89	-0.462
274.27	-0.374
274.64	-0.472
275.01	-0.152
275.39	-0.053
275.76	0.068
276.14	0.197
276.51	-0.025
276.88	0.241
277.26	0.107
277.63	-0.119
278	-0.015
278.38	-0.094
278.75	-0.084
279.12	-0.196
279.49	-0.223
279.87	-0.473
280.24	-0.523
280.61	-0.497
280.99	-0.674
281.36	-0.721
281.73	-0.756
282.11	-0.719
282.48	-0.804
282.85	-0.763
283.22	-0.687
283.6	-0.517
283.97	-0.213
284.34	0.005
284.71	-0.023
285.09	0.016
285.46	-0.177
285.83	0.126
286.21	0.17
286.58	0.335
286.95	0.362
287.32	0.385
287.7	0.23
288.07	0.067
288.44	0.099
288.81	0.193
289.18	0.215
289.56	0.453
289.93	0.286
290.3	0.473
290.67	0.399
291.05	0.404
291.42	0.366
291.79	0.377
292.16	0.369
292.53	0.173
292.91	0.229
293.28	0.164
293.65	-0.004
294.02	-0.021
294.39	-0.158
294.76	-0.128
295.14	0.017
295.51	-0.135
295.88	-0.168
296.25	-0.138
296.62	-0.114
297	-0.105
297.37	-0.197
297.74	-0.108
298.11	-0.135
298.48	-0.163
298.85	-0.123
299.22	-0.412
299.6	-0.431
299.97	-0.202
300.34	-0.133
300.71	-0.159
301.08	-0.141
301.45	-0.165
301.82	-0.037
302.19	0.043
302.56	-0.07
302.94	-0.192
303.31	-0.074
303.68	0.18
304.05	0.145
304.42	-0.016
304.79	0.079
305.16	0.157
305.53	0.16
305.9	-0.08
306.27	-0.122
306.64	0.024
307.02	0.047
307.39	0.226
307.76	0.038
308.13	0.02
308.5	0.167
308.87	0.331
309.24	0.088
309.61	0.075
309.98	0.035
310.35	0.129
310.72	0.103
311.09	0.019
311.46	-0.2
311.83	-0.181
312.2	-0.186
312.57	-0.275
312.94	-0.43
313.31	-0.224
313.68	-0.226
314.05	-0.179
314.42	-0.163
314.79	-0.168
315.16	-0.005
315.53	-0.04
315.9	0.066
316.27	0.066
316.64	-0.047
317.01	-0.022
317.38	-0.234
317.75	0.007
318.12	0.11
318.49	0.033
318.86	-0.114
319.23	-0.303
319.6	-0.207
319.97	-0.237
320.34	-0.281
320.71	-0.134
321.08	-0.24
321.45	-0.298
321.82	-0.613
322.19	-0.67
322.55	-0.758
322.92	-0.574
323.29	-0.616
323.66	-0.481
324.03	-0.654
324.4	-0.41
324.77	-0.48
325.14	-0.22
325.51	0.141
325.88	0.566
326.25	0.612
326.61	0.954
326.98	1.226
327.35	1.69
327.72	1.982
328.09	2.29
328.46	2.286
328.83	2.711
329.2	2.896
329.56	3.075
329.93	3.116
330.3	3.539
330.67	3.676
331.04	3.812
331.41	4.027
331.78	4.1
332.14	4.329
332.51	4.627
332.88	4.72
333.25	4.891
333.62	5.174
333.99	5.323
334.35	5.41
334.72	5.607
335.09	5.716
335.46	5.795
335.83	6.072
336.19	6.344
336.56	6.501
336.93	6.764
337.3	6.917
337.67	6.94
338.03	7.269
338.4	7.483
338.77	7.689
339.14	7.951
339.5	8.081
339.87	7.99
340.24	8.016
340.61	7.977
340.97	7.953
341.34	8.07
341.71	8.303
342.08	8.401
342.44	8.463
342.81	8.424
343.18	8.451
343.55	8.59
343.91	8.794
344.28	8.874
344.65	9.13
345.02	9.276
345.38	9.267
345.75	9.21
346.12	9.086
346.48	9.162
346.85	9.16
347.22	9.198
347.59	9.142
347.95	9.107
348.32	9.12
348.69	9.057
349.05	9.228
349.42	9.227
349.79	9.221
350.15	9.209
350.52	9.272
350.89	9.584
351.25	9.515
351.62	9.547
351.99	9.521
352.35	9.645
352.72	9.553
353.09	9.512
353.45	9.617
353.82	9.564
354.18	9.751
354.55	9.765
354.92	9.587
355.28	9.572
355.65	9.772
356.02	9.769
356.38	9.806
356.75	9.848
357.11	9.808
357.48	9.816
357.85	9.905
358.21	9.916
358.58	9.868
358.94	9.797
359.31	9.813
359.67	9.654
360.04	9.586
360.41	9.441
360.77	9.444
361.14	9.408
361.5	9.33
361.87	9.214
362.23	9.093
362.6	9.096
362.97	9.16
363.33	9.088
363.7	9.131
364.06	9.319
364.43	9.376
364.79	9.274
365.16	9.217
365.52	9.286
365.89	9.415
366.25	9.51
366.62	9.402
366.98	9.321
367.35	9.37
367.71	9.386
368.08	9.341
368.44	9.316
368.81	9.483
369.17	9.541
369.54	9.562
369.9	9.616
370.27	9.649
370.63	9.778
371	9.882
371.36	9.921
371.73	9.891
372.09	9.954
372.45	10.101
372.82	10.08
373.18	10.188
373.55	10.165
373.91	10.233
374.28	10.293
374.64	10.288
375.01	10.202
375.37	10.403
375.73	10.486
376.1	10.414
376.46	10.374
376.83	10.4
377.19	10.363
377.55	10.448
377.92	10.488
378.28	10.505
378.65	10.485
379.01	10.627
379.37	10.567
379.74	10.586
380.1	10.703
380.47	10.692
380.83	10.833
381.19	10.867
381.56	10.807
381.92	10.777
382.28	10.754
382.65	10.922
383.01	10.933
383.37	11.007
383.74	10.993
384.1	11.049
384.46	11.277
384.83	11.342
385.19	11.366
385.55	11.522
385.92	11.605
386.28	11.585
386.64	11.537
387.01	11.664
387.37	11.62
387.73	11.649
388.1	11.736
388.46	11.697
388.82	11.743
389.18	11.86
389.55	11.935
389.91	12.049
390.27	12.239
390.64	12.328
391	12.384
391.36	12.486
391.72	12.604
392.09	12.597
392.45	12.713
392.81	12.743
393.17	12.785
393.54	12.783
393.9	12.758
394.26	12.767
394.62	12.975
394.99	12.985
395.35	13.087
395.71	13.071
396.07	13.1
396.43	13.071
396.8	13.084
397.16	13.071
397.52	13.129
397.88	13.228
398.24	13.269
398.61	13.23
398.97	13.313
399.33	13.395
399.69	13.545
400.05	13.647
400.42	13.725
400.78	13.772
401.14	13.901
401.5	13.943
401.86	13.876
402.22	13.921
402.59	13.952
402.95	14.033
403.31	14.057
403.67	14.054
404.03	14.05
404.39	14.133
404.75	14.222
405.12	14.277
405.48	14.383
405.84	14.497
406.2	14.705
406.56	14.834
406.92	14.719
407.28	14.699
407.64	14.819
408	15.043
408.36	15.092
408.73	15.118
409.09	15.074
409.45	15.074
409.81	15.174
410.17	15.079
410.53	14.994
410.89	15.209
411.25	15.33
411.61	15.386
411.97	15.297
412.33	15.399
412.69	15.469
413.05	15.612
413.41	15.699
413.77	15.75
414.13	15.865
414.5	15.939
414.86	15.987
415.22	16.003
415.58	16.071
415.94	16.117
416.3	16.09
416.66	16.147
417.02	16.172
417.38	16.263
417.74	16.285
418.1	16.326
418.46	16.288
418.82	16.291
419.18	16.35
419.54	16.348
419.9	16.328
420.26	16.401
420.61	16.421
420.97	16.531
421.33	16.573
421.69	16.616
422.05	16.612
422.41	16.784
422.77	16.896
423.13	16.931
423.49	16.974
423.85	17.153
424.21	17.142
424.57	17.247
424.93	17.254
425.29	17.201
425.65	17.24
426.01	17.353
426.36	17.342
426.72	17.289
427.08	17.318
427.44	17.287
427.8	17.223
428.16	17.305
428.52	17.313
428.88	17.404
429.24	17.509
429.59	17.503
429.95	17.515
430.31	17.606
430.67	17.7
431.03	17.773
431.39	17.933
431.75	17.965
432.1	18.075
432.46	18.13
432.82	18.078
433.18	18.155
433.54	18.263
433.9	18.278
434.25	18.285
434.61	18.364
434.97	18.395
435.33	18.416
435.69	18.606
436.04	18.615
436.4	18.696
436.76	18.796
437.12	18.867
437.48	18.914
437.83	19.075
438.19	19.014
438.55	19.072
438.91	19.079
439.27	19.16
439.62	19.06
439.98	19.049
440.34	19.026
440.7	19.066
441.05	19.089
441.41	19.14
441.77	19.135
442.13	19.213
442.48	19.262
442.84	19.372
443.2	19.311
443.56	19.427
443.91	19.476
444.27	19.436
444.63	19.455
444.98	19.494
445.34	19.494
445.7	19.524
446.05	19.651
446.41	19.618
446.77	19.597
447.13	19.728
447.48	19.738
447.84	19.797
448.2	19.942
448.55	20.011
448.91	19.968
449.27	20.015
449.62	19.977
449.98	20.001
450.34	20.064
450.69	20.122
451.05	20.091
451.4	20.162
451.76	20.203
452.12	20.175
452.47	20.228
452.83	20.354
453.19	20.346
453.54	20.416
453.9	20.336
454.25	20.506
454.61	20.561
454.97	20.601
455.32	20.585
455.68	20.573
456.03	20.638
456.39	20.561
456.75	20.488
457.1	20.561
457.46	20.581
457.81	20.667
458.17	20.491
458.52	20.509
458.88	20.524
459.24	20.553
459.59	20.668
459.95	20.719
460.3	20.792
460.66	20.911
461.01	20.928
461.37	20.975
461.72	21.035
462.08	21.15
462.43	21.199
462.79	21.321
463.14	21.415
463.5	21.351
463.85	21.398
464.21	21.411
464.56	21.391
464.92	21.406
465.27	21.427
465.63	21.426
465.98	21.381
466.34	21.406
466.69	21.358
467.05	21.284
467.4	21.38
467.76	21.281
468.11	21.326
468.47	21.363
468.82	21.428
469.18	21.343
469.53	21.394
469.88	21.419
470.24	21.418
470.59	21.432
470.95	21.505
471.3	21.465
471.66	21.607
472.01	21.608
472.36	21.604
472.72	21.619
473.07	21.717
473.43	21.71
473.78	21.811
474.13	21.907
474.49	21.889
474.84	21.915
475.19	21.93
475.55	21.882
475.9	21.89
476.26	21.944
476.61	21.929
476.96	21.928
477.32	22.005
477.67	21.982
478.02	21.957
478.38	21.974
478.73	21.969
479.08	21.897
479.44	21.921
479.79	21.935
480.14	21.942
480.5	21.921
480.85	21.927
481.2	21.873
481.56	21.86
481.91	21.886
482.26	21.956
482.62	22.018
482.97	22.143
483.32	22.194
483.67	22.23
484.03	22.26
484.38	22.307
484.73	22.359
485.08	22.363
485.44	22.391
485.79	22.466
486.14	22.488
486.49	22.499
486.85	22.491
487.2	22.477
487.55	22.479
487.9	22.485
488.26	22.494
488.61	22.491
488.96	22.51
489.31	22.551
489.67	22.475
490.02	22.514
490.37	22.55
490.72	22.582
491.07	22.627
491.43	22.649
491.78	22.679
492.13	22.74
492.48	22.783
492.83	22.85
493.19	22.912
493.54	22.986
493.89	23.018
494.24	23.053
494.59	23.09
494.94	23.095
495.29	23.173
495.65	23.204
496	23.19
496.35	23.193
496.7	23.278
497.05	23.295
497.4	23.325
497.75	23.363
498.11	23.347
498.46	23.277
498.81	23.309
499.16	23.347
499.51	23.355
499.86	23.463
500.21	23.522
500.56	23.531
500.91	23.625
501.26	23.72
501.62	23.751
501.97	23.855
502.32	23.972
502.67	24.049
503.02	24.077
503.37	24.154
503.72	24.085
504.07	24.119
504.42	24.135
504.77	24.188
505.12	24.231
505.47	24.292
505.82	24.321
506.17	24.327
506.52	24.279
506.87	24.213
507.22	24.204
507.57	24.269
507.92	24.251
508.27	24.264
508.62	24.285
508.97	24.277
509.32	24.308
509.67	24.298
510.02	24.397
510.37	24.524
510.72	24.634
511.07	24.667
511.42	24.734
511.77	24.821
512.12	24.931
512.47	24.973
512.82	25.036
513.17	25.037
513.52	25.128
513.87	25.125
514.22	25.149
514.57	25.202
514.91	25.29
515.26	25.268
515.61	25.295
515.96	25.198
516.31	25.213
516.66	25.337
517.01	25.427
517.36	25.44
517.71	25.463
518.06	25.527
518.41	25.575
518.75	25.535
519.1	25.606
519.45	25.633
519.8	25.761
520.15	25.759
520.5	25.704
520.85	25.771
521.19	25.779
521.54	25.816
521.89	25.827
522.24	25.775
522.59	25.812
522.94	25.881
523.28	25.943
523.63	25.958
523.98	26.054
524.33	26.101
524.68	26.083
525.03	26.162
525.37	26.139
525.72	26.125
526.07	26.175
526.42	26.184
526.76	26.161
527.11	26.225
527.46	26.352
527.81	26.387
528.16	26.413
528.5	26.43
528.85	26.442
529.2	26.511
529.55	26.585
529.89	26.59
530.24	26.669
530.59	26.737
530.94	26.681
531.28	26.588
531.63	26.55
531.98	26.582
532.32	26.637
532.67	26.69
533.02	26.7
533.37	26.692
533.71	26.781
534.06	26.856
534.41	26.805
534.75	26.862
535.1	26.964
535.45	26.971
535.79	27.035
536.14	27.037
536.49	26.985
536.83	27.024
537.18	27.047
537.53	27.055
537.87	27.046
538.22	27.196
538.57	27.231
538.91	27.114
539.26	27.192
539.61	27.21
539.95	27.237
540.3	27.335
540.64	27.342
540.99	27.377
541.34	27.424
541.68	27.426
542.03	27.394
542.37	27.483
542.72	27.597
543.07	27.607
543.41	27.59
543.76	27.59
544.1	27.574
544.45	27.619
544.8	27.612
545.14	27.515
545.49	27.553
545.83	27.625
546.18	27.61
546.52	27.611
546.87	27.668
547.21	27.757
547.56	27.831
547.9	27.865
548.25	27.926
548.59	28.015
548.94	28.222
549.29	28.27
549.63	28.32
549.98	28.398
550.32	28.396
550.67	28.412
551.01	28.445
551.35	28.506
551.7	28.607
552.04	28.668
552.39	28.655
552.73	28.715
553.08	28.744
553.42	28.748
553.77	28.693
554.11	28.775
554.46	28.774
554.8	28.73
555.15	28.709
555.49	28.677
555.83	28.684
556.18	28.658
556.52	28.535
556.87	28.559
557.21	28.664
557.56	28.715
557.9	28.752
558.24	28.846
558.59	28.89
558.93	28.922
559.28	28.999
559.62	28.919
559.96	28.991
560.31	29.016
560.65	29.016
560.99	28.935
561.34	29.039
561.68	29.097
562.02	29.144
562.37	29.163
562.71	29.166
563.06	29.09
563.4	29.136
563.74	29.192
564.09	29.288
564.43	29.311
564.77	29.34
565.11	29.271
565.46	29.292
565.8	29.333
566.14	29.381
566.49	29.451
566.83	29.549
567.17	29.686
567.52	29.661
567.86	29.604
568.2	29.669
568.54	29.731
568.89	29.778
569.23	29.73
569.57	29.682
569.91	29.721
570.26	29.821
570.6	29.845
570.94	29.785
571.28	29.828
571.63	29.867
571.97	29.826
572.31	29.91
572.65	29.969
573	30.027
573.34	30.126
573.68	30.168
574.02	30.118
574.36	30.108
574.71	30.093
575.05	30.131
575.39	30.2
575.73	30.255
576.07	30.179
576.42	30.202
576.76	30.23
577.1	30.214
577.44	30.144
577.78	30.16
578.12	30.249
578.46	30.335
578.81	30.33
579.15	30.326
579.49	30.381
579.83	30.309
580.17	30.379
580.51	30.366
580.85	30.341
581.2	30.476
581.54	30.522
581.88	30.406
582.22	30.422
582.56	30.475
582.9	30.558
583.24	30.601
583.58	30.783
583.92	30.669
584.26	30.791
584.6	30.878
584.95	30.831
585.29	30.862
585.63	31.008
585.97	31.05
586.31	31.084
586.65	31.002
586.99	30.949
587.33	30.842
587.67	30.863
588.01	30.709
588.35	30.699
588.69	30.65
589.03	30.605
589.37	30.531
589.71	30.488
590.05	30.467
590.39	30.511
590.73	30.542
591.07	30.675
591.41	30.764
591.75	30.921
592.09	30.897
592.43	31.009
592.77	30.959
593.11	31.083
593.45	31.192
593.79	31.231
594.13	31.296
594.47	31.352
594.81	31.291
595.14	31.281
595.48	31.348
595.82	31.44
596.16	31.458
596.5	31.539
596.84	31.501
597.18	31.497
597.52	31.556
597.86	31.578
598.2	31.584
598.54	31.65
598.87	31.697
599.21	31.597
599.55	31.544
599.89	31.482
600.23	31.467
600.57	31.447
600.91	31.411
601.25	31.475
601.58	31.461
601.92	31.501
602.26	31.54
602.6	31.556
602.94	31.65
603.28	31.687
603.61	31.811
603.95	31.86
604.29	31.887
604.63	31.867
604.97	31.829
605.3	31.856
605.64	31.901
605.98	31.868
606.32	31.92
606.66	31.924
606.99	31.947
607.33	31.914
607.67	31.959
608.01	31.968
608.34	32.021
608.68	31.932
609.02	31.942
609.36	31.856
609.69	31.889
610.03	31.825
610.37	31.74
610.71	31.729
611.04	31.684
611.38	31.675
611.72	31.723
612.06	31.83
612.39	31.953
612.73	32.002
613.07	32.146
613.4	32.072
613.74	32.212
614.08	32.343
614.41	32.367
614.75	32.401
615.09	32.475
615.42	32.551
615.76	32.511
616.1	32.502
616.43	32.591
616.77	32.632
617.11	32.744
617.44	32.739
617.78	32.744
618.12	32.977
618.45	33.093
618.79	33.107
619.13	33.101
619.46	33.136
619.8	33.201
620.13	33.163
620.47	33.07
620.81	33.075
621.14	33.051
621.48	33.055
621.81	32.944
622.15	32.939
622.48	33.014
622.82	33.008
623.16	33.029
623.49	32.967
623.83	33.009
624.16	33.05
624.5	33.196
624.83	33.267
625.17	33.285
625.5	33.282
625.84	33.316
626.18	33.265
626.51	33.289
626.85	33.322
627.18	33.406
627.52	33.422
627.85	33.419
628.19	33.394
628.52	33.389
628.86	33.319
629.19	33.319
629.53	33.271
629.86	33.262
630.19	33.395
630.53	33.367
630.86	33.483
631.2	33.502
631.53	33.557
631.87	33.639
632.2	33.568
632.54	33.666
632.87	33.842
633.2	33.966
633.54	34.074
633.87	34.055
634.21	34.049
634.54	34.151
634.88	34.184
635.21	34.238
635.54	34.259
635.88	34.385
636.21	34.531
636.55	34.473
636.88	34.354
637.21	34.482
637.55	34.418
637.88	34.357
638.21	34.048
638.55	34.019
638.88	34.087
639.21	33.988
639.55	34.048
639.88	34.017
640.21	34.001
640.55	34.098
640.88	33.921
641.21	33.823
641.55	34.047
641.88	34.236
642.21	34.204
642.55	34.003
642.88	34.201
643.21	34.103
643.55	34.131
643.88	34.035
644.21	34.008
644.54	34.046
644.88	34.32
645.21	34.14
645.54	34.139
645.87	34.1
646.21	34.22
646.54	34.082
646.87	34.146
647.2	34.173
647.54	34.096
647.87	34.053
648.2	34.2
648.53	34.09
648.87	34.188
649.2	34.171
649.53	34.352
649.86	34.54
650.19	34.66
650.53	34.675
650.86	34.671
651.19	34.801
651.52	34.905
651.85	34.783
652.18	34.79
652.52	34.905
652.85	34.904
653.18	34.906
653.51	34.741
653.84	34.698
654.17	34.603
654.51	34.689
654.84	34.729
655.17	34.753
655.5	34.776
655.83	34.955
656.16	34.806
656.49	34.857
656.82	34.823
657.15	35.042
657.49	34.969
657.82	35.012
658.15	35.008
658.48	35.014
658.81	35.012
659.14	34.997
659.47	34.776
659.8	34.736
660.13	34.634
660.46	34.579
660.79	34.395
661.12	34.373
661.45	34.441
661.78	34.397
662.11	34.4
662.44	34.328
662.77	34.351
663.1	34.401
663.43	34.49
663.76	34.656
664.09	34.601
664.42	34.43
664.75	34.502
665.08	34.372
665.41	34.2
665.74	34.048
666.07	33.999
666.4	33.865
666.73	33.891
667.06	34.014
667.39	33.981
667.72	34.157
668.05	34.271
668.38	34.151
668.71	34.177
669.04	34.149
669.37	34.397
669.7	34.459
670.03	34.435
670.36	34.416
670.69	34.322
671.01	34.41
671.34	34.451
671.67	34.352
672	34.277
672.33	34.221
672.66	34.242
672.99	34.048
673.32	34.133
673.64	34.05
673.97	33.988
674.3	34.093
674.63	33.824
674.96	33.443
675.29	33.458
675.62	33.439
675.94	33.407
676.27	33.396
676.6	33.457
676.93	33.185
677.26	33.222
677.58	33.181
677.91	33.217
678.24	33.023
678.57	33.084
678.9	33.24
679.22	33.214
679.55	33.112
679.88	32.998
680.21	32.882
680.54	33.049
680.86	33.054
681.19	33.07
681.52	32.612
681.85	32.615
682.17	32.647
682.5	32.328
682.83	32.45
683.16	32.441
683.48	32.596
683.81	32.611
684.14	32.589
684.46	32.466
684.79	32.279
685.12	32.509
685.45	32.602
685.77	32.343
686.1	32.41
686.43	32.138
686.75	31.94
687.08	31.72
687.41	31.482
687.73	31.186
688.06	31.129
688.39	30.964
688.71	30.875
689.04	30.862
689.36	31.009
689.69	31.024
690.02	31.033
690.34	30.908
690.67	30.722
691	30.634
691.32	30.592
691.65	30.488
691.97	30.27
692.3	30.062
692.63	30.061
692.95	29.88
693.28	29.566
693.6	29.509
693.93	29.374
694.26	29.11
694.58	28.891
694.91	28.626
695.23	28.267
695.56	28.162
695.88	28.063
696.21	27.703
696.53	27.177
696.86	26.878
697.18	26.341
697.51	26.377
697.83	26.472
698.16	26.648
698.48	26.561
698.81	26.522
699.13	26.621
699.46	26.529
699.78	26.454
700.11	26.47
700.43	26.389
700.76	26.589
701.08	26.292
701.41	26.323
701.73	26.175
702.06	25.9
702.38	26.018
702.71	25.71
703.03	25.408
703.35	25.169
703.68	25.122
704	25.102
704.33	24.726
704.65	25.303
704.98	24.769
705.3	24.306
705.62	24.702
705.95	24.472
706.27	24.293
706.6	24.188
706.92	24.165
707.24	23.48
707.57	23.256
707.89	23.583
708.21	22.638
708.54	22.63
708.86	22.903
709.18	22.326
709.51	22.08
709.83	21.589
710.15	21.371
710.48	20.769
710.8	20.92
711.12	20.787
711.45	20.179
711.77	20.215
712.09	20.081
712.42	19.181
712.74	19.023
713.06	18.513
713.38	18.673
713.71	18.057
714.03	18.1
714.35	18.12
714.68	17.992
715	18.363
715.32	17.992
715.64	17.625
715.97	18.004
716.29	17.93
716.61	17.992
716.93	17.63
717.25	17.874
717.58	17.664
717.9	17.126
718.22	16.704
718.54	15.823
718.87	15.906
719.19	15.532
719.51	15.257
719.83	15.033
720.15	14.852
720.47	15.189
720.8	14.585
721.12	13.871
721.44	14.242
721.76	13.73
722.08	13.89
722.4	13.514
722.73	13.673
723.05	13.619
723.37	13.189
723.69	13.093
724.01	12.882
724.33	13.421
724.65	13.373
724.97	12.616
725.3	12.405
725.62	12.203
725.94	12.863
726.26	12.381
726.58	11.425
726.9	10.959
727.22	10.455
727.54	9.262
727.86	8.23
728.18	8.096
728.5	8.355
728.82	8.654
729.14	8.368
729.46	7.102
729.78	7.055
730.1	6.942
730.42	7.099
730.74	6.921
731.07	7.357
731.39	7.836
731.71	8.045
732.03	7.75
732.35	7.067
732.66	6.272
732.98	5.748
733.3	6.068
733.62	6.457
733.94	5.912
734.26	6.411
734.58	6.145
734.9	5.949
735.22	5.592
735.54	6.175
735.86	7.505
736.18	8.237
736.5	8.877
736.82	6.89
737.14	6.322
737.46	6.68
737.78	6.249
738.1	6.39
738.41	6.387
738.73	5.508
739.05	4.631
739.37	3.34
739.69	3.869
740.01	3.146
740.33	4.534
740.65	4.71
740.96	5.189
741.28	5.14
741.6	4.652
741.92	4.553
742.24	5.671
742.56	5.756
742.88	5.363
743.19	3.859
743.51	4.327
743.83	3.786
744.15	3.512
744.47	2.636
744.78	2.603
745.1	2.409
745.42	1.227
745.74	0.997
746.06	0.336
746.37	0.363
746.69	0.069
747.01	-0.011
747.33	-0.552
747.64	-0.817
747.96	-0.302
748.28	-0.856
748.6	-0.216
748.91	0.113
749.23	-0.247
749.55	0.022
749.87	0.595
750.18	1.278
750.5	1.66
750.82	2.655
751.13	3.298
751.45	1.741
751.77	1.966
752.08	1.754
752.4	1.804
752.72	1.332
753.03	1.467
753.35	1.603
753.67	1.101
753.98	0.378
754.3	-0.863
754.62	-1.143
754.93	0.571
755.25	0.685
755.57	0.664
755.88	0.264
756.2	0.063
756.51	-0.723
756.83	-2.032
757.15	-2.407
757.46	-2.114
757.78	-1.417
758.09	-2.084
758.41	-2.79
758.73	-4.483
759.04	-5.333
759.36	-5.408
759.67	-5.34
759.99	-5.33
760.3	-4.295
760.62	-3.386
760.94	-3.109
761.25	-3.889
761.57	-4.523
761.88	-5.521
762.2	-4.846
762.51	-3.905
762.83	-3.429
763.14	-2.833
763.46	-2.445
763.77	-2.427
764.09	-3.016
764.4	-3.343
764.72	-2.746
765.03	-2.542
765.35	-2.069
765.66	-2.158
765.98	-2.397
766.29	-3.409
766.61	-3.799
766.92	-3.095
767.23	-3.635
767.55	-3.132
767.86	-2.777
768.18	-2.536
768.49	-1.575
768.81	-1.821
769.12	-1.729
769.43	-2.926
769.75	-1.239
770.06	-0.487
770.38	-2.076
770.69	-2.426
771	-2.599
771.32	-4.25
771.63	-6.075
771.94	-7.455
772.26	-6.651
772.57	-5.334
772.89	-4.991
773.2	-5.183
773.51	-6.222
773.83	-6.616
774.14	-7.09
774.45	-8.184
774.77	-7.822
775.08	-7.201
775.39	-8.216
775.7	-9.476
776.02	-11.434
776.33	-11.382
776.64	-13.12
776.96	-12.859
777.27	-11.64
777.58	-9.644
777.89	-8.597
778.21	-7.85
778.52	-8.051
778.83	-5.903
779.14	-4.626
779.46	-5.16
779.77	-2.995
780.08	-2.614
780.39	-4.516
780.71	-4.732
781.02	-5.653
781.33	-6.953
781.64	-5.426
781.95	-3.53
782.27	-3.404
782.58	-5.219
782.89	-4.884
783.2	-6.84
783.51	-5.753
783.83	-2.712
784.14	-4.648
784.45	-4.222
784.76	-6.131
785.07	-10.418
785.38	-11.75
785.7	-12.235
786.01	-11.802
786.32	-10.807
786.63	-11.845
786.94	-13.288
787.25	-13.968
787.56	-12.125
787.87	-12.652
788.18	-10.119
788.5	-7.318
788.81	-9.349
789.12	-9.043
789.43	-8.496
789.74	-9.82
790.05	-8.384
790.36	-8.011
790.67	-9.557
790.98	-11.008
791.29	-12.671
791.6	-13.789
791.91	-14.053
792.22	-12.287
792.53	-12.841
792.84	-13.006
793.15	-9.429
793.46	-8.284
793.77	-9.438
794.08	-10.472
794.39	-11.234
794.7	-10.69
795.01	-11.941
795.32	-12.595
795.63	-13.185
795.94	-12.486
796.25	-10.891
796.56	-14.401
796.87	-16.256
797.18	-17.073
797.49	-14.709
797.8	-13.532
798.11	-14.011
798.42	-12.245
798.73	-11.3
799.04	-12.395
799.35	-11.973
799.65	-14.528
799.96	-14.056
800.27	-13.736
800.58	-9.569
800.89	-10.156
801.2	-10.382
801.51	-9.304
801.82	-7.929
802.13	-6.501
802.43	-4.653
802.74	-6.075
803.05	-3.796
803.36	-1.994
803.67	-1.878
803.98	-5.721
804.28	-4.838
804.59	-3.119
804.9	-2.51
805.21	-2.879
805.52	-5.153
805.83	-5.227
806.13	-6.33
806.44	-6.231
806.75	-6.713
807.06	-8.634
807.36	-8.462
807.67	-11.281
807.98	-13.144
808.29	-16.113
808.6	-20.122
808.9	-21.034
809.21	-21.117
809.52	-17.066
809.83	-15.911
810.13	-17.479
810.44	-18.086
810.75	-15.687
811.05	-14.681
811.36	-14.649
811.67	-12.958
811.98	-8.649
812.28	-7.33
812.59	-6.855
812.9	-11.728
813.2	-11.727
813.51	-13.473
813.82	-12.427
814.12	-11.822
814.43	-13.074
814.74	-11.791
815.04	-9.296
815.35	-11.425
815.65	-10.423
815.96	-12.142
816.27	-11.581
816.57	-14.183
816.88	-11.634
817.19	-13.516
817.49	-13.605
817.8	-14.691
818.1	-19.516
818.41	-23.536
818.72	-26.698
819.02	-29.485
819.33	-27.725
819.63	-27.68
819.94	-28.191
820.24	-28.927
820.55	-26.375
820.85	-27.178
821.16	-23.736
821.47	-20.013
821.77	-18.249
822.08	-16.591
822.38	-15.537
822.69	-15.481
822.99	-15.238
823.3	-14.838
823.6	-13.99
823.91	-14.318
824.21	-13.207
824.52	-12.282
824.82	-11.3
825.13	-11.732
825.43	-10.963
825.73	-11.784
826.04	-11.542
826.34	-10.436
826.65	-11.591
826.95	-11.519
827.26	-10.843
827.56	-11.531
827.87	-13.825
828.17	-16.092
828.47	-16.745
828.78	-17.49
829.08	-17.72
829.39	-17.077
829.69	-18.88
829.99	-18.474
830.3	-21.304
830.6	-22.007
830.9	-22.35
831.21	-21.996
831.51	-21.135
831.82	-16.371
832.12	-19.538
832.42	-17.726
832.73	-18.536
833.03	-20.404
833.33	-21.856
833.64	-21.207
833.94	-19.516
834.24	-18.44
834.54	-14.189
834.85	-14.657
835.15	-16.255
835.45	-18.196
835.76	-20.675
836.06	-23.142
836.36	-22.86
836.66	-22.346
836.97	-24.911
837.27	-26.396
837.57	-28.519
837.87	-40.363
838.18	-40.922
838.48	-38.394
838.78	-31.25
839.08	-31.585
839.39	-30.183
839.69	-29.879
839.99	-26.982
840.29	-23.081
840.59	-22.997
840.9	-24.8
841.2	-21.491
841.5	-21.353
841.8	-26.593
842.1	-23.804
842.41	-21.908
842.71	-19.481
843.01	-17.974
843.31	-20.052
843.61	-19.762
843.91	-19.657
844.21	-17.159
844.52	-16.134
844.82	-16.218
845.12	-14.387
845.42	-27.237
845.72	-29.521
846.02	-31.971
846.32	-25.501
846.62	-22.854
846.92	-16.613
847.22	-18.119
847.52	-10.537
847.83	-7.653
848.13	-8.969
848.43	-14.176
848.73	-16.446
849.03	-8.586
849.33	-7.112
849.63	-19.398
849.93	-19.839
850.23	-22.938
850.53	-21.421
850.83	-36.232
851.13	-41.133
851.43	-37.435
851.73	-33.898
852.03	-18.038
852.33	-18.951
852.63	-11.188
852.93	-4.433
853.23	0.106
853.53	-2.23
853.83	-2.381
854.13	-4.161
854.43	-5.623
854.73	-11.785
855.03	-8.35
855.32	-13.525
855.62	-11.024
855.92	-20.848
856.22	-33.107
856.52	-34.979
856.82	-39.761
857.12	-47.934
857.42	-37.386
857.72	-41.033
858.02	-34.052
858.31	-35.63
858.61	-29.698
858.91	-31.442
859.21	-34.055
859.51	-27.151
859.81	-26.5
860.11	-18.8
860.4	-13.25
860.7	-10.503
861	-5.711
861.3	-12.945
861.6	-7.758
861.9	-9.283
862.19	-12.547
862.49	-19.333
862.79	-19.591
863.09	-23.913
863.39	-43.761
863.68	-35.085
863.98	-46.552
864.28	-55.394
864.58	-58.311
864.87	-72.564
865.17	-83.042
865.47	-100
865.77	-69.175
866.06	-62.838
866.36	-65.356
866.66	-51.509
866.96	-70.146
867.25	-40.456
867.55	-24.508
867.85	-40.37
868.14	-55.654
868.44	-54.583
868.74	-67.579
869.03	-77.707
869.33	-63.25
869.63	-62.847
869.92	-70.741
870.22	-82.792
870.52	-100.207
870.81	-107.194
871.11	-61.782
871.41	-55.34
871.7	-59.571
872	-43.705
872.3	-40.518
872.59	-48.913
872.89	-40
873.18	-47.183
873.48	-33.846
873.78	-37.213
874.07	-52.167
874.37	-54.75
874.66	-45.808
874.96	-28.659
875.25	-20.982
875.55	-20.131
875.85	-11.111
876.14	-15.182
876.44	-2.786
876.73	-22.707
877.03	-19.652
877.32	-21.409
877.62	-37.109
877.91	-31.811
878.21	-50.865
878.5	-64.627
878.8	-67.368
879.09	-75.043
879.39	-86.949
879.68	-79.736
879.98	-45.816
880.27	-47.791
880.57	-40.046
880.86	-34.892
881.16	-45.661
881.45	-33.787
881.74	-32.295
882.04	-31.388
882.33	-34.894
882.63	-34.491
882.92	-32.072
883.22	-33.995
883.51	-33.925
883.8	-32.052
884.1	-29.769
884.39	-26.603
884.69	-29.743
884.98	-32.245
885.27	-31.337
885.57	-23.804
885.86	-26.09
886.15	-24.611
886.45	-21.73
886.74	-17.424
887.03	-19.598
887.33	-18.692
887.62	-4.102
887.91	33.333
888.21	0
888.5	4.762
888.79	-20.27
889.09	95.455
