190.56	87.5
190.94	87.5
191.32	87.5
191.7	1500
192.08	-103.226
192.46	326
192.84	-315.385
193.22	147.368
193.6	65.306
193.98	80.556
194.36	103.922
194.74	50.658
195.13	7.634
195.51	51.55
195.89	41.848
196.27	49.618
196.65	75.655
197.03	63.415
197.4	21.531
197.78	70.5
198.16	69.091
198.54	62.132
198.92	81.525
199.3	66.75
199.68	56.667
200.06	52.371
200.44	54.545
200.82	55.615
201.2	45.61
201.58	24.268
201.96	11.359
202.34	8.853
202.72	10
203.1	14.483
203.48	9.828
203.86	10.826
204.24	6.27
204.62	-16.522
205	-12.027
205.38	-29.811
205.76	8.207
206.13	-7.907
206.51	5.682
206.89	-7.812
207.27	-2.5
207.65	-11.401
208.03	-11.584
208.41	-10.048
208.79	-2.083
209.17	-15.134
209.55	-28.958
209.93	-44.845
210.3	-37.528
210.68	-38.646
211.06	-49.502
211.44	-47.722
211.82	-33.853
212.2	-32.507
212.58	-35.174
212.96	-65.164
213.33	-42.857
213.71	-5.344
214.09	-9.034
214.47	-6.818
214.85	6.748
215.23	22.554
215.61	19.048
215.98	17.631
216.36	11.399
216.74	9.356
217.12	3.818
217.5	4.531
217.88	5.718
218.25	2.778
218.63	-1.843
219.01	-11.898
219.39	-23.342
219.77	-17.831
220.14	-11.765
220.52	-8.844
220.9	-0.115
221.28	10.532
221.66	10.485
222.03	13.376
222.41	19.13
222.79	20.2
223.17	24.474
223.55	29.758
223.92	19.456
224.3	12.853
224.68	8.353
225.06	5.892
225.43	1.889
225.81	2.962
226.19	1.263
226.57	0.71
226.95	0
227.32	-0.795
227.7	-0.69
228.08	2.461
228.46	2.599
228.83	3.638
229.21	2.71
229.59	2.329
229.96	2.235
230.34	1.4
230.72	0.716
231.1	0.529
231.47	-0.751
231.85	-0.088
232.23	-1.741
232.6	-2.083
232.98	-3.402
233.36	-2.235
233.74	-1.621
234.11	-2.171
234.49	-0.821
234.87	-0.197
235.24	-0.078
235.62	0.971
236	-0.798
236.37	0.959
236.75	1.407
237.13	2.03
237.5	0.821
237.88	1.376
238.26	1.617
238.63	1.26
239.01	1.721
239.39	1.444
239.76	1.235
240.14	2.065
240.52	1.753
240.89	1.935
241.27	1.79
241.65	1.933
242.02	2.312
242.4	2.706
242.77	2.552
243.15	2.599
243.53	2.49
243.9	2.985
244.28	2.372
244.66	1.919
245.03	2.026
245.41	2.064
245.78	2.259
246.16	1.89
246.54	1.685
246.91	2.002
247.29	1.933
247.66	2.028
248.04	1.338
248.41	1.562
248.79	1.815
249.17	1.865
249.54	1.864
249.92	1.496
250.29	1.708
250.67	1.342
251.04	0.542
251.42	0.346
251.8	0.201
252.17	0.962
252.55	0.832
252.92	0.57
253.3	-0.089
253.67	-0.077
254.05	0.551
254.42	0.169
254.8	0.606
255.17	0.992
255.55	1.522
255.92	1.526
256.3	1.095
256.67	1.737
257.05	1.694
257.42	1.834
257.8	1.697
258.17	1.548
258.55	1.49
258.92	1.205
259.3	1.093
259.67	1.132
260.05	1.407
260.42	1.477
260.8	1.246
261.17	1.341
261.55	1.7
261.92	1.739
262.3	1.703
262.67	1.863
263.05	2.199
263.42	2.627
263.79	2.216
264.17	2.154
264.54	2.389
264.92	2.726
265.29	2.774
265.67	2.185
266.04	2.131
266.42	2.226
266.79	2.336
267.16	2.229
267.54	1.891
267.91	1.685
268.29	1.428
268.66	1.298
269.03	1.202
269.41	0.931
269.78	1.204
270.16	1.22
270.53	0.942
270.9	0.846
271.28	0.915
271.65	1.003
272.03	1.209
272.4	1.244
272.77	1.232
273.15	1.077
273.52	1.246
273.89	1.069
274.27	0.929
274.64	0.953
275.01	1.014
275.39	0.732
275.76	0.728
276.14	0.61
276.51	0.747
276.88	0.676
277.26	0.772
277.63	0.846
278	1.062
278.38	1.041
278.75	1.129
279.12	1.081
279.49	1.297
279.87	1.137
280.24	1.372
280.61	1.267
280.99	1.291
281.36	1.421
281.73	1.208
282.11	0.852
282.48	0.78
282.85	0.932
283.22	0.97
283.6	0.91
283.97	1.196
284.34	1.197
284.71	1.311
285.09	1.346
285.46	1.196
285.83	1.323
286.21	1.359
286.58	1.674
286.95	1.608
287.32	1.542
287.7	1.646
288.07	1.54
288.44	1.469
288.81	1.625
289.18	1.764
289.56	1.655
289.93	1.69
290.3	1.841
290.67	1.8
291.05	1.855
291.42	1.758
291.79	1.818
292.16	2.128
292.53	2.261
292.91	2.131
293.28	2.095
293.65	2.267
294.02	2.114
294.39	2.123
294.76	2.063
295.14	2.045
295.51	2.208
295.88	2.273
296.25	2.098
296.62	2.053
297	2.118
297.37	2.07
297.74	2.105
298.11	2.178
298.48	2.295
298.85	2.313
299.22	2.279
299.6	2.175
299.97	2.222
300.34	2.071
300.71	2.092
301.08	2.023
301.45	2.124
301.82	2.115
302.19	2.079
302.56	1.929
302.94	1.886
303.31	1.931
303.68	1.926
304.05	1.859
304.42	1.956
304.79	1.906
305.16	1.877
305.53	1.758
305.9	1.764
306.27	1.829
306.64	2.019
307.02	1.898
307.39	1.848
307.76	2.147
308.13	1.97
308.5	2.233
308.87	2.182
309.24	2.295
309.61	2.306
309.98	2.231
310.35	2.323
310.72	2.325
311.09	2.608
311.46	2.705
311.83	2.576
312.2	2.494
312.57	2.437
312.94	2.338
313.31	2.171
313.68	2.213
314.05	2.23
314.42	2.14
314.79	2.01
315.16	2.054
315.53	1.979
315.9	1.999
316.27	2.149
316.64	2.039
317.01	2.409
317.38	2.552
317.75	2.506
318.12	2.487
318.49	2.53
318.86	2.785
319.23	2.831
319.6	3.004
319.97	2.966
320.34	3.161
320.71	3.199
321.08	3.133
321.45	3.358
321.82	3.485
322.19	3.67
322.55	3.767
322.92	3.732
323.29	3.749
323.66	3.584
324.03	3.691
324.4	3.604
324.77	3.646
325.14	3.638
325.51	3.506
325.88	3.673
326.25	3.698
326.61	3.886
326.98	4.039
327.35	4.14
327.72	4.626
328.09	4.725
328.46	4.9
328.83	5.056
329.2	5.351
329.56	5.747
329.93	5.789
330.3	5.969
330.67	6.016
331.04	6.171
331.41	6.319
331.78	6.335
332.14	6.421
332.51	6.698
332.88	6.936
333.25	7.064
333.62	7.279
333.99	7.517
334.35	7.746
334.72	7.836
335.09	8.024
335.46	8.165
335.83	8.33
336.19	8.529
336.56	8.615
336.93	8.627
337.3	8.801
337.67	8.854
338.03	9.049
338.4	9.023
338.77	9.169
339.14	9.229
339.5	9.335
339.87	9.282
340.24	9.511
340.61	9.63
340.97	9.807
341.34	9.747
341.71	9.662
342.08	9.657
342.44	9.859
342.81	10.102
343.18	10.144
343.55	10.263
343.91	10.422
344.28	10.517
344.65	10.487
345.02	10.555
345.38	10.62
345.75	10.805
346.12	10.93
346.48	10.89
346.85	10.899
347.22	10.835
347.59	10.852
347.95	10.99
348.32	10.859
348.69	10.908
349.05	10.878
349.42	10.921
349.79	10.861
350.15	10.754
350.52	10.989
350.89	10.935
351.25	11.01
351.62	11.021
351.99	10.839
352.35	10.774
352.72	10.734
353.09	10.922
353.45	10.93
353.82	10.949
354.18	11.003
354.55	10.83
354.92	10.819
355.28	10.747
355.65	10.555
356.02	10.64
356.38	10.683
356.75	10.559
357.11	10.357
357.48	10.284
357.85	10.205
358.21	10.17
358.58	10.094
358.94	10.094
359.31	10.063
359.67	10.11
360.04	10.007
360.41	9.983
360.77	10.133
361.14	10.133
361.5	10.162
361.87	10.125
362.23	10.076
362.6	10.142
362.97	10.183
363.33	10.238
363.7	10.29
364.06	10.28
364.43	10.286
364.79	10.257
365.16	10.358
365.52	10.339
365.89	10.402
366.25	10.454
366.62	10.488
366.98	10.532
367.35	10.536
367.71	10.5
368.08	10.545
368.44	10.541
368.81	10.523
369.17	10.597
369.54	10.675
369.9	10.745
370.27	10.797
370.63	10.739
371	10.608
371.36	10.592
371.73	10.511
372.09	10.647
372.45	10.762
372.82	10.605
373.18	10.418
373.55	10.33
373.91	10.277
374.28	10.173
374.64	10.255
375.01	10.29
375.37	10.249
375.73	10.416
376.1	10.317
376.46	10.33
376.83	10.493
377.19	10.516
377.55	10.641
377.92	10.814
378.28	10.899
378.65	10.908
379.01	10.919
379.37	11.062
379.74	11.167
380.1	11.306
380.47	11.302
380.83	11.32
381.19	11.404
381.56	11.4
381.92	11.327
382.28	11.376
382.65	11.421
383.01	11.43
383.37	11.592
383.74	11.647
384.1	11.616
384.46	11.738
384.83	11.874
385.19	11.985
385.55	12.091
385.92	12.148
386.28	12.26
386.64	12.336
387.01	12.46
387.37	12.41
387.73	12.374
388.1	12.537
388.46	12.508
388.82	12.459
389.18	12.527
389.55	12.587
389.91	12.662
390.27	12.579
390.64	12.662
391	12.634
391.36	12.68
391.72	12.649
392.09	12.626
392.45	12.791
392.81	12.737
393.17	12.686
393.54	12.802
393.9	12.759
394.26	12.904
394.62	12.848
394.99	12.923
395.35	12.882
395.71	12.927
396.07	12.946
396.43	12.779
396.8	13.016
397.16	13.095
397.52	12.936
397.88	12.981
398.24	12.975
398.61	12.965
398.97	13.019
399.33	13.046
399.69	13.175
400.05	13.283
400.42	13.444
400.78	13.349
401.14	13.324
401.5	13.361
401.86	13.414
402.22	13.572
402.59	13.648
402.95	13.68
403.31	13.845
403.67	13.845
404.03	13.828
404.39	13.784
404.75	13.863
405.12	13.983
405.48	14.059
405.84	14.125
406.2	14.095
406.56	14.283
406.92	14.303
407.28	14.3
407.64	14.414
408	14.44
408.36	14.566
408.73	14.716
409.09	14.808
409.45	14.878
409.81	14.862
410.17	14.974
410.53	14.919
410.89	15.055
411.25	15.083
411.61	15.1
411.97	15.149
412.33	15.159
412.69	15.114
413.05	15.041
413.41	15.15
413.77	15.353
414.13	15.237
414.5	15.291
414.86	15.287
415.22	15.371
415.58	15.361
415.94	15.438
416.3	15.43
416.66	15.509
417.02	15.593
417.38	15.547
417.74	15.529
418.1	15.581
418.46	15.588
418.82	15.617
419.18	15.606
419.54	15.717
419.9	15.74
420.26	15.816
420.61	15.823
420.97	15.868
421.33	15.868
421.69	15.877
422.05	15.939
422.41	15.898
422.77	15.911
423.13	15.909
423.49	15.861
423.85	15.893
424.21	15.9
424.57	15.881
424.93	15.84
425.29	15.921
425.65	15.927
426.01	15.968
426.36	16.083
426.72	16.193
427.08	16.365
427.44	16.463
427.8	16.533
428.16	16.574
428.52	16.627
428.88	16.704
429.24	16.742
429.59	16.816
429.95	16.767
430.31	16.796
430.67	16.731
431.03	16.631
431.39	16.647
431.75	16.631
432.1	16.656
432.46	16.695
432.82	16.715
433.18	16.73
433.54	16.749
433.9	16.806
434.25	16.862
434.61	16.856
434.97	16.888
435.33	16.89
435.69	16.914
436.04	16.929
436.4	16.976
436.76	17.026
437.12	17.031
437.48	17.108
437.83	17.17
438.19	17.218
438.55	17.27
438.91	17.251
439.27	17.245
439.62	17.257
439.98	17.276
440.34	17.249
440.7	17.284
441.05	17.256
441.41	17.15
441.77	17.085
442.13	17.119
442.48	17.062
442.84	17.09
443.2	17.088
443.56	17.104
443.91	17.12
444.27	17.225
444.63	17.208
444.98	17.331
445.34	17.338
445.7	17.433
446.05	17.401
446.41	17.488
446.77	17.521
447.13	17.533
447.48	17.541
447.84	17.562
448.2	17.469
448.55	17.553
448.91	17.531
449.27	17.615
449.62	17.62
449.98	17.531
450.34	17.562
450.69	17.665
451.05	17.674
451.4	17.73
451.76	17.747
452.12	17.813
452.47	17.722
452.83	17.705
453.19	17.615
453.54	17.59
453.9	17.653
454.25	17.582
454.61	17.524
454.97	17.589
455.32	17.587
455.68	17.612
456.03	17.643
456.39	17.725
456.75	17.707
457.1	17.865
457.46	17.915
457.81	17.943
458.17	17.946
458.52	17.966
458.88	17.968
459.24	17.98
459.59	17.949
459.95	17.961
460.3	17.965
460.66	17.955
461.01	17.905
461.37	17.862
461.72	17.872
462.08	17.984
462.43	17.963
462.79	18.034
463.14	18.035
463.5	18.017
463.85	18.016
464.21	18.047
464.56	18.126
464.92	18.152
465.27	18.194
465.63	18.182
465.98	18.19
466.34	18.196
466.69	18.117
467.05	18.08
467.4	18.172
467.76	18.269
468.11	18.291
468.47	18.296
468.82	18.327
469.18	18.325
469.53	18.324
469.88	18.355
470.24	18.381
470.59	18.447
470.95	18.486
471.3	18.446
471.66	18.372
472.01	18.311
472.36	18.307
472.72	18.285
473.07	18.369
473.43	18.411
473.78	18.334
474.13	18.337
474.49	18.337
474.84	18.317
475.19	18.323
475.55	18.242
475.9	18.308
476.26	18.277
476.61	18.321
476.96	18.279
477.32	18.287
477.67	18.355
478.02	18.391
478.38	18.386
478.73	18.38
479.08	18.413
479.44	18.414
479.79	18.394
480.14	18.391
480.5	18.381
480.85	18.325
481.2	18.28
481.56	18.185
481.91	18.163
482.26	18.198
482.62	18.219
482.97	18.248
483.32	18.278
483.67	18.297
484.03	18.306
484.38	18.313
484.73	18.329
485.08	18.339
485.44	18.372
485.79	18.401
486.14	18.381
486.49	18.375
486.85	18.358
487.2	18.361
487.55	18.335
487.9	18.356
488.26	18.357
488.61	18.352
488.96	18.369
489.31	18.389
489.67	18.365
490.02	18.375
490.37	18.396
490.72	18.406
491.07	18.396
491.43	18.392
491.78	18.394
492.13	18.4
492.48	18.447
492.83	18.435
493.19	18.434
493.54	18.47
493.89	18.483
494.24	18.496
494.59	18.54
494.94	18.6
495.29	18.678
495.65	18.704
496	18.723
496.35	18.8
496.7	18.874
497.05	18.903
497.4	18.877
497.75	18.898
498.11	18.919
498.46	18.938
498.81	18.972
499.16	18.973
499.51	18.944
499.86	18.947
500.21	18.862
500.56	18.879
500.91	18.862
501.26	18.874
501.62	18.912
501.97	18.964
502.32	18.897
502.67	18.909
503.02	18.85
503.37	18.912
503.72	18.924
504.07	18.94
504.42	18.94
504.77	18.927
505.12	18.978
505.47	19.005
505.82	19.002
506.17	19.014
506.52	19.062
506.87	19.141
507.22	19.106
507.57	19.147
507.92	19.181
508.27	19.133
508.62	19.228
508.97	19.249
509.32	19.187
509.67	19.205
510.02	19.212
510.37	19.211
510.72	19.266
511.07	19.369
511.42	19.329
511.77	19.275
512.12	19.333
512.47	19.356
512.82	19.329
513.17	19.385
513.52	19.397
513.87	19.452
514.22	19.398
514.57	19.327
514.91	19.302
515.26	19.321
515.61	19.421
515.96	19.45
516.31	19.391
516.66	19.366
517.01	19.4
517.36	19.386
517.71	19.435
518.06	19.466
518.41	19.477
518.75	19.459
519.1	19.472
519.45	19.428
519.8	19.381
520.15	19.388
520.5	19.411
520.85	19.449
521.19	19.451
521.54	19.435
521.89	19.496
522.24	19.535
522.59	19.572
522.94	19.544
523.28	19.592
523.63	19.648
523.98	19.728
524.33	19.753
524.68	19.71
525.03	19.711
525.37	19.683
525.72	19.604
526.07	19.619
526.42	19.675
526.76	19.73
527.11	19.707
527.46	19.717
527.81	19.722
528.16	19.728
528.5	19.748
528.85	19.765
529.2	19.817
529.55	19.847
529.89	19.898
530.24	19.867
530.59	19.854
530.94	19.874
531.28	19.846
531.63	19.83
531.98	19.81
532.32	19.8
532.67	19.809
533.02	19.779
533.37	19.795
533.71	19.737
534.06	19.757
534.41	19.788
534.75	19.786
535.1	19.867
535.45	19.875
535.79	19.911
536.14	19.881
536.49	19.859
536.83	19.888
537.18	19.917
537.53	19.879
537.87	19.835
538.22	19.819
538.57	19.871
538.91	19.896
539.26	19.936
539.61	19.991
539.95	20.022
540.3	20.054
540.64	20.068
540.99	20.07
541.34	20.128
541.68	20.137
542.03	20.144
542.37	20.136
542.72	20.113
543.07	20.073
543.41	20.123
543.76	20.127
544.1	20.138
544.45	20.14
544.8	20.159
545.14	20.167
545.49	20.164
545.83	20.177
546.18	20.183
546.52	20.17
546.87	20.208
547.21	20.158
547.56	20.238
547.9	20.239
548.25	20.202
548.59	20.259
548.94	20.253
549.29	20.382
549.63	20.439
549.98	20.478
550.32	20.505
550.67	20.593
551.01	20.6
551.35	20.547
551.7	20.549
552.04	20.575
552.39	20.519
552.73	20.48
553.08	20.426
553.42	20.444
553.77	20.384
554.11	20.339
554.46	20.293
554.8	20.235
555.15	20.214
555.49	20.243
555.83	20.292
556.18	20.262
556.52	20.366
556.87	20.382
557.21	20.337
557.56	20.463
557.9	20.558
558.24	20.571
558.59	20.632
558.93	20.711
559.28	20.714
559.62	20.662
559.96	20.726
560.31	20.729
560.65	20.688
560.99	20.747
561.34	20.775
561.68	20.688
562.02	20.719
562.37	20.725
562.71	20.747
563.06	20.755
563.4	20.812
563.74	20.792
564.09	20.771
564.43	20.823
564.77	20.817
565.11	20.773
565.46	20.812
565.8	20.783
566.14	20.776
566.49	20.84
566.83	20.815
567.17	20.818
567.52	20.835
567.86	20.882
568.2	20.914
568.54	20.964
568.89	20.993
569.23	21.043
569.57	21.024
569.91	21.102
570.26	20.992
570.6	21.024
570.94	20.947
571.28	20.914
571.63	20.884
571.97	20.918
572.31	20.848
572.65	20.822
573	20.831
573.34	20.859
573.68	20.776
574.02	20.866
574.36	20.922
574.71	20.996
575.05	21.016
575.39	21.033
575.73	20.955
576.07	21.022
576.42	21.018
576.76	21.018
577.1	20.967
577.44	21.011
577.78	20.95
578.12	20.977
578.46	20.94
578.81	21.011
579.15	21.044
579.49	21.004
579.83	21.038
580.17	21.035
580.51	21.015
580.85	21.077
581.2	21.118
581.54	21.159
581.88	21.058
582.22	21.103
582.56	21.102
582.9	21.029
583.24	21.197
583.58	21.131
583.92	21.238
584.26	21.363
584.6	21.423
584.95	21.367
585.29	21.355
585.63	21.434
585.97	21.45
586.31	21.456
586.65	21.635
586.99	21.575
587.33	21.718
587.67	21.703
588.01	21.72
588.35	21.726
588.69	21.785
589.03	21.833
589.37	21.862
589.71	21.941
590.05	22.029
590.39	22.02
590.73	22.072
591.07	22.026
591.41	22.013
591.75	22.047
592.09	22.108
592.43	22.196
592.77	22.159
593.11	22.218
593.45	22.196
593.79	22.086
594.13	22.077
594.47	22.106
594.81	22.147
595.14	22.203
595.48	22.111
595.82	22.102
596.16	22.126
596.5	22.174
596.84	22.255
597.18	22.309
597.52	22.486
597.86	22.608
598.2	22.76
598.54	22.774
598.87	22.824
599.21	22.893
599.55	23.096
599.89	23.212
600.23	23.321
600.57	23.235
600.91	23.322
601.25	23.328
601.58	23.252
601.92	23.209
602.26	23.296
602.6	23.502
602.94	23.601
603.28	23.524
603.61	23.49
603.95	23.583
604.29	23.64
604.63	23.675
604.97	23.749
605.3	23.869
605.64	23.987
605.98	24.134
606.32	24.109
606.66	24.168
606.99	24.271
607.33	24.348
607.67	24.409
608.01	24.603
608.34	24.656
608.68	24.793
609.02	24.741
609.36	24.689
609.69	24.646
610.03	24.734
610.37	24.802
610.71	24.877
611.04	24.978
611.38	24.956
611.72	24.9
612.06	24.995
612.39	24.949
612.73	25.196
613.07	25.328
613.4	25.434
613.74	25.485
614.08	25.524
614.41	25.497
614.75	25.598
615.09	25.772
615.42	25.824
615.76	25.974
616.1	26.005
616.43	25.975
616.77	25.913
617.11	25.905
617.44	25.684
617.78	25.618
618.12	25.626
618.45	25.514
618.79	25.436
619.13	25.438
619.46	25.366
619.8	25.159
620.13	25.062
620.47	25.094
620.81	25.022
621.14	25.254
621.48	25.283
621.81	25.279
622.15	25.206
622.48	25.168
622.82	25.246
623.16	25.206
623.49	25.493
623.83	25.699
624.16	25.809
624.5	25.983
624.83	25.963
625.17	26.081
625.5	26.158
625.84	26.371
626.18	26.465
626.51	26.496
626.85	26.614
627.18	26.572
627.52	26.508
627.85	26.514
628.19	26.392
628.52	26.496
628.86	26.487
629.19	26.559
629.53	26.556
629.86	26.766
630.19	26.855
630.53	26.834
630.86	26.785
631.2	26.911
631.53	26.827
631.87	26.749
632.2	26.626
632.54	26.693
632.87	26.649
633.2	26.61
633.54	26.368
633.87	26.33
634.21	26.193
634.54	26.464
634.88	26.238
635.21	26.359
635.54	26.454
635.88	26.644
636.21	26.67
636.55	26.717
636.88	26.718
637.21	26.734
637.55	26.628
637.88	26.611
638.21	26.498
638.55	26.455
638.88	26.571
639.21	26.631
639.55	26.447
639.88	26.306
640.21	26.399
640.55	26.304
640.88	26.44
641.21	26.561
641.55	26.704
641.88	26.521
642.21	26.468
642.55	26.323
642.88	26.382
643.21	26.568
643.55	26.709
643.88	26.767
644.21	26.85
644.54	26.824
644.88	26.904
645.21	26.919
645.54	26.915
645.87	27.12
646.21	27.023
646.54	27.099
646.87	26.887
647.2	26.968
647.54	26.76
647.87	26.82
648.2	26.639
648.53	26.462
648.87	26.441
649.2	26.584
649.53	26.573
649.86	26.686
650.19	26.627
650.53	26.504
650.86	26.406
651.19	26.535
651.52	26.42
651.85	26.619
652.18	26.786
652.52	26.725
652.85	26.584
653.18	26.488
653.51	26.493
653.84	26.502
654.17	26.709
654.51	26.702
654.84	26.523
655.17	26.732
655.5	26.649
655.83	26.465
656.16	26.492
656.49	26.376
656.82	26.43
657.15	26.26
657.49	26.192
657.82	26.052
658.15	26.068
658.48	26.15
658.81	25.977
659.14	26.129
659.47	26.282
659.8	26.329
660.13	26.574
660.46	26.588
660.79	26.628
661.12	26.561
661.45	26.771
661.78	26.665
662.11	26.704
662.44	26.797
662.77	26.579
663.1	26.416
663.43	26.282
663.76	26.145
664.09	26.04
664.42	26.214
664.75	26.327
665.08	26.178
665.41	26.263
665.74	26.05
666.07	26.012
666.4	25.935
666.73	25.821
667.06	25.807
667.39	25.845
667.72	25.853
668.05	25.834
668.38	25.63
668.71	25.39
669.04	25.229
669.37	24.99
669.7	24.914
670.03	24.865
670.36	24.838
670.69	24.956
671.01	24.822
671.34	24.778
671.67	24.504
672	24.562
672.33	24.749
672.66	24.96
672.99	25.359
673.32	25.33
673.64	25.337
673.97	25.348
674.3	25.228
674.63	25.304
674.96	25.31
675.29	25.517
675.62	25.578
675.94	25.613
676.27	25.452
676.6	25.22
676.93	24.985
677.26	25.145
677.58	24.868
677.91	24.67
678.24	24.39
678.57	24.257
678.9	24.005
679.22	24.06
679.55	23.846
679.88	23.874
680.21	23.794
680.54	23.898
680.86	23.646
681.19	23.898
681.52	23.929
681.85	24.002
682.17	23.975
682.5	24.115
682.83	23.688
683.16	23.502
683.48	23.247
683.81	23.114
684.14	22.854
684.46	22.575
684.79	22.365
685.12	22.18
685.45	21.952
685.77	21.743
686.1	21.293
686.43	21.238
686.75	21.301
687.08	21.245
687.41	21.156
687.73	21.207
688.06	21.44
688.39	21.123
688.71	21.166
689.04	20.864
689.36	20.937
689.69	20.751
690.02	20.657
690.34	20.49
690.67	20.369
691	20.226
691.32	19.807
691.65	19.748
691.97	19.788
692.3	19.383
692.63	19.679
692.95	19.461
693.28	19.485
693.6	19.325
693.93	19.233
694.26	19.074
694.58	19.079
694.91	19.135
695.23	18.747
695.56	18.707
695.88	18.728
696.21	18.304
696.53	18.104
696.86	17.789
697.18	17.516
697.51	17.402
697.83	17.033
698.16	16.605
698.48	16.394
698.81	15.978
699.13	15.747
699.46	15.467
699.78	15.487
700.11	15.354
700.43	15.34
700.76	15.378
701.08	15.166
701.41	15.424
701.73	15.465
702.06	15.197
702.38	14.892
702.71	14.873
703.03	14.79
703.35	14.518
703.68	14.346
704	14.075
704.33	13.727
704.65	13.365
704.98	12.301
705.3	11.891
705.62	12.038
705.95	12.245
706.27	11.676
706.6	11.027
706.92	10.5
707.24	10.125
707.57	9.94
707.89	9.296
708.21	9.337
708.54	9.468
708.86	9.607
709.18	9.098
709.51	8.82
709.83	8.705
710.15	8.897
710.48	8.675
710.8	8.153
711.12	7.809
711.45	8.183
711.77	7.676
712.09	7.352
712.42	6.765
712.74	6.61
713.06	6.47
713.38	6.496
713.71	6.773
714.03	6.717
714.35	7.184
714.68	6.426
715	6.04
715.32	5.679
715.64	5.42
715.97	5.448
716.29	5.643
716.61	5.401
716.93	5.083
717.25	4.889
717.58	4.572
717.9	3.825
718.22	4.201
718.54	3.785
718.87	4.551
719.19	5.054
719.51	4.814
719.83	4.517
720.15	4.266
720.47	3.666
720.8	2.54
721.12	3.002
721.44	3.052
721.76	3.175
722.08	3.811
722.4	2.897
722.73	1.915
723.05	2.09
723.37	1.222
723.69	1.206
724.01	1.274
724.33	1.103
724.65	0.133
724.97	-0.503
725.3	-1.389
725.62	-2.678
725.94	-2.315
726.26	-1.858
726.58	-2.331
726.9	-2.289
727.22	-2.993
727.54	-3.347
727.86	-3.317
728.18	-2.508
728.5	-1.818
728.82	-0.922
729.14	-1.009
729.46	-1.831
729.78	-2.203
730.1	-2.583
730.42	-2.81
730.74	-2.852
731.07	-2.942
731.39	-3.547
731.71	-4.876
732.03	-5.472
732.35	-6.128
732.66	-6.219
732.98	-6.634
733.3	-7.078
733.62	-7.632
733.94	-7.3
734.26	-6.844
734.58	-6.591
734.9	-5.987
735.22	-5.344
735.54	-5.688
735.86	-6.122
736.18	-5.617
736.5	-4.734
736.82	-4.533
737.14	-4.801
737.46	-5.026
737.78	-5.91
738.1	-6.748
738.41	-7.781
738.73	-7.462
739.05	-7.747
739.37	-6.865
739.69	-7.336
740.01	-8.615
740.33	-9.061
740.65	-9.173
740.96	-9.322
741.28	-9.367
741.6	-8.32
741.92	-8.175
742.24	-9.785
742.56	-10.611
742.88	-12.003
743.19	-12.853
743.51	-12.529
743.83	-12.671
744.15	-12.029
744.47	-12.208
744.78	-12.137
745.1	-12.953
745.42	-12.516
745.74	-12.698
746.06	-11.666
746.37	-12.027
746.69	-11.426
747.01	-12.699
747.33	-12.985
747.64	-12.705
747.96	-12.931
748.28	-12.621
748.6	-14.124
748.91	-14.692
749.23	-15
749.55	-15.344
749.87	-14.409
750.18	-15.34
750.5	-13.809
750.82	-13.858
751.13	-14.742
751.45	-15.592
751.77	-16.234
752.08	-14.855
752.4	-14.421
752.72	-13.443
753.03	-13.256
753.35	-13.775
753.67	-13.888
753.98	-14.927
754.3	-16.14
754.62	-16.024
754.93	-16.468
755.25	-16.824
755.57	-18.413
755.88	-19.465
756.2	-19.86
756.51	-19.275
756.83	-19.503
757.15	-18.055
757.46	-17.802
757.78	-16.672
758.09	-15.997
758.41	-14.225
758.73	-14.234
759.04	-14.111
759.36	-14.581
759.67	-14.09
759.99	-16.263
760.3	-16.997
760.62	-17.714
760.94	-17.84
761.25	-17.359
761.57	-17.399
761.88	-18.58
762.2	-17.889
762.51	-15.915
762.83	-15.548
763.14	-15.3
763.46	-13.876
763.77	-13.7
764.09	-13.795
764.4	-14.282
764.72	-14.726
765.03	-15.729
765.35	-14.864
765.66	-15.046
765.98	-16.219
766.29	-15.582
766.61	-16.315
766.92	-17.103
767.23	-17.182
767.55	-17.75
767.86	-16.837
768.18	-16.367
768.49	-16.173
768.81	-17.994
769.12	-17.001
769.43	-18.108
769.75	-17.848
770.06	-16.184
770.38	-15.826
770.69	-15.202
771	-13.987
771.32	-15.637
771.63	-16.035
771.94	-13.066
772.26	-11.647
772.57	-13.946
772.89	-13.481
773.2	-14.482
773.51	-17.359
773.83	-17.815
774.14	-18.013
774.45	-17.453
774.77	-15.331
775.08	-15.141
775.39	-16.794
775.7	-17.085
776.02	-16.255
776.33	-16.179
776.64	-15.22
776.96	-17.256
777.27	-16.39
777.58	-15.886
777.89	-16.746
778.21	-17.472
778.52	-16.832
778.83	-18.826
779.14	-19.26
779.46	-20.867
779.77	-19.422
780.08	-19.585
780.39	-17.554
780.71	-17.834
781.02	-18.601
781.33	-20.618
781.64	-23.111
781.95	-23.719
782.27	-22.348
782.58	-23.769
782.89	-22.016
783.2	-24.679
783.51	-25.624
783.83	-25.95
784.14	-31.459
784.45	-34.257
784.76	-32.16
785.07	-29.638
785.38	-30.573
785.7	-31.042
786.01	-29.301
786.32	-29.026
786.63	-25.362
786.94	-23.384
787.25	-23.599
787.56	-19.128
787.87	-19.105
788.18	-17.929
788.5	-16.188
788.81	-15.963
789.12	-15.957
789.43	-16.037
789.74	-17.72
790.05	-19.028
790.36	-20.572
790.67	-17.253
790.98	-18.193
791.29	-15.361
791.6	-17.889
791.91	-19.554
792.22	-19.273
792.53	-18.957
792.84	-18.754
793.15	-15.895
793.46	-16.288
793.77	-15.953
794.08	-20.401
794.39	-20.349
794.7	-20.957
795.01	-20
795.32	-23.837
795.63	-25.016
795.94	-26.842
796.25	-27.089
796.56	-26.321
796.87	-25.197
797.18	-25.101
797.49	-22.484
797.8	-20.654
798.11	-21.953
798.42	-23.382
798.73	-19.122
799.04	-18.355
799.35	-15.311
799.65	-16.243
799.96	-17.091
800.27	-19.604
800.58	-19.845
800.89	-22.829
801.2	-25
801.51	-24.294
801.82	-21.79
802.13	-21.628
802.43	-26.1
802.74	-29.467
803.05	-30.597
803.36	-30.919
803.67	-29.922
803.98	-31.183
804.28	-27.854
804.59	-25.844
804.9	-24.005
805.21	-24.3
805.52	-24.056
805.83	-20.66
806.13	-19.019
806.44	-15.159
806.75	-19.197
807.06	-19.976
807.36	-19.116
807.67	-19.285
807.98	-18.618
808.29	-20.218
808.6	-20.087
808.9	-20.933
809.21	-20.326
809.52	-21.298
809.83	-23.222
810.13	-20.265
810.44	-20.956
810.75	-18.254
811.05	-18.73
811.36	-14.991
811.67	-16.859
811.98	-16.552
812.28	-13.831
812.59	-13.239
812.9	-12.797
813.2	-11.147
813.51	-15.22
813.82	-12.738
814.12	-14.598
814.43	-17.826
814.74	-23.043
815.04	-21.928
815.35	-23.958
815.65	-22.427
815.96	-21.401
816.27	-20.667
816.57	-19.972
816.88	-14.369
817.19	-18.397
817.49	-20.444
817.8	-19.973
818.1	-22.217
818.41	-23.233
818.72	-26.862
819.02	-33.655
819.33	-34.929
819.63	-36.976
819.94	-36.249
820.24	-40.15
820.55	-35.073
820.85	-36.637
821.16	-32.65
821.47	-30.735
821.77	-28.716
822.08	-27.222
822.38	-25.764
822.69	-25.73
822.99	-26.128
823.3	-26.334
823.6	-25.149
823.91	-25.204
824.21	-24.01
824.52	-24.347
824.82	-23.21
825.13	-22.531
825.43	-21.361
825.73	-20.466
826.04	-21.917
826.34	-19.619
826.65	-20.236
826.95	-18.86
827.26	-17.941
827.56	-16.543
827.87	-15.74
828.17	-16.651
828.47	-16.182
828.78	-18.432
829.08	-20.647
829.39	-18.186
829.69	-18.911
829.99	-18.611
830.3	-19.679
830.6	-20.492
830.9	-23.477
831.21	-24.763
831.51	-25.36
831.82	-33.333
832.12	-28.277
832.42	-27.136
832.73	-27.471
833.03	-25.873
833.33	-23.971
833.64	-24.828
833.94	-23.874
834.24	-24.271
834.54	-23.35
834.85	-25.758
835.15	-23.276
835.45	-25.22
835.76	-24.616
836.06	-24.17
836.36	-20.862
836.66	-23.16
836.97	-27.385
837.27	-29.825
837.57	-29.176
837.87	-30.095
838.18	-31.733
838.48	-33.402
838.78	-33.8
839.08	-31.236
839.39	-34.347
839.69	-35.312
839.99	-35.821
840.29	-33.876
840.59	-33.474
840.9	-30.04
841.2	-34.954
841.5	-24.019
841.8	-23.338
842.1	-19.931
842.41	-26.49
842.71	-21.827
843.01	-29.146
843.31	-28.638
843.61	-22.587
843.91	-25.619
844.21	-34.783
844.52	-29.432
844.82	-38.481
845.12	-37.595
845.42	-42.667
845.72	-48.407
846.02	-53.835
846.32	-70.789
846.62	-46.108
846.92	-54.131
847.22	-43.551
847.52	-26.346
847.83	-27.064
848.13	-40.354
848.43	-47.388
848.73	-35.739
849.03	-28.808
849.33	-25.261
849.63	-8.736
849.93	-28.179
850.23	-29.982
850.53	-49.053
850.83	-77.064
851.13	-75.258
851.43	-61.419
851.73	-48.609
852.03	-65.401
852.33	-91.375
852.63	-98.598
852.93	-132.533
853.23	-123.032
853.53	-87.668
853.83	-53.348
854.13	-48.126
854.43	-36.611
854.73	-56.299
855.03	-74.057
855.32	-63.734
855.62	-41.985
855.92	-36.345
856.22	-14.712
856.52	-7.534
856.82	-21.993
857.12	-25.658
857.42	-15.317
857.72	-16.617
858.02	-4.661
858.31	-0.13
858.61	-1.838
858.91	2.938
859.21	1.394
859.51	-6.532
859.81	-5.208
860.11	1.547
860.4	-0.216
860.7	-5.059
861	-3.52
861.3	-6.709
861.6	0.11
861.9	0.468
862.19	7.426
862.49	10.219
862.79	3.981
863.09	-1.03
863.39	-1.872
863.68	-2.165
863.98	8.674
864.28	-6.944
864.58	-11.61
864.87	-13.832
865.17	-10.474
865.47	-27.745
865.77	-33.86
866.06	-42.193
866.36	-81.498
866.66	-83.854
866.96	-179.63
867.25	-376.829
867.55	-245.192
867.85	-208.403
868.14	-170.556
868.44	-172.059
868.74	-182.71
869.03	-151.012
869.33	-92.246
869.63	-82.952
869.92	-103.641
870.22	-77.556
870.52	-53.049
870.81	-49.699
871.11	-31.858
871.41	-50.535
871.7	-49.169
872	-29.398
872.3	-35.162
872.59	-82.508
872.89	-71.646
873.18	-54.09
873.48	-78.846
873.78	-114.184
874.07	-133.449
874.37	-181.416
874.66	-185.714
874.96	-200.943
875.25	-290.798
875.55	-182.041
875.85	-95.789
876.14	-108.173
876.44	-107.692
876.73	-89.63
877.03	-99.574
877.32	-110.929
877.62	-87.958
877.91	-63.223
878.21	-22.896
878.5	-9.453
878.8	-29.073
879.09	-25.193
879.39	-30.426
879.68	-38.855
879.98	-33.265
880.27	-26.715
880.57	-27.04
880.86	-31.863
881.16	-25.331
881.45	-32.677
881.74	-38.529
882.04	-40.561
882.33	-41.686
882.63	-44.923
882.92	-42.323
883.22	-37.256
883.51	-33.457
883.8	-26.667
884.1	-27.162
884.39	-27.545
884.69	-25.769
884.98	-21.236
885.27	-16.245
885.57	-16.812
885.86	-10.19
886.15	-6.459
886.45	-9.936
886.74	-6.184
887.03	-12.716
887.33	-5.786
887.62	-10
887.91	-180
888.21	36.458
888.5	29.268
888.79	-33.333
889.09	-92.105
