190.56	3.125
190.94	3.125
191.32	3.125
191.7	-48.276
192.08	84.211
192.46	-141.27
192.84	-2116.667
193.22	135.484
193.6	159.406
193.98	104.255
194.36	188.636
194.74	172.093
195.13	1030
195.51	615.385
195.89	-446.154
196.27	-47.154
196.65	-36.585
197.03	-75
197.4	-64.968
197.78	-106.034
198.16	-128.777
198.54	-126.38
198.92	-124.405
199.3	-97.945
199.68	-23.704
200.06	-44.371
200.44	-83.333
200.82	-55.247
201.2	-11.335
201.58	-5.342
201.96	-5.388
202.34	-10.354
202.72	-20.354
203.1	-17.232
203.48	-29.797
203.86	-74.03
204.24	-81.597
204.62	-73.333
205	-107.113
205.38	-155.111
205.76	-234.286
206.13	-228.191
206.51	-205.687
206.89	-130.667
207.27	-128.963
207.65	-133.91
208.03	-92.69
208.41	-71.358
208.79	-63
209.17	-54.664
209.55	-76.902
209.93	-66.329
210.3	-55.528
210.68	-36.422
211.06	-30.753
211.44	-15.138
211.82	-18.242
212.2	-19.789
212.58	-15.419
212.96	-38.272
213.33	-38.987
213.71	-36.831
214.09	-39.004
214.47	-31.296
214.85	-51.452
215.23	-68.531
215.61	-73.784
215.98	-52.444
216.36	-52.047
216.74	-71.343
217.12	-49.666
217.5	-46.501
217.88	-25.23
218.25	-17.045
218.63	-15.832
219.01	-11.359
219.39	-10.286
219.77	-7.235
220.14	-10.393
220.52	-13.534
220.9	-12.402
221.28	-7.219
221.66	-6.713
222.03	-9.013
222.41	-8.686
222.79	-6.937
223.17	-5.669
223.55	-5.988
223.92	-7.202
224.3	-10.849
224.68	-10.105
225.06	-6.452
225.43	-5.08
225.81	-5.928
226.19	-4.089
226.57	-3.662
226.95	-2.402
227.32	-1.662
227.7	-0.409
228.08	0.266
228.46	1.238
228.83	1.349
229.21	1.052
229.59	-0.158
229.96	0.862
230.34	0.954
230.72	0.219
231.1	0.318
231.47	0.024
231.85	-0.154
232.23	-1.632
232.6	-1.685
232.98	-1.766
233.36	-1.304
233.74	-1.485
234.11	-3.11
234.49	-4.689
234.87	-5.014
235.24	-5.161
235.62	-5.664
236	-4.875
236.37	-3.672
236.75	-5.05
237.13	-3.651
237.5	-3.533
237.88	-2.467
238.26	-0.285
238.63	0.117
239.01	0.929
239.39	1.117
239.76	1.444
240.14	1.482
240.52	1.246
240.89	1.455
241.27	0.553
241.65	0.681
242.02	0.813
242.4	0.404
242.77	0.686
243.15	0.729
243.53	0.507
243.9	0.688
244.28	0.952
244.66	1.213
245.03	1.332
245.41	1.412
245.78	1.707
246.16	1.352
246.54	1.235
246.91	1.319
247.29	1.473
247.66	1.364
248.04	1.421
248.41	1.146
248.79	0.998
249.17	1.373
249.54	1.812
249.92	1.752
250.29	2.246
250.67	2.229
251.04	2.209
251.42	2.048
251.8	2.424
252.17	1.93
252.55	1.479
252.92	1.36
253.3	0.875
253.67	0.384
254.05	-0.04
254.42	0.053
254.8	0.433
255.17	-0.213
255.55	0.056
255.92	-0.303
256.3	0.332
256.67	0.698
257.05	0.923
257.42	0.942
257.8	1.283
258.17	1.432
258.55	1.213
258.92	1.259
259.3	1.622
259.67	1.435
260.05	1.613
260.42	1.453
260.8	1.672
261.17	1.657
261.55	1.724
261.92	1.77
262.3	1.746
262.67	1.68
263.05	1.277
263.42	0.961
263.79	1.298
264.17	1.156
264.54	1.289
264.92	1.234
265.29	1.331
265.67	1.092
266.04	0.716
266.42	0.588
266.79	0.566
267.16	0.652
267.54	0.663
267.91	0.403
268.29	0.461
268.66	0.744
269.03	0.68
269.41	0.527
269.78	0.649
270.16	0.778
270.53	0.911
270.9	0.938
271.28	1.139
271.65	1.207
272.03	1.233
272.4	1.291
272.77	1.122
273.15	1.139
273.52	0.933
273.89	0.849
274.27	0.684
274.64	0.603
275.01	0.578
275.39	0.335
275.76	0.197
276.14	0.046
276.51	-0.147
276.88	-0.212
277.26	-0.241
277.63	0.038
278	0.244
278.38	0.508
278.75	0.723
279.12	0.919
279.49	0.899
279.87	0.834
280.24	1.028
280.61	0.975
280.99	1.005
281.36	0.958
281.73	0.919
282.11	1.032
282.48	1.068
282.85	1.047
283.22	1.043
283.6	1.083
283.97	1.42
284.34	1.43
284.71	1.569
285.09	1.502
285.46	1.46
285.83	1.356
286.21	1.403
286.58	1.377
286.95	1.257
287.32	1.188
287.7	1.328
288.07	1.134
288.44	1.123
288.81	1.018
289.18	0.955
289.56	1.042
289.93	1.176
290.3	0.935
290.67	1.001
291.05	1.061
291.42	0.979
291.79	0.797
292.16	0.873
292.53	0.939
292.91	1.157
293.28	1.32
293.65	1.297
294.02	1.454
294.39	1.636
294.76	1.599
295.14	1.696
295.51	1.825
295.88	1.921
296.25	1.86
296.62	1.86
297	1.749
297.37	1.769
297.74	1.853
298.11	1.833
298.48	1.832
298.85	1.902
299.22	1.741
299.6	1.693
299.97	1.608
300.34	1.751
300.71	1.872
301.08	2.064
301.45	2.172
301.82	2.081
302.19	1.953
302.56	2.004
302.94	1.94
303.31	2.049
303.68	2.232
304.05	2.429
304.42	2.491
304.79	2.448
305.16	2.321
305.53	2.291
305.9	2.421
306.27	2.608
306.64	2.599
307.02	2.651
307.39	2.629
307.76	2.601
308.13	2.821
308.5	2.722
308.87	2.659
309.24	2.825
309.61	2.779
309.98	2.791
310.35	2.719
310.72	2.688
311.09	2.621
311.46	2.58
311.83	2.462
312.2	2.238
312.57	2.271
312.94	2.137
313.31	2.022
313.68	2.026
314.05	1.991
314.42	1.924
314.79	1.942
315.16	1.807
315.53	1.87
315.9	2.005
316.27	2.221
316.64	2.126
317.01	2.343
317.38	2.521
317.75	2.519
318.12	2.394
318.49	2.672
318.86	2.977
319.23	3.156
319.6	3.139
319.97	3.255
320.34	3.115
320.71	3.401
321.08	3.476
321.45	3.373
321.82	3.618
322.19	3.771
322.55	3.753
322.92	3.493
323.29	3.735
323.66	3.934
324.03	4.088
324.4	4.121
324.77	4.171
325.14	4.237
325.51	4.412
325.88	4.626
326.25	4.992
326.61	5.188
326.98	5.488
327.35	5.712
327.72	6.146
328.09	6.298
328.46	6.725
328.83	7.172
329.2	7.355
329.56	7.745
329.93	7.891
330.3	8.069
330.67	8.364
331.04	8.671
331.41	8.993
331.78	9.019
332.14	9.188
332.51	9.404
332.88	9.579
333.25	9.893
333.62	10.047
333.99	10.259
334.35	10.448
334.72	10.654
335.09	10.757
335.46	10.822
335.83	10.992
336.19	11.243
336.56	11.325
336.93	11.295
337.3	11.367
337.67	11.343
338.03	11.368
338.4	11.515
338.77	11.731
339.14	11.981
339.5	11.973
339.87	12.234
340.24	12.22
340.61	12.409
340.97	12.7
341.34	12.983
341.71	13.247
342.08	13.579
342.44	13.712
342.81	13.669
343.18	13.599
343.55	13.719
343.91	13.702
344.28	13.867
344.65	14.014
345.02	14.107
345.38	14.101
345.75	14.031
346.12	14.033
346.48	14.096
346.85	14.222
347.22	14.285
347.59	14.219
347.95	14.4
348.32	14.393
348.69	14.242
349.05	14.037
349.42	14.139
349.79	14.369
350.15	14.303
350.52	14.234
350.89	14.166
351.25	14.248
351.62	14.425
351.99	14.277
352.35	14.455
352.72	14.566
353.09	14.659
353.45	14.591
353.82	14.445
354.18	14.475
354.55	14.408
354.92	14.317
355.28	14.234
355.65	14.137
356.02	14.093
356.38	13.988
356.75	13.908
357.11	14.031
357.48	14.043
357.85	14.141
358.21	14.207
358.58	14.269
358.94	14.35
359.31	14.358
359.67	14.372
360.04	14.444
360.41	14.461
360.77	14.458
361.14	14.402
361.5	14.449
361.87	14.371
362.23	14.385
362.6	14.331
362.97	14.334
363.33	14.32
363.7	14.303
364.06	14.235
364.43	14.142
364.79	14.166
365.16	14.134
365.52	13.984
365.89	13.906
366.25	13.737
366.62	13.825
366.98	13.821
367.35	13.858
367.71	14.008
368.08	14.02
368.44	13.992
368.81	14.018
369.17	13.902
369.54	14.047
369.9	14.117
370.27	14.125
370.63	14.237
371	14.273
371.36	14.341
371.73	14.352
372.09	14.373
372.45	14.422
372.82	14.52
373.18	14.535
373.55	14.553
373.91	14.589
374.28	14.79
374.64	14.688
375.01	14.641
375.37	14.646
375.73	14.687
376.1	14.779
376.46	14.861
376.83	14.855
377.19	15.021
377.55	14.962
377.92	15.047
378.28	15.055
378.65	15.08
379.01	15.223
379.37	15.371
379.74	15.421
380.1	15.39
380.47	15.407
380.83	15.49
381.19	15.581
381.56	15.659
381.92	15.715
382.28	15.621
382.65	15.765
383.01	15.839
383.37	15.873
383.74	15.882
384.1	16.027
384.46	16.044
384.83	16.17
385.19	16.113
385.55	16.175
385.92	16.181
386.28	16.279
386.64	16.295
387.01	16.269
387.37	16.261
387.73	16.443
388.1	16.5
388.46	16.742
388.82	16.595
389.18	16.733
389.55	16.769
389.91	16.845
390.27	16.828
390.64	16.851
391	16.98
391.36	17.1
391.72	17.024
392.09	17.059
392.45	17.004
392.81	17.105
393.17	17.097
393.54	17.117
393.9	17.092
394.26	17.282
394.62	17.274
394.99	17.299
395.35	17.314
395.71	17.446
396.07	17.53
396.43	17.602
396.8	17.657
397.16	17.781
397.52	17.912
397.88	18
398.24	17.962
398.61	18.063
398.97	18.159
399.33	18.16
399.69	18.146
400.05	18.183
400.42	18.275
400.78	18.344
401.14	18.411
401.5	18.546
401.86	18.684
402.22	18.774
402.59	18.966
402.95	18.914
403.31	19.061
403.67	19.17
404.03	19.201
404.39	19.208
404.75	19.266
405.12	19.289
405.48	19.21
405.84	19.16
406.2	19.161
406.56	19.087
406.92	19.233
407.28	19.254
407.64	19.299
408	19.333
408.36	19.366
408.73	19.467
409.09	19.543
409.45	19.646
409.81	19.767
410.17	19.83
410.53	19.902
410.89	19.868
411.25	19.913
411.61	19.922
411.97	19.911
412.33	19.97
412.69	20.003
413.05	19.958
413.41	20.046
413.77	20.147
414.13	20.245
414.5	20.306
414.86	20.409
415.22	20.415
415.58	20.556
415.94	20.701
416.3	20.84
416.66	20.827
417.02	21.016
417.38	21.048
417.74	21.103
418.1	21.085
418.46	21.074
418.82	21.073
419.18	21.055
419.54	20.994
419.9	20.97
420.26	20.997
420.61	21.034
420.97	20.888
421.33	20.881
421.69	20.81
422.05	20.819
422.41	20.881
422.77	20.93
423.13	20.937
423.49	20.988
423.85	21.029
424.21	21.018
424.57	21.095
424.93	21.142
425.29	21.187
425.65	21.304
426.01	21.41
426.36	21.424
426.72	21.42
427.08	21.518
427.44	21.534
427.8	21.548
428.16	21.621
428.52	21.552
428.88	21.618
429.24	21.645
429.59	21.648
429.95	21.659
430.31	21.745
430.67	21.736
431.03	21.77
431.39	21.795
431.75	21.838
432.1	21.879
432.46	22.035
432.82	22.155
433.18	22.202
433.54	22.221
433.9	22.27
434.25	22.264
434.61	22.321
434.97	22.41
435.33	22.457
435.69	22.592
436.04	22.526
436.4	22.473
436.76	22.449
437.12	22.461
437.48	22.501
437.83	22.505
438.19	22.603
438.55	22.684
438.91	22.636
439.27	22.655
439.62	22.688
439.98	22.789
440.34	22.84
440.7	22.981
441.05	23.023
441.41	23.034
441.77	23.127
442.13	23.189
442.48	23.226
442.84	23.343
443.2	23.408
443.56	23.38
443.91	23.375
444.27	23.439
444.63	23.434
444.98	23.476
445.34	23.622
445.7	23.606
446.05	23.614
446.41	23.644
446.77	23.721
447.13	23.768
447.48	23.9
447.84	24.058
448.2	24.165
448.55	24.25
448.91	24.377
449.27	24.334
449.62	24.403
449.98	24.444
450.34	24.556
450.69	24.511
451.05	24.573
451.4	24.599
451.76	24.619
452.12	24.611
452.47	24.603
452.83	24.611
453.19	24.725
453.54	24.833
453.9	24.85
454.25	24.836
454.61	24.933
454.97	25.004
455.32	25.027
455.68	25.013
456.03	25.04
456.39	25.071
456.75	25.132
457.1	25.087
457.46	25.109
457.81	25.146
458.17	25.16
458.52	25.143
458.88	25.19
459.24	25.228
459.59	25.191
459.95	25.261
460.3	25.274
460.66	25.307
461.01	25.42
461.37	25.418
461.72	25.451
462.08	25.483
462.43	25.605
462.79	25.624
463.14	25.62
463.5	25.664
463.85	25.628
464.21	25.656
464.56	25.695
464.92	25.681
465.27	25.695
465.63	25.759
465.98	25.806
466.34	25.784
466.69	25.795
467.05	25.836
467.4	25.864
467.76	25.945
468.11	25.996
468.47	25.96
468.82	25.981
469.18	25.965
469.53	25.96
469.88	25.99
470.24	26.03
470.59	26.122
470.95	26.207
471.3	26.354
471.66	26.335
472.01	26.424
472.36	26.452
472.72	26.493
473.07	26.551
473.43	26.573
473.78	26.588
474.13	26.59
474.49	26.549
474.84	26.54
475.19	26.49
475.55	26.558
475.9	26.522
476.26	26.543
476.61	26.519
476.96	26.618
477.32	26.691
477.67	26.769
478.02	26.716
478.38	26.698
478.73	26.72
479.08	26.7
479.44	26.72
479.79	26.704
480.14	26.697
480.5	26.748
480.85	26.682
481.2	26.724
481.56	26.739
481.91	26.817
482.26	26.858
482.62	26.906
482.97	26.94
483.32	26.936
483.67	26.961
484.03	26.976
484.38	26.966
484.73	26.971
485.08	26.998
485.44	26.972
485.79	26.977
486.14	26.965
486.49	26.905
486.85	26.915
487.2	26.901
487.55	26.918
487.9	26.929
488.26	26.965
488.61	27.024
488.96	26.995
489.31	27.057
489.67	27.039
490.02	27.047
490.37	27.092
490.72	27.104
491.07	27.127
491.43	27.125
491.78	27.137
492.13	27.19
492.48	27.185
492.83	27.203
493.19	27.213
493.54	27.271
493.89	27.363
494.24	27.391
494.59	27.46
494.94	27.564
495.29	27.619
495.65	27.649
496	27.623
496.35	27.609
496.7	27.637
497.05	27.681
497.4	27.756
497.75	27.79
498.11	27.817
498.46	27.871
498.81	27.943
499.16	27.96
499.51	28.038
499.86	28.073
500.21	28.28
500.56	28.373
500.91	28.391
501.26	28.351
501.62	28.361
501.97	28.392
502.32	28.305
502.67	28.251
503.02	28.301
503.37	28.316
503.72	28.267
504.07	28.159
504.42	28.189
504.77	28.194
505.12	28.315
505.47	28.349
505.82	28.46
506.17	28.585
506.52	28.589
506.87	28.59
507.22	28.588
507.57	28.675
507.92	28.72
508.27	28.655
508.62	28.74
508.97	28.735
509.32	28.785
509.67	28.776
510.02	28.802
510.37	28.899
510.72	28.882
511.07	28.878
511.42	28.891
511.77	28.913
512.12	28.981
512.47	28.962
512.82	28.938
513.17	29.011
513.52	29.002
513.87	28.961
514.22	28.909
514.57	29.053
514.91	29.148
515.26	29.182
515.61	29.201
515.96	29.249
516.31	29.249
516.66	29.281
517.01	29.191
517.36	29.231
517.71	29.319
518.06	29.319
518.41	29.274
518.75	29.321
519.1	29.349
519.45	29.307
519.8	29.271
520.15	29.317
520.5	29.275
520.85	29.301
521.19	29.316
521.54	29.312
521.89	29.358
522.24	29.354
522.59	29.331
522.94	29.289
523.28	29.391
523.63	29.417
523.98	29.425
524.33	29.537
524.68	29.561
525.03	29.551
525.37	29.531
525.72	29.534
526.07	29.536
526.42	29.556
526.76	29.585
527.11	29.569
527.46	29.58
527.81	29.573
528.16	29.54
528.5	29.564
528.85	29.575
529.2	29.555
529.55	29.579
529.89	29.593
530.24	29.588
530.59	29.612
530.94	29.606
531.28	29.594
531.63	29.583
531.98	29.585
532.32	29.541
532.67	29.551
533.02	29.535
533.37	29.505
533.71	29.483
534.06	29.417
534.41	29.428
534.75	29.461
535.1	29.466
535.45	29.534
535.79	29.598
536.14	29.641
536.49	29.633
536.83	29.65
537.18	29.695
537.53	29.726
537.87	29.769
538.22	29.69
538.57	29.654
538.91	29.673
539.26	29.604
539.61	29.674
539.95	29.683
540.3	29.695
540.64	29.778
540.99	29.767
541.34	29.818
541.68	29.842
542.03	29.923
542.37	29.978
542.72	29.983
543.07	30.033
543.41	29.912
543.76	29.908
544.1	29.919
544.45	29.906
544.8	29.966
545.14	29.995
545.49	30.038
545.83	30.052
546.18	30.106
546.52	30.171
546.87	30.243
547.21	30.378
547.56	30.466
547.9	30.529
548.25	30.563
548.59	30.513
548.94	30.551
549.29	30.547
549.63	30.614
549.98	30.551
550.32	30.615
550.67	30.695
551.01	30.743
551.35	30.681
551.7	30.704
552.04	30.683
552.39	30.785
552.73	30.745
553.08	30.767
553.42	30.712
553.77	30.814
554.11	30.818
554.46	30.762
554.8	30.685
555.15	30.733
555.49	30.814
555.83	30.927
556.18	30.899
556.52	30.991
556.87	31.032
557.21	31.034
557.56	30.984
557.9	30.941
558.24	30.988
558.59	31.071
558.93	31.127
559.28	31.04
559.62	31.057
559.96	31.052
560.31	31.115
560.65	31.167
560.99	31.23
561.34	31.305
561.68	31.306
562.02	31.311
562.37	31.255
562.71	31.27
563.06	31.341
563.4	31.351
563.74	31.504
564.09	31.476
564.43	31.45
564.77	31.476
565.11	31.479
565.46	31.536
565.8	31.542
566.14	31.608
566.49	31.588
566.83	31.555
567.17	31.547
567.52	31.474
567.86	31.414
568.2	31.412
568.54	31.457
568.89	31.467
569.23	31.491
569.57	31.534
569.91	31.58
570.26	31.595
570.6	31.641
570.94	31.748
571.28	31.787
571.63	31.836
571.97	31.885
572.31	31.89
572.65	31.819
573	31.893
573.34	31.916
573.68	31.929
574.02	31.986
574.36	32.04
574.71	32.014
575.05	32.002
575.39	31.987
575.73	32.005
576.07	31.971
576.42	32.043
576.76	32.087
577.1	32.051
577.44	32.011
577.78	31.981
578.12	31.893
578.46	31.943
578.81	31.905
579.15	31.895
579.49	31.884
579.83	31.868
580.17	31.941
580.51	31.836
580.85	31.791
581.2	31.849
581.54	31.95
581.88	32.15
582.22	32.118
582.56	32.309
582.9	32.463
583.24	32.626
583.58	32.79
583.92	32.904
584.26	32.946
584.6	33.136
584.95	33.166
585.29	33.261
585.63	33.262
585.97	33.344
586.31	33.418
586.65	33.442
586.99	33.447
587.33	33.454
587.67	33.429
588.01	33.46
588.35	33.518
588.69	33.625
589.03	33.616
589.37	33.681
589.71	33.729
590.05	33.702
590.39	33.808
590.73	33.81
591.07	33.867
591.41	33.92
591.75	33.982
592.09	33.981
592.43	34.005
592.77	34.211
593.11	34.25
593.45	34.339
593.79	34.412
594.13	34.512
594.47	34.67
594.81	34.766
595.14	34.837
595.48	34.961
595.82	35.036
596.16	35.15
596.5	35.141
596.84	35.222
597.18	35.303
597.52	35.404
597.86	35.358
598.2	35.421
598.54	35.524
598.87	35.683
599.21	35.797
599.55	35.872
599.89	35.945
600.23	36.022
600.57	36.144
600.91	36.283
601.25	36.272
601.58	36.358
601.92	36.42
602.26	36.474
602.6	36.56
602.94	36.695
603.28	36.808
603.61	36.905
603.95	36.954
604.29	37.014
604.63	36.938
604.97	37.07
605.3	37.193
605.64	37.242
605.98	37.338
606.32	37.414
606.66	37.48
606.99	37.556
607.33	37.526
607.67	37.527
608.01	37.502
608.34	37.529
608.68	37.556
609.02	37.55
609.36	37.552
609.69	37.554
610.03	37.443
610.37	37.409
610.71	37.449
611.04	37.662
611.38	37.708
611.72	37.737
612.06	37.918
612.39	38.108
612.73	38.242
613.07	38.398
613.4	38.428
613.74	38.531
614.08	38.508
614.41	38.438
614.75	38.37
615.09	38.448
615.42	38.607
615.76	38.579
616.1	38.461
616.43	38.528
616.77	38.515
617.11	38.646
617.44	38.728
617.78	38.821
618.12	38.975
618.45	39.067
618.79	39.192
619.13	39.209
619.46	39.318
619.8	39.427
620.13	39.402
620.47	39.488
620.81	39.535
621.14	39.732
621.48	39.729
621.81	39.751
622.15	39.765
622.48	39.823
622.82	39.876
623.16	39.874
623.49	39.805
623.83	40.011
624.16	39.991
624.5	39.995
624.83	39.892
625.17	40.028
625.5	40.056
625.84	40.044
626.18	39.998
626.51	39.939
626.85	39.931
627.18	40.009
627.52	39.798
627.85	39.952
628.19	39.94
628.52	39.999
628.86	39.913
629.19	39.923
629.53	40.027
629.86	40.015
630.19	40.132
630.53	40.102
630.86	40.192
631.2	40.416
631.53	40.325
631.87	40.452
632.2	40.418
632.54	40.546
632.87	40.57
633.2	40.532
633.54	40.571
633.87	40.545
634.21	40.694
634.54	40.762
634.88	40.777
635.21	40.818
635.54	40.768
635.88	40.822
636.21	40.723
636.55	40.774
636.88	40.733
637.21	40.676
637.55	40.697
637.88	40.459
638.21	40.303
638.55	40.045
638.88	40.034
639.21	40.027
639.55	40.04
639.88	40.151
640.21	40.237
640.55	40.217
640.88	40.43
641.21	40.423
641.55	40.576
641.88	40.596
642.21	40.767
642.55	40.74
642.88	40.685
643.21	40.734
643.55	40.729
643.88	40.54
644.21	40.615
644.54	40.551
644.88	40.802
645.21	41.046
645.54	41.098
645.87	41.115
646.21	41.112
646.54	41.124
646.87	41.044
647.2	40.982
647.54	40.855
647.87	40.84
648.2	40.873
648.53	40.707
648.87	40.499
649.2	40.607
649.53	40.681
649.86	40.633
650.19	40.785
650.53	40.899
650.86	41.032
651.19	41.161
651.52	41.419
651.85	41.383
652.18	41.327
652.52	41.428
652.85	41.318
653.18	41.145
653.51	41.241
653.84	41.041
654.17	40.935
654.51	40.814
654.84	41.062
655.17	40.768
655.5	40.715
655.83	40.749
656.16	40.669
656.49	40.819
656.82	40.845
657.15	40.969
657.49	41.007
657.82	40.855
658.15	41.035
658.48	40.765
658.81	40.675
659.14	40.776
659.47	40.602
659.8	40.615
660.13	40.393
660.46	40.487
660.79	40.484
661.12	40.413
661.45	40.615
661.78	40.406
662.11	40.466
662.44	40.747
662.77	40.641
663.1	40.75
663.43	40.663
663.76	40.705
664.09	40.69
664.42	40.596
664.75	40.926
665.08	40.907
665.41	40.926
665.74	40.986
666.07	40.704
666.4	40.788
666.73	40.869
667.06	41.082
667.39	41.169
667.72	41.088
668.05	41.155
668.38	40.873
668.71	40.702
669.04	40.776
669.37	40.881
669.7	40.964
670.03	40.817
670.36	40.568
670.69	40.232
671.01	40.127
671.34	40.048
671.67	39.867
672	39.86
672.33	40.076
672.66	39.993
672.99	39.923
673.32	39.877
673.64	39.985
673.97	39.982
674.3	40.091
674.63	40.038
674.96	39.953
675.29	40.107
675.62	40.27
675.94	40.102
676.27	39.864
676.6	39.669
676.93	39.688
677.26	39.628
677.58	39.77
677.91	39.753
678.24	39.878
678.57	39.85
678.9	39.56
679.22	39.152
679.55	39.165
679.88	39.435
680.21	39.516
680.54	39.458
680.86	39.173
681.19	38.967
681.52	38.853
681.85	38.952
682.17	38.972
682.5	39.099
682.83	39.261
683.16	39.138
683.48	38.798
683.81	38.675
684.14	38.544
684.46	38.593
684.79	38.533
685.12	38.717
685.45	38.179
685.77	38.157
686.1	37.889
686.43	37.793
686.75	37.752
687.08	37.876
687.41	37.865
687.73	37.755
688.06	37.796
688.39	37.866
688.71	37.669
689.04	37.531
689.36	37.294
689.69	37.356
690.02	37.273
690.34	37.025
690.67	36.807
691	36.598
691.32	36.465
691.65	36.461
691.97	36.318
692.3	36.214
692.63	36.334
692.95	36.333
693.28	35.944
693.6	35.602
693.93	35.38
694.26	35.295
694.58	35.035
694.91	35.035
695.23	34.69
695.56	34.666
695.88	34.479
696.21	34.401
696.53	34.333
696.86	34.465
697.18	34.452
697.51	34.24
697.83	33.932
698.16	33.674
698.48	33.638
698.81	33.63
699.13	33.573
699.46	33.53
699.78	33.43
700.11	33.466
700.43	33.182
700.76	33.007
701.08	33.337
701.41	33.425
701.73	33.655
702.06	33.574
702.38	33.213
702.71	33.131
703.03	32.701
703.35	32.29
703.68	31.786
704	31.931
704.33	31.977
704.65	31.55
704.98	31.526
705.3	31.107
705.62	30.583
705.95	30.23
706.27	29.983
706.6	30.085
706.92	29.937
707.24	29.729
707.57	29.559
707.89	29.256
708.21	29.339
708.54	28.983
708.86	28.692
709.18	28.58
709.51	29.039
709.83	28.55
710.15	28.373
710.48	28.406
710.8	27.904
711.12	27.462
711.45	27.333
711.77	26.958
712.09	27.067
712.42	26.989
712.74	26.978
713.06	26.568
713.38	26.463
713.71	25.887
714.03	25.78
714.35	26.28
714.68	26.309
715	25.851
715.32	25.034
715.64	24.633
715.97	24.313
716.29	24.209
716.61	23.556
716.93	23.31
717.25	23.089
717.58	22.537
717.9	21.739
718.22	20.934
718.54	20.614
718.87	20.812
719.19	20.47
719.51	19.94
719.83	19.454
720.15	20.135
720.47	20.085
720.8	20.387
721.12	20.013
721.44	20.368
721.76	20.59
722.08	20.736
722.4	20.155
722.73	19.846
723.05	20.422
723.37	20.66
723.69	19.834
724.01	19.863
724.33	19.642
724.65	20.311
724.97	20.063
725.3	19.443
725.62	18.105
725.94	18.385
726.26	18.053
726.58	17.147
726.9	16.245
727.22	16.442
727.54	15.325
727.86	14.796
728.18	13.849
728.5	13.978
728.82	14.283
729.14	15.001
729.46	15.115
729.78	15.243
730.1	15.29
730.42	14.929
730.74	14.267
731.07	13.968
731.39	14.384
731.71	14.903
732.03	14.273
732.35	14.109
732.66	13.936
732.98	13.958
733.3	13.504
733.62	13.787
733.94	13.853
734.26	13.63
734.58	14.412
734.9	13.39
735.22	12.744
735.54	12.292
735.86	11.527
736.18	11.638
736.5	11.08
736.82	10.86
737.14	10.859
737.46	10.862
737.78	10.907
738.1	9.867
738.41	9.635
738.73	10.191
739.05	9.638
739.37	9.734
739.69	9.47
740.01	8.348
740.33	8.079
740.65	7.37
740.96	6.715
741.28	6.75
741.6	7.252
741.92	7.639
742.24	6.214
742.56	6.529
742.88	6.242
743.19	5.342
743.51	6.504
743.83	6.646
744.15	6.757
744.47	7.047
744.78	6.592
745.1	6.417
745.42	7.657
745.74	8.5
746.06	8.975
746.37	9.537
746.69	9.633
747.01	9.374
747.33	8.603
747.64	8.877
747.96	8.959
748.28	9.224
748.6	8.642
748.91	6.65
749.23	5.725
749.55	4.171
749.87	3.809
750.18	4.38
750.5	3.377
750.82	3.638
751.13	3.104
751.45	2.563
751.77	1.409
752.08	1.328
752.4	1.145
752.72	1.308
753.03	2.135
753.35	1.34
753.67	0.528
753.98	0.452
754.3	0.623
754.62	0.822
754.93	1.078
755.25	2.015
755.57	2.698
755.88	2.613
756.2	2.464
756.51	3.14
756.83	3.324
757.15	3.76
757.46	3.404
757.78	2.318
758.09	1.217
758.41	0.219
758.73	-0.682
759.04	-0.297
759.36	0.543
759.67	-0.578
759.99	-1.688
760.3	-1.723
760.62	-1.362
760.94	-1.171
761.25	0.671
761.57	1.084
761.88	2.461
762.2	2.641
762.51	1.938
762.83	2.312
763.14	3.921
763.46	3.809
763.77	3.086
764.09	2.175
764.4	2.61
764.72	1.92
765.03	2.504
765.35	2.517
765.66	2.89
765.98	3.325
766.29	2.346
766.61	1.661
766.92	1.129
767.23	1.743
767.55	3.009
767.86	3.89
768.18	3.275
768.49	3.263
768.81	2.228
769.12	1.47
769.43	0.048
769.75	0.711
770.06	0.388
770.38	1.24
770.69	2.084
771	1.208
771.32	0.31
771.63	1.548
771.94	0.235
772.26	-0.378
772.57	0.345
772.89	-0.126
773.2	-0.546
773.51	-0.731
773.83	0.128
774.14	-2.171
774.45	-3.243
774.77	-4.299
775.08	-5.173
775.39	-5.086
775.7	-4.781
776.02	-6.423
776.33	-6.88
776.64	-6.261
776.96	-7.195
777.27	-7.911
777.58	-7.505
777.89	-5.999
778.21	-6.08
778.52	-6.502
778.83	-4.997
779.14	-4.54
779.46	-3.377
779.77	-1.408
780.08	-2.68
780.39	-1.736
780.71	-1.785
781.02	-0.779
781.33	-0.936
781.64	-0.814
781.95	0.134
782.27	-2.607
782.58	-3.066
782.89	-3.563
783.2	-3.992
783.51	-3.601
783.83	-5.167
784.14	-5.218
784.45	-6.087
784.76	-5.878
785.07	-5.127
785.38	-4.021
785.7	-2.236
786.01	-2.511
786.32	-3.061
786.63	-2.207
786.94	-5.136
787.25	-5.228
787.56	-5.992
787.87	-4.38
788.18	-3.826
788.5	-2.504
788.81	-3.221
789.12	-3.754
789.43	-3.891
789.74	-0.922
790.05	-1.455
790.36	1.559
790.67	3.268
790.98	3.864
791.29	3.95
791.6	4.672
791.91	3.81
792.22	4.016
792.53	5.369
792.84	4.824
793.15	2.587
793.46	1.389
793.77	-0.224
794.08	-1.743
794.39	-1.929
794.7	-0.418
795.01	-3.2
795.32	-3.228
795.63	-5.088
795.94	-6.844
796.25	-7.031
796.56	-6.546
796.87	-6.028
797.18	-5.171
797.49	-7.226
797.8	-9.331
798.11	-12.29
798.42	-12.362
798.73	-12.74
799.04	-12.152
799.35	-13.013
799.65	-12.392
799.96	-12.984
800.27	-13.45
800.58	-13.058
800.89	-10.187
801.2	-8.034
801.51	-7.77
801.82	-5.203
802.13	-7.743
802.43	-5.389
802.74	-4.844
803.05	-5.661
803.36	-2.513
803.67	-5.868
803.98	-5.36
804.28	-5.026
804.59	-6.693
804.9	-7.963
805.21	-8.862
805.52	-5.096
805.83	-6.809
806.13	-5.956
806.44	-2.474
806.75	-5.682
807.06	-3.496
807.36	-5.236
807.67	-7.143
807.98	-5.483
808.29	-2.297
808.6	-2.713
808.9	-5.706
809.21	-9.115
809.52	-8.39
809.83	-8.897
810.13	-7.98
810.44	-7.236
810.75	-7.323
811.05	-7.735
811.36	-8.264
811.67	-10.84
811.98	-10.026
812.28	-9.721
812.59	-6.746
812.9	-11.778
813.2	-15.358
813.51	-16.608
813.82	-18.376
814.12	-15.253
814.43	-17.257
814.74	-17.384
815.04	-16.549
815.35	-18.902
815.65	-19.536
815.96	-20.17
816.27	-17.266
816.57	-14.637
816.88	-15.135
817.19	-14.471
817.49	-18.066
817.8	-16.553
818.1	-14.385
818.41	-10.465
818.72	-6.352
819.02	-4.357
819.33	-2.44
819.63	-3.025
819.94	-3.257
820.24	-1.852
820.55	-1.307
820.85	-0.018
821.16	0.594
821.47	1.471
821.77	0.639
822.08	0.364
822.38	-0.062
822.69	0.008
822.99	-0.197
823.3	-0.289
823.6	-0.62
823.91	-0.309
824.21	-0.22
824.52	-0.089
824.82	-1.069
825.13	-1.947
825.43	-3.214
825.73	-2.131
826.04	-3.326
826.34	-1.564
826.65	-2.093
826.95	-1.829
827.26	-2.355
827.56	-3.218
827.87	-3.614
828.17	-3.973
828.47	-2.903
828.78	-3.47
829.08	-4.444
829.39	-4.011
829.69	-6.761
829.99	-7.449
830.3	-9.536
830.6	-9.161
830.9	-8.803
831.21	-8.183
831.51	-7.29
831.82	-6.987
832.12	-4.111
832.42	-4.702
832.73	-5.657
833.03	-2.342
833.33	-0.771
833.64	0.817
833.94	2.673
834.24	0.681
834.54	-1.274
834.85	-4.756
835.15	-8.731
835.45	-9.167
835.76	-11.76
836.06	-15.641
836.36	-22.605
836.66	-24.548
836.97	-27.682
837.27	-29.514
837.57	-28.669
837.87	-24.84
838.18	-17.92
838.48	-8.305
838.78	-9.659
839.08	-6.883
839.39	1.355
839.69	10.593
839.99	10
840.29	8.144
840.59	0.173
840.9	-0.634
841.2	-5.818
841.5	-10.097
841.8	-12.68
842.1	-15.161
842.41	-19.076
842.71	-24.059
843.01	-36.265
843.31	-42.022
843.61	-51.949
843.91	-45.207
844.21	-47.925
844.52	-33.874
844.82	-29.108
845.12	-37.405
845.42	-27.238
845.72	-21.58
846.02	-17.186
846.32	-15.338
846.62	-16.362
846.92	-5.088
847.22	-12
847.52	-7.436
847.83	-20.736
848.13	-20.275
848.43	-12.859
848.73	-22.157
849.03	-20.591
849.33	-31.828
849.63	-29.19
849.93	-15.393
850.23	-22.577
850.53	-22.89
850.83	-36.24
851.13	-35.027
851.43	-46.761
851.73	-53.373
852.03	-60.503
852.33	-79.633
852.63	-92.789
852.93	-102.304
853.23	-135.252
853.53	-127.477
853.83	-108.73
854.13	-112.241
854.43	-78.7
854.73	-65.474
855.03	-59.114
855.32	-31.068
855.62	-21.672
855.92	-19.213
856.22	-26.359
856.52	-24.058
856.82	-23.444
857.12	-34.676
857.42	-23.925
857.72	-31.525
858.02	-30.938
858.31	-25.594
858.61	-47.119
858.91	-48.571
859.21	-39.848
859.51	-33.18
859.81	-28.873
860.11	-26.264
860.4	-28.73
860.7	-33.971
861	-35.382
861.3	-47.079
861.6	-52.212
861.9	-28.343
862.19	-25.452
862.49	-22.771
862.79	-26.415
863.09	-20.841
863.39	-25.66
863.68	-12.228
863.98	-8.012
864.28	-11.288
864.58	-8.657
864.87	-11.061
865.17	-35.748
865.47	-39.848
865.77	-42.42
866.06	-48.805
866.36	-48.834
866.66	-39.897
866.96	-54.888
867.25	-65.161
867.55	-55.714
867.85	-49.307
868.14	-41.679
868.44	-35.22
868.74	-29.077
869.03	-46.784
869.33	-41.057
869.63	-44.55
869.92	-57.729
870.22	-57.825
870.52	-50.694
870.81	-51.242
871.11	-71.159
871.41	-138.077
871.7	-171.721
872	-207.292
872.3	-78.016
872.59	-84.637
872.89	-92.758
873.18	-91.036
873.48	-64.944
873.78	-77.805
874.07	-92.068
874.37	-99.509
874.66	-73.815
874.96	-55.489
875.25	-70.064
875.55	-91.489
875.85	-85.912
876.14	-74.278
876.44	-61.518
876.73	-99.026
877.03	-76.164
877.32	-91.429
877.62	-42.894
877.91	-50.714
878.21	-52.564
878.5	-29.69
878.8	-44.05
879.09	-59.191
879.39	-42.998
879.68	-44.62
879.98	-30.521
880.27	-24.911
880.57	-17.015
880.86	-18.231
881.16	-16.528
881.45	-16.781
881.74	-14.722
882.04	-9.317
882.33	-7.751
882.63	-9.869
882.92	-7.768
883.22	-9.382
883.51	-11.582
883.8	-15.007
884.1	-19.186
884.39	-19.059
884.69	-17.418
884.98	-19.782
885.27	-21.987
885.57	-24.326
885.86	-33.652
886.15	-41.7
886.45	-34.436
886.74	-47.051
887.03	-33.203
887.33	-24.937
887.62	-24.387
887.91	27.723
888.21	-165.278
888.5	29.762
888.79	-23.158
889.09	-6.154
