190.56	-146.154
190.94	-146.154
191.32	-146.154
191.7	-63.636
192.08	-155.556
192.46	-27.632
192.84	-14.747
193.22	-8.941
193.6	-21.701
193.98	-49.462
194.36	-46.183
194.74	-87.5
195.13	-133.333
195.51	-236.17
195.89	-503.226
196.27	-3375
196.65	1137.143
197.03	3358.333
197.4	514.865
197.78	0
198.16	-1020
198.54	-516.667
198.92	-189.116
199.3	-152.406
199.68	-140.26
200.06	-168.586
200.44	-92.488
200.82	-118.571
201.2	-108.966
201.58	-76.151
201.96	-90.674
202.34	-84.649
202.72	-73.932
203.1	-54.338
203.48	-28.819
203.86	-91.954
204.24	-17.91
204.62	-85.99
205	-77.637
205.38	-89.202
205.76	-111.475
206.13	-105.263
206.51	-214.173
206.89	-450.725
207.27	-933.333
207.65	-2000
208.03	-1016.667
208.41	1690.909
208.79	-1059.259
209.17	-357.143
209.55	-555.072
209.93	-260.131
210.3	-165.104
210.68	-102.694
211.06	-74.4
211.44	-40.969
211.82	-33.181
212.2	-39.721
212.58	-40.972
212.96	-52.03
213.33	-48.687
213.71	-18.237
214.09	-7.849
214.47	-18.669
214.85	-19.167
215.23	-14.027
215.61	-23.366
215.98	-32.148
216.36	-20.231
216.74	-23.529
217.12	-19.364
217.5	-11.186
217.88	-27.887
218.25	-28.212
218.63	-21.715
219.01	-16.919
219.39	-20.894
219.77	-18.399
220.14	-16.304
220.52	-16.408
220.9	-19.643
221.28	-20.651
221.66	-30.283
222.03	-23.155
222.41	-21.141
222.79	-23.457
223.17	-23.133
223.55	-19.079
223.92	-27.413
224.3	-24.604
224.68	-20.798
225.06	-14.106
225.43	-10.636
225.81	-8.327
226.19	-6.228
226.57	-7.815
226.95	-5.307
227.32	-4.049
227.7	-4.196
228.08	-0.877
228.46	-0.993
228.83	-0.513
229.21	-0.537
229.59	-0.747
229.96	-0.972
230.34	-1.45
230.72	-0.171
231.1	-0.46
231.47	0.076
231.85	0.259
232.23	-0.53
232.6	0.089
232.98	-0.752
233.36	-1.286
233.74	-0.505
234.11	0.839
234.49	1.239
234.87	0.42
235.24	-0.119
235.62	-1.035
236	-1.173
236.37	-1.069
236.75	-1.383
237.13	-0.521
237.5	-0.388
237.88	-1.11
238.26	-1.705
238.63	-2.271
239.01	-1.711
239.39	-0.947
239.76	-0.477
240.14	-0.337
240.52	-0.742
240.89	-0.891
241.27	-1.477
241.65	-1.705
242.02	-1.835
242.4	-1.448
242.77	-1.584
243.15	-2.019
243.53	-2.243
243.9	-1.858
244.28	-1.553
244.66	-0.983
245.03	-0.732
245.41	-0.291
245.78	-0.069
246.16	0.201
246.54	0.098
246.91	0.312
247.29	0.725
247.66	0.964
248.04	0.884
248.41	0.868
248.79	0.696
249.17	0.699
249.54	0.589
249.92	0.446
250.29	0.601
250.67	0.406
251.04	0.711
251.42	0.243
251.8	-0.056
252.17	0.029
252.55	-0.261
252.92	-0.393
253.3	-0.871
253.67	-1.451
254.05	-1.549
254.42	-1.764
254.8	-1.897
255.17	-2.444
255.55	-2.363
255.92	-1.555
256.3	-2.197
256.67	-2.475
257.05	-2.078
257.42	-1.019
257.8	-0.83
258.17	-0.514
258.55	-0.57
258.92	-0.269
259.3	-0.401
259.67	-0.514
260.05	-0.594
260.42	-0.286
260.8	-0.066
261.17	-0.248
261.55	-0.455
261.92	-0.071
262.3	-0.198
262.67	-0.198
263.05	-0.195
263.42	-0.174
263.79	0.12
264.17	-0.117
264.54	-0.511
264.92	-0.361
265.29	-0.184
265.67	-0.296
266.04	-0.617
266.42	-0.41
266.79	-0.605
267.16	-0.637
267.54	-0.535
267.91	-0.54
268.29	-0.603
268.66	-0.342
269.03	-0.147
269.41	-0.269
269.78	-0.417
270.16	-0.378
270.53	-0.485
270.9	-0.415
271.28	-0.773
271.65	-0.806
272.03	-1.006
272.4	-1.041
272.77	-1.046
273.15	-1.253
273.52	-1.301
273.89	-1.129
274.27	-1.083
274.64	-0.882
275.01	-0.975
275.39	-0.66
275.76	-0.561
276.14	-0.137
276.51	-0.281
276.88	-0.289
277.26	-0.269
277.63	-0.154
278	0
278.38	-0.006
278.75	-0.249
279.12	0.02
279.49	0.12
279.87	0.156
280.24	0.106
280.61	0.356
280.99	0.402
281.36	0.345
281.73	0.307
282.11	0.04
282.48	0.119
282.85	0.257
283.22	0.179
283.6	0.092
283.97	0.007
284.34	-0.11
284.71	-0.147
285.09	-0.356
285.46	-0.212
285.83	0.015
286.21	0.122
286.58	0.145
286.95	0.093
287.32	0.212
287.7	0.204
288.07	0.423
288.44	0.365
288.81	0.307
289.18	0.502
289.56	0.399
289.93	0.136
290.3	0.18
290.67	0.154
291.05	0.124
291.42	0.17
291.79	0.297
292.16	0.35
292.53	0.384
292.91	0.442
293.28	0.461
293.65	0.544
294.02	0.633
294.39	0.635
294.76	0.608
295.14	0.809
295.51	0.653
295.88	0.568
296.25	0.429
296.62	0.447
297	0.6
297.37	0.668
297.74	0.551
298.11	0.519
298.48	0.526
298.85	0.54
299.22	0.306
299.6	0.46
299.97	0.541
300.34	0.603
300.71	0.647
301.08	0.596
301.45	0.492
301.82	0.726
302.19	0.935
302.56	0.834
302.94	0.948
303.31	1.068
303.68	1.061
304.05	1.067
304.42	1.199
304.79	1.252
305.16	1.324
305.53	1.315
305.9	1.235
306.27	1.119
306.64	1.341
307.02	1.145
307.39	0.851
307.76	0.795
308.13	0.832
308.5	0.86
308.87	1.182
309.24	1.017
309.61	0.944
309.98	0.958
310.35	0.98
310.72	0.96
311.09	1.091
311.46	1.448
311.83	1.374
312.2	1.323
312.57	1.147
312.94	0.726
313.31	0.771
313.68	0.94
314.05	0.872
314.42	0.784
314.79	0.672
315.16	0.595
315.53	0.566
315.9	0.556
316.27	0.631
316.64	0.785
317.01	0.948
317.38	0.903
317.75	0.938
318.12	1.028
318.49	1.109
318.86	0.995
319.23	0.89
319.6	0.921
319.97	1.196
320.34	1.246
320.71	1.145
321.08	1.093
321.45	1.41
321.82	1.407
322.19	1.468
322.55	1.807
322.92	2.09
323.29	2.412
323.66	2.494
324.03	2.487
324.4	2.494
324.77	2.527
325.14	2.863
325.51	2.841
325.88	2.974
326.25	3.039
326.61	2.799
326.98	2.958
327.35	2.947
327.72	3.02
328.09	3.161
328.46	3.272
328.83	3.529
329.2	3.391
329.56	3.577
329.93	3.643
330.3	3.933
330.67	4.213
331.04	4.337
331.41	4.496
331.78	4.685
332.14	4.789
332.51	5.005
332.88	5.137
333.25	5.338
333.62	5.494
333.99	5.513
334.35	5.462
334.72	5.622
335.09	5.674
335.46	5.714
335.83	5.767
336.19	5.946
336.56	6.046
336.93	6.006
337.3	6.05
337.67	6.029
338.03	6.139
338.4	6.337
338.77	6.3
339.14	6.333
339.5	6.483
339.87	6.587
340.24	6.544
340.61	6.458
340.97	6.613
341.34	6.54
341.71	6.64
342.08	6.824
342.44	6.77
342.81	6.945
343.18	6.851
343.55	6.7
343.91	6.981
344.28	7.277
344.65	7.341
345.02	7.237
345.38	7.308
345.75	7.253
346.12	7.179
346.48	7.331
346.85	7.315
347.22	7.467
347.59	7.813
347.95	7.628
348.32	7.421
348.69	7.432
349.05	7.49
349.42	7.474
349.79	7.502
350.15	7.423
350.52	7.169
350.89	7.163
351.25	7.283
351.62	7.139
351.99	7.04
352.35	6.89
352.72	6.792
353.09	6.675
353.45	6.595
353.82	6.447
354.18	6.542
354.55	6.647
354.92	6.56
355.28	6.397
355.65	6.343
356.02	6.351
356.38	6.473
356.75	6.54
357.11	6.555
357.48	6.741
357.85	6.873
358.21	6.837
358.58	6.847
358.94	6.906
359.31	6.939
359.67	6.965
360.04	6.905
360.41	6.87
360.77	6.932
361.14	7.048
361.5	6.944
361.87	6.949
362.23	6.955
362.6	6.974
362.97	6.973
363.33	7.016
363.7	7.088
364.06	7.102
364.43	7.026
364.79	7.097
365.16	7.135
365.52	7.284
365.89	7.286
366.25	7.466
366.62	7.309
366.98	7.23
367.35	7.133
367.71	7.099
368.08	7.123
368.44	7.126
368.81	7.01
369.17	6.898
369.54	6.885
369.9	6.946
370.27	6.764
370.63	6.883
371	6.775
371.36	6.839
371.73	6.743
372.09	6.872
372.45	7.095
372.82	7.19
373.18	7.43
373.55	7.364
373.91	7.26
374.28	7.279
374.64	7.416
375.01	7.681
375.37	7.834
375.73	8.009
376.1	7.972
376.46	7.881
376.83	7.949
377.19	7.898
377.55	7.971
377.92	8.217
378.28	8.307
378.65	8.443
379.01	8.551
379.37	8.636
379.74	8.632
380.1	8.81
380.47	8.933
380.83	8.885
381.19	9.004
381.56	9.179
381.92	9.153
382.28	9.292
382.65	9.229
383.01	9.204
383.37	9.32
383.74	9.56
384.1	9.549
384.46	9.662
384.83	9.863
385.19	10.036
385.55	10.022
385.92	10.061
386.28	10.118
386.64	10.142
387.01	10.306
387.37	10.271
387.73	10.197
388.1	10.389
388.46	10.45
388.82	10.513
389.18	10.477
389.55	10.599
389.91	10.738
390.27	10.793
390.64	10.818
391	10.9
391.36	10.997
391.72	11.119
392.09	11.085
392.45	11.187
392.81	11.138
393.17	11.043
393.54	11.034
393.9	11.19
394.26	11.293
394.62	11.454
394.99	11.557
395.35	11.647
395.71	11.701
396.07	11.786
396.43	11.803
396.8	11.909
397.16	12.183
397.52	12.468
397.88	12.421
398.24	12.416
398.61	12.462
398.97	12.445
399.33	12.641
399.69	12.665
400.05	12.674
400.42	12.681
400.78	12.729
401.14	12.638
401.5	12.514
401.86	12.456
402.22	12.545
402.59	12.679
402.95	12.867
403.31	12.823
403.67	12.984
404.03	13.126
404.39	13.156
404.75	13.293
405.12	13.471
405.48	13.599
405.84	13.677
406.2	13.712
406.56	13.689
406.92	13.677
407.28	13.638
407.64	13.662
408	13.674
408.36	13.825
408.73	13.844
409.09	13.769
409.45	13.793
409.81	13.878
410.17	13.86
410.53	13.913
410.89	13.897
411.25	14.072
411.61	14.091
411.97	14.184
412.33	14.168
412.69	14.261
413.05	14.459
413.41	14.472
413.77	14.529
414.13	14.696
414.5	14.713
414.86	14.761
415.22	14.693
415.58	14.706
415.94	14.714
416.3	14.831
416.66	14.836
417.02	14.845
417.38	14.872
417.74	14.929
418.1	14.92
418.46	15.019
418.82	15.039
419.18	15.056
419.54	15.075
419.9	15.108
420.26	15.085
420.61	15.112
420.97	15.187
421.33	15.197
421.69	15.118
422.05	15.121
422.41	15.156
422.77	15.171
423.13	15.145
423.49	15.155
423.85	15.102
424.21	15.141
424.57	15.162
424.93	15.071
425.29	15.043
425.65	15.21
426.01	15.294
426.36	15.277
426.72	15.261
427.08	15.355
427.44	15.336
427.8	15.476
428.16	15.555
428.52	15.556
428.88	15.549
429.24	15.613
429.59	15.576
429.95	15.554
430.31	15.614
430.67	15.698
431.03	15.647
431.39	15.71
431.75	15.728
432.1	15.683
432.46	15.708
432.82	15.812
433.18	15.848
433.54	15.898
433.9	15.991
434.25	16.017
434.61	16.085
434.97	16.205
435.33	16.231
435.69	16.2
436.04	16.256
436.4	16.331
436.76	16.353
437.12	16.364
437.48	16.376
437.83	16.29
438.19	16.287
438.55	16.345
438.91	16.353
439.27	16.422
439.62	16.502
439.98	16.562
440.34	16.508
440.7	16.547
441.05	16.626
441.41	16.585
441.77	16.667
442.13	16.696
442.48	16.682
442.84	16.729
443.2	16.723
443.56	16.728
443.91	16.758
444.27	16.859
444.63	16.885
444.98	16.88
445.34	17.007
445.7	17.044
446.05	16.959
446.41	16.932
446.77	16.931
447.13	16.991
447.48	17.046
447.84	17.02
448.2	16.99
448.55	17.003
448.91	17.013
449.27	16.95
449.62	16.956
449.98	17.053
450.34	17.078
450.69	17.097
451.05	17.117
451.4	17.037
451.76	17.106
452.12	17.132
452.47	17.205
452.83	17.294
453.19	17.334
453.54	17.271
453.9	17.316
454.25	17.402
454.61	17.402
454.97	17.482
455.32	17.578
455.68	17.499
456.03	17.626
456.39	17.566
456.75	17.475
457.1	17.556
457.46	17.645
457.81	17.56
458.17	17.5
458.52	17.541
458.88	17.437
459.24	17.469
459.59	17.56
459.95	17.462
460.3	17.5
460.66	17.564
461.01	17.456
461.37	17.498
461.72	17.577
462.08	17.57
462.43	17.551
462.79	17.607
463.14	17.548
463.5	17.517
463.85	17.574
464.21	17.558
464.56	17.522
464.92	17.591
465.27	17.586
465.63	17.618
465.98	17.614
466.34	17.611
466.69	17.635
467.05	17.709
467.4	17.665
467.76	17.65
468.11	17.624
468.47	17.729
468.82	17.742
469.18	17.687
469.53	17.686
469.88	17.79
470.24	17.927
470.59	17.906
470.95	17.888
471.3	17.911
471.66	17.985
472.01	18.02
472.36	17.989
472.72	18.042
473.07	18.069
473.43	18.105
473.78	18.041
474.13	17.998
474.49	18.015
474.84	17.996
475.19	17.972
475.55	17.905
475.9	17.913
476.26	17.904
476.61	17.942
476.96	17.96
477.32	17.949
477.67	17.958
478.02	17.93
478.38	17.898
478.73	17.907
479.08	17.996
479.44	17.961
479.79	17.969
480.14	17.967
480.5	17.922
480.85	17.899
481.2	17.899
481.56	17.866
481.91	17.852
482.26	17.88
482.62	17.9
482.97	17.911
483.32	17.974
483.67	17.992
484.03	17.975
484.38	17.963
484.73	17.951
485.08	17.956
485.44	17.97
485.79	17.998
486.14	18.053
486.49	18.084
486.85	18.085
487.2	18.073
487.55	18.061
487.9	18.151
488.26	18.215
488.61	18.253
488.96	18.256
489.31	18.302
489.67	18.354
490.02	18.327
490.37	18.328
490.72	18.318
491.07	18.358
491.43	18.401
491.78	18.374
492.13	18.368
492.48	18.354
492.83	18.38
493.19	18.383
493.54	18.349
493.89	18.402
494.24	18.414
494.59	18.435
494.94	18.392
495.29	18.394
495.65	18.395
496	18.374
496.35	18.467
496.7	18.473
497.05	18.534
497.4	18.542
497.75	18.492
498.11	18.434
498.46	18.47
498.81	18.544
499.16	18.542
499.51	18.547
499.86	18.526
500.21	18.521
500.56	18.541
500.91	18.481
501.26	18.5
501.62	18.482
501.97	18.553
502.32	18.598
502.67	18.533
503.02	18.54
503.37	18.553
503.72	18.577
504.07	18.575
504.42	18.584
504.77	18.568
505.12	18.524
505.47	18.6
505.82	18.568
506.17	18.53
506.52	18.571
506.87	18.557
507.22	18.537
507.57	18.546
507.92	18.594
508.27	18.658
508.62	18.736
508.97	18.825
509.32	18.819
509.67	18.833
510.02	18.831
510.37	18.842
510.72	18.863
511.07	18.888
511.42	18.89
511.77	18.889
512.12	18.862
512.47	18.875
512.82	18.88
513.17	18.868
513.52	18.904
513.87	18.877
514.22	18.914
514.57	18.913
514.91	18.848
515.26	18.819
515.61	18.809
515.96	18.805
516.31	18.799
516.66	18.75
517.01	18.703
517.36	18.705
517.71	18.763
518.06	18.699
518.41	18.67
518.75	18.747
519.1	18.812
519.45	18.809
519.8	18.788
520.15	18.751
520.5	18.764
520.85	18.828
521.19	18.848
521.54	18.806
521.89	18.841
522.24	18.87
522.59	18.85
522.94	18.812
523.28	18.783
523.63	18.796
523.98	18.837
524.33	18.869
524.68	18.877
525.03	18.907
525.37	18.895
525.72	18.878
526.07	18.86
526.42	18.801
526.76	18.808
527.11	18.88
527.46	18.903
527.81	18.896
528.16	18.937
528.5	18.952
528.85	18.917
529.2	18.928
529.55	18.957
529.89	19.019
530.24	19.091
530.59	19.109
530.94	19.056
531.28	19.033
531.63	19.073
531.98	18.972
532.32	18.963
532.67	18.941
533.02	18.96
533.37	18.927
533.71	18.874
534.06	18.898
534.41	18.934
534.75	18.969
535.1	19.02
535.45	19.017
535.79	19.08
536.14	19.053
536.49	19.071
536.83	19.092
537.18	19.053
537.53	19.058
537.87	19.041
538.22	19.004
538.57	19.035
538.91	19.047
539.26	18.967
539.61	18.907
539.95	18.909
540.3	18.973
540.64	19.044
540.99	19.147
541.34	19.143
541.68	19.114
542.03	19.161
542.37	19.13
542.72	19.123
543.07	19.153
543.41	19.22
543.76	19.262
544.1	19.261
544.45	19.194
544.8	19.16
545.14	19.214
545.49	19.253
545.83	19.264
546.18	19.331
546.52	19.307
546.87	19.408
547.21	19.414
547.56	19.446
547.9	19.44
548.25	19.449
548.59	19.391
548.94	19.337
549.29	19.388
549.63	19.423
549.98	19.353
550.32	19.367
550.67	19.309
551.01	19.297
551.35	19.287
551.7	19.375
552.04	19.347
552.39	19.398
552.73	19.453
553.08	19.412
553.42	19.373
553.77	19.423
554.11	19.467
554.46	19.506
554.8	19.612
555.15	19.55
555.49	19.517
555.83	19.581
556.18	19.642
556.52	19.632
556.87	19.709
557.21	19.696
557.56	19.679
557.9	19.678
558.24	19.713
558.59	19.647
558.93	19.694
559.28	19.627
559.62	19.638
559.96	19.645
560.31	19.663
560.65	19.594
560.99	19.671
561.34	19.734
561.68	19.779
562.02	19.703
562.37	19.795
562.71	19.891
563.06	19.963
563.4	19.972
563.74	20.009
564.09	20.039
564.43	20.017
564.77	19.966
565.11	19.975
565.46	19.934
565.8	19.943
566.14	19.955
566.49	19.896
566.83	19.901
567.17	19.876
567.52	19.819
567.86	19.841
568.2	19.873
568.54	19.82
568.89	19.746
569.23	19.727
569.57	19.774
569.91	19.711
570.26	19.743
570.6	19.779
570.94	19.742
571.28	19.754
571.63	19.762
571.97	19.835
572.31	19.872
572.65	19.921
573	19.991
573.34	19.985
573.68	20.019
574.02	20.061
574.36	20.008
574.71	20.105
575.05	20.104
575.39	20.145
575.73	20.103
576.07	20.104
576.42	20.083
576.76	20.096
577.1	20.111
577.44	20.149
577.78	20.103
578.12	20.109
578.46	20.13
578.81	20.267
579.15	20.305
579.49	20.338
579.83	20.372
580.17	20.425
580.51	20.379
580.85	20.387
581.2	20.285
581.54	20.305
581.88	20.445
582.22	20.396
582.56	20.367
582.9	20.318
583.24	20.292
583.58	20.398
583.92	20.557
584.26	20.614
584.6	20.685
584.95	20.848
585.29	20.868
585.63	20.794
585.97	20.913
586.31	20.898
586.65	20.84
586.99	20.79
587.33	20.729
587.67	20.511
588.01	20.565
588.35	20.539
588.69	20.491
589.03	20.493
589.37	20.487
589.71	20.459
590.05	20.454
590.39	20.562
590.73	20.682
591.07	20.711
591.41	20.908
591.75	20.946
592.09	20.957
592.43	20.963
592.77	21.109
593.11	21.226
593.45	21.226
593.79	21.285
594.13	21.324
594.47	21.274
594.81	21.308
595.14	21.31
595.48	21.319
595.82	21.388
596.16	21.492
596.5	21.491
596.84	21.568
597.18	21.707
597.52	21.769
597.86	21.773
598.2	21.94
598.54	22.027
598.87	22.103
599.21	22.144
599.55	22.21
599.89	22.172
600.23	22.155
600.57	22.192
600.91	22.273
601.25	22.476
601.58	22.518
601.92	22.579
602.26	22.569
602.6	22.63
602.94	22.719
603.28	22.804
603.61	22.913
603.95	23.029
604.29	23.123
604.63	23.096
604.97	22.98
605.3	23.176
605.64	23.198
605.98	23.25
606.32	23.284
606.66	23.278
606.99	23.243
607.33	23.311
607.67	23.356
608.01	23.335
608.34	23.433
608.68	23.592
609.02	23.517
609.36	23.487
609.69	23.633
610.03	23.771
610.37	23.895
610.71	24.017
611.04	24.08
611.38	24.188
611.72	24.283
612.06	24.415
612.39	24.399
612.73	24.452
613.07	24.396
613.4	24.442
613.74	24.542
614.08	24.543
614.41	24.601
614.75	24.577
615.09	24.634
615.42	24.725
615.76	24.61
616.1	24.787
616.43	24.899
616.77	25.162
617.11	25.213
617.44	25.162
617.78	25.275
618.12	25.371
618.45	25.425
618.79	25.487
619.13	25.438
619.46	25.469
619.8	25.382
620.13	25.299
620.47	25.394
620.81	25.411
621.14	25.261
621.48	25.184
621.81	25.22
622.15	25.258
622.48	25.236
622.82	25.257
623.16	25.344
623.49	25.422
623.83	25.466
624.16	25.506
624.5	25.479
624.83	25.587
625.17	25.561
625.5	25.499
625.84	25.644
626.18	25.765
626.51	25.914
626.85	26.025
627.18	26.063
627.52	26.253
627.85	26.324
628.19	26.333
628.52	26.441
628.86	26.404
629.19	26.509
629.53	26.439
629.86	26.463
630.19	26.512
630.53	26.376
630.86	26.273
631.2	26.226
631.53	25.979
631.87	26.106
632.2	26.008
632.54	26.11
632.87	26.149
633.2	26.169
633.54	25.983
633.87	25.85
634.21	25.927
634.54	25.958
634.88	26.099
635.21	26.28
635.54	26.219
635.88	26.474
636.21	26.705
636.55	26.624
636.88	26.636
637.21	26.863
637.55	26.957
637.88	27.043
638.21	27.221
638.55	27.036
638.88	27.261
639.21	27.411
639.55	27.2
639.88	27.032
640.21	27.171
640.55	27.329
640.88	27.289
641.21	27.184
641.55	27.095
641.88	26.947
642.21	26.892
642.55	26.671
642.88	26.379
643.21	26.448
643.55	26.64
643.88	26.569
644.21	26.461
644.54	26.144
644.88	26.338
645.21	26.249
645.54	26.316
645.87	26.518
646.21	26.52
646.54	26.625
646.87	26.511
647.2	26.287
647.54	26.22
647.87	26.372
648.2	26.545
648.53	26.467
648.87	26.785
649.2	26.932
649.53	26.646
649.86	26.701
650.19	26.936
650.53	26.959
650.86	27.202
651.19	27.35
651.52	27.264
651.85	27.505
652.18	27.41
652.52	27.312
652.85	27.19
653.18	27.53
653.51	27.369
653.84	27.303
654.17	27.442
654.51	27.277
654.84	27.134
655.17	27.197
655.5	27.029
655.83	27.183
656.16	27.102
656.49	27.035
656.82	26.751
657.15	26.901
657.49	26.84
657.82	26.855
658.15	26.85
658.48	27.084
658.81	27.086
659.14	27.052
659.47	26.979
659.8	26.805
660.13	26.784
660.46	27.079
660.79	27.07
661.12	27.162
661.45	27.03
661.78	27.135
662.11	26.959
662.44	26.748
662.77	26.848
663.1	26.758
663.43	26.871
663.76	26.9
664.09	26.661
664.42	26.484
664.75	26.272
665.08	26.279
665.41	26.086
665.74	26.075
666.07	26.255
666.4	25.983
666.73	26.07
667.06	26.128
667.39	26.12
667.72	26.134
668.05	26.128
668.38	26.279
668.71	26.301
669.04	26.613
669.37	26.643
669.7	26.726
670.03	26.985
670.36	26.916
670.69	26.908
671.01	26.717
671.34	26.684
671.67	26.744
672	26.668
672.33	26.599
672.66	26.437
672.99	26.248
673.32	25.972
673.64	25.789
673.97	25.562
674.3	25.582
674.63	25.749
674.96	25.769
675.29	25.704
675.62	25.499
675.94	25.258
676.27	24.993
676.6	24.986
676.93	25.14
677.26	25.131
677.58	25.253
677.91	24.902
678.24	25.043
678.57	25.202
678.9	24.988
679.22	25.058
679.55	25.149
679.88	25.335
680.21	25.358
680.54	25.421
680.86	25.306
681.19	25.193
681.52	25.232
681.85	25.043
682.17	24.516
682.5	24.461
682.83	24.294
683.16	24.261
683.48	24.035
683.81	23.974
684.14	23.629
684.46	23.67
684.79	23.499
685.12	23.618
685.45	23.409
685.77	23.732
686.1	23.975
686.43	24.056
686.75	24.008
687.08	23.858
687.41	23.779
687.73	23.692
688.06	23.554
688.39	23.659
688.71	23.274
689.04	23.131
689.36	22.781
689.69	22.39
690.02	22.082
690.34	21.968
690.67	22.138
691	21.692
691.32	21.274
691.65	20.854
691.97	20.446
692.3	20.332
692.63	20.006
692.95	19.871
693.28	19.504
693.6	19.513
693.93	19.496
694.26	18.834
694.58	18.79
694.91	18.888
695.23	18.832
695.56	18.934
695.88	19.082
696.21	19.128
696.53	18.971
696.86	18.973
697.18	18.78
697.51	18.452
697.83	18.522
698.16	18.502
698.48	18.412
698.81	18.276
699.13	17.822
699.46	17.322
699.78	17.412
700.11	17.115
700.43	17.038
700.76	16.789
701.08	16.591
701.41	15.969
701.73	15.7
702.06	15.419
702.38	15.096
702.71	15.162
703.03	15.28
703.35	14.799
703.68	14.63
704	14.501
704.33	14.155
704.65	14.191
704.98	14.467
705.3	14.126
705.62	13.393
705.95	13.253
706.27	13.299
706.6	12.949
706.92	12.831
707.24	12.666
707.57	12.612
707.89	12.049
708.21	11.369
708.54	10.91
708.86	10.65
709.18	10.635
709.51	10.716
709.83	10.041
710.15	10.262
710.48	9.741
710.8	9.087
711.12	8.473
711.45	8.238
711.77	7.982
712.09	7.893
712.42	7.522
712.74	7.313
713.06	7.365
713.38	7.148
713.71	6.616
714.03	6.235
714.35	6.337
714.68	6.261
715	6.416
715.32	6.616
715.64	6.108
715.97	6.33
716.29	5.569
716.61	4.698
716.93	4.316
717.25	4.374
717.58	4.235
717.9	3.919
718.22	3.907
718.54	2.989
718.87	2.681
719.19	3.046
719.51	2.35
719.83	2.981
720.15	3.282
720.47	3.031
720.8	1.483
721.12	2.112
721.44	1.764
721.76	0.934
722.08	0.996
722.4	0.24
722.73	-0.535
723.05	-1.388
723.37	-2.38
723.69	-3.271
724.01	-3.689
724.33	-3.395
724.65	-4.863
724.97	-4.871
725.3	-5.099
725.62	-5.018
725.94	-5.423
726.26	-5.669
726.58	-5.216
726.9	-4.729
727.22	-5.154
727.54	-5.017
727.86	-5.318
728.18	-5.769
728.5	-5.51
728.82	-6.396
729.14	-6.456
729.46	-6.605
729.78	-6.703
730.1	-6.756
730.42	-7.375
730.74	-7.817
731.07	-8.319
731.39	-7.529
731.71	-7.245
732.03	-8.171
732.35	-7.252
732.66	-7.394
732.98	-7.389
733.3	-7.337
733.62	-7.177
733.94	-7.211
734.26	-7.071
734.58	-6.897
734.9	-8.821
735.22	-8.681
735.54	-8.848
735.86	-8.797
736.18	-8.351
736.5	-8.377
736.82	-7.467
737.14	-8.008
737.46	-8.092
737.78	-7.743
738.1	-7.878
738.41	-6.781
738.73	-8.588
739.05	-9.447
739.37	-10.977
739.69	-12.309
740.01	-13.363
740.33	-14.747
740.65	-15.621
740.96	-16.618
741.28	-16.933
741.6	-16.576
741.92	-17.929
742.24	-16.025
742.56	-15.059
742.88	-14.919
743.19	-14.858
743.51	-15.329
743.83	-18.35
744.15	-17.966
744.47	-18.157
744.78	-19.551
745.1	-19.895
745.42	-18.597
745.74	-20.884
746.06	-22.355
746.37	-22.549
746.69	-21.974
747.01	-22.331
747.33	-19.79
747.64	-20.612
747.96	-19.363
748.28	-19.023
748.6	-20.861
748.91	-22.117
749.23	-22.007
749.55	-22.491
749.87	-22.071
750.18	-22.267
750.5	-22.511
750.82	-23.417
751.13	-24.933
751.45	-26.223
751.77	-27.265
752.08	-27.337
752.4	-29.05
752.72	-27.736
753.03	-24.666
753.35	-25.85
753.67	-27.91
753.98	-26.546
754.3	-27.699
754.62	-25.232
754.93	-24.892
755.25	-25.578
755.57	-24.516
755.88	-24.948
756.2	-26.312
756.51	-28.873
756.83	-29.013
757.15	-29.863
757.46	-30.323
757.78	-29.716
758.09	-31.433
758.41	-33.8
758.73	-33.069
759.04	-35.517
759.36	-33.913
759.67	-35.334
759.99	-34.489
760.3	-33.624
760.62	-33.209
760.94	-34.831
761.25	-35.393
761.57	-34.858
761.88	-31.396
762.2	-30.487
762.51	-28.939
762.83	-27.89
763.14	-25.957
763.46	-23.77
763.77	-24.396
764.09	-23.216
764.4	-23.062
764.72	-22.13
765.03	-21.783
765.35	-22.72
765.66	-23.322
765.98	-21.975
766.29	-23.753
766.61	-27.201
766.92	-32.809
767.23	-31.727
767.55	-33.398
767.86	-35.355
768.18	-34.337
768.49	-35.048
768.81	-35.751
769.12	-33.333
769.43	-34.529
769.75	-33.456
770.06	-29.873
770.38	-27.778
770.69	-28.907
771	-26.912
771.32	-23.329
771.63	-25.022
771.94	-25.394
772.26	-26.066
772.57	-29.183
772.89	-31.087
773.2	-32.173
773.51	-30.75
773.83	-31.024
774.14	-30.84
774.45	-32.378
774.77	-34.767
775.08	-34.975
775.39	-34.909
775.7	-33.164
776.02	-32.091
776.33	-30.826
776.64	-29.928
776.96	-31.507
777.27	-32.826
777.58	-32.097
777.89	-32.806
778.21	-33.211
778.52	-32.717
778.83	-33.969
779.14	-33.267
779.46	-35.522
779.77	-35.484
780.08	-36.716
780.39	-39.193
780.71	-42.849
781.02	-40.39
781.33	-41.792
781.64	-40.801
781.95	-45.301
782.27	-45.206
782.58	-49.441
782.89	-48.194
783.2	-45.688
783.51	-47.805
783.83	-46.761
784.14	-44.835
784.45	-49.465
784.76	-46.111
785.07	-46.035
785.38	-40.197
785.7	-35.9
786.01	-34.549
786.32	-36.112
786.63	-40.557
786.94	-38.299
787.25	-37.533
787.56	-32.506
787.87	-32.954
788.18	-32.734
788.5	-33.045
788.81	-35.47
789.12	-38.115
789.43	-36.416
789.74	-35.363
790.05	-39.821
790.36	-38.555
790.67	-38.2
790.98	-36.883
791.29	-35.502
791.6	-34.932
791.91	-32.917
792.22	-30.637
792.53	-32.486
792.84	-35.95
793.15	-33.046
793.46	-28.964
793.77	-28.417
794.08	-29.188
794.39	-33.133
794.7	-33.135
795.01	-37.036
795.32	-40.243
795.63	-45.009
795.94	-44.115
796.25	-41.101
796.56	-41.495
796.87	-37.992
797.18	-38.453
797.49	-38.621
797.8	-38.626
798.11	-39.802
798.42	-34.607
798.73	-34.402
799.04	-31.997
799.35	-32.462
799.65	-33.051
799.96	-36.715
800.27	-36.774
800.58	-33.21
800.89	-32.905
801.2	-27.861
801.51	-25.664
801.82	-29.572
802.13	-28.359
802.43	-31.415
802.74	-29.366
803.05	-32.268
803.36	-32.464
803.67	-33.822
803.98	-37.7
804.28	-38.15
804.59	-44.307
804.9	-43.113
805.21	-42.9
805.52	-44.716
805.83	-38.977
806.13	-41.818
806.44	-40.728
806.75	-36.558
807.06	-37.566
807.36	-39.649
807.67	-42.762
807.98	-39.69
808.29	-43.415
808.6	-40.622
808.9	-37.718
809.21	-40.988
809.52	-39.773
809.83	-38.413
810.13	-38.608
810.44	-38.933
810.75	-39.991
811.05	-32.752
811.36	-31.373
811.67	-34.802
811.98	-35.226
812.28	-41.592
812.59	-44.359
812.9	-44.964
813.2	-43.623
813.51	-50.142
813.82	-50.372
814.12	-42.131
814.43	-47.734
814.74	-56.654
815.04	-50.669
815.35	-58.964
815.65	-56.237
815.96	-54.427
816.27	-50.709
816.57	-56.854
816.88	-58.275
817.19	-57.632
817.49	-55.369
817.8	-57.489
818.1	-54.142
818.41	-56.608
818.72	-52.574
819.02	-49.613
819.33	-50.706
819.63	-52.649
819.94	-48.497
820.24	-45.511
820.55	-43.878
820.85	-47.654
821.16	-43.306
821.47	-40.857
821.77	-40.751
822.08	-40.129
822.38	-39.202
822.69	-38.345
822.99	-38.259
823.3	-38.764
823.6	-38.501
823.91	-38.564
824.21	-37.651
824.52	-36.229
824.82	-36.42
825.13	-37.026
825.43	-36.735
825.73	-38.953
826.04	-38.855
826.34	-39.367
826.65	-38.616
826.95	-36.342
827.26	-35.343
827.56	-35.359
827.87	-37.193
828.17	-38.922
828.47	-35.316
828.78	-34.019
829.08	-33.593
829.39	-37.251
829.69	-35.008
829.99	-35.636
830.3	-38.739
830.6	-37.843
830.9	-40.94
831.21	-44.786
831.51	-47.583
831.82	-50.878
832.12	-58.183
832.42	-53.12
832.73	-46.529
833.03	-47.76
833.33	-47.912
833.64	-46.552
833.94	-47.037
834.24	-43.705
834.54	-45.924
834.85	-43.868
835.15	-48.008
835.45	-46.513
835.76	-47.829
836.06	-51.18
836.36	-54.456
836.66	-54.792
836.97	-55.772
837.27	-54.221
837.57	-62.911
837.87	-58.693
838.18	-52.138
838.48	-45.081
838.78	-41.661
839.08	-46.899
839.39	-44.453
839.69	-52.498
839.99	-61.52
840.29	-73.958
840.59	-81.402
840.9	-89.356
841.2	-95.014
841.5	-107.135
841.8	-122.851
842.1	-125.44
842.41	-107.996
842.71	-108.656
843.01	-108.993
843.31	-88.913
843.61	-80.457
843.91	-93.1
844.21	-77.354
844.52	-73.955
844.82	-67.012
845.12	-63.354
845.42	-55.509
845.72	-63.379
846.02	-57.401
846.32	-53.236
846.62	-51.97
846.92	-47.408
847.22	-39.053
847.52	-33.628
847.83	-37.596
848.13	-58.381
848.43	-55.365
848.73	-64.989
849.03	-58.844
849.33	-67.375
849.63	-64.838
849.93	-52.703
850.23	-56.592
850.53	-51.829
850.83	-62.045
851.13	-60.767
851.43	-44.019
851.73	-44.417
852.03	-57.429
852.33	-63.396
852.63	-66.252
852.93	-59.911
853.23	-76.258
853.53	-64.095
853.83	-94.15
854.13	-102.381
854.43	-104.418
854.73	-104.286
855.03	-112.174
855.32	-83.06
855.62	-86.328
855.92	-86.653
856.22	-111.196
856.52	-124.737
856.82	-178.289
857.12	-143.646
857.42	-100.849
857.72	-124.064
858.02	-104.478
858.31	-104.45
858.61	-126.542
858.91	-114.894
859.21	-83.071
859.51	-82.103
859.81	-61.186
860.11	-58.891
860.4	-55.838
860.7	-64.89
861	-59.472
861.3	-52.102
861.6	-34.54
861.9	-34.801
862.19	-32.62
862.49	-35.989
862.79	-36.161
863.09	-33.786
863.39	-25.843
863.68	-28.552
863.98	-35.286
864.28	-27.623
864.58	-47.552
864.87	-60.209
865.17	-71.146
865.47	-94.558
865.77	-147.745
866.06	-136.709
866.36	-183.881
866.66	-210.526
866.96	-298.544
867.25	-227.734
867.55	-270.435
867.85	-331.401
868.14	-477.931
868.44	-429.586
868.74	-488.889
869.03	-675.758
869.33	-548.649
869.63	-291.979
869.92	-438.849
870.22	-464.964
870.52	-1257.447
870.81	-409.821
871.11	-384.821
871.41	-330.827
871.7	-253.333
872	-167.568
872.3	-169.778
872.59	-202.463
872.89	-332.215
873.18	-161.905
873.48	-157.613
873.78	-236.957
874.07	-570.922
874.37	-571.223
874.66	-461.538
874.96	-367.76
875.25	-351.412
875.55	-187.291
875.85	-217.747
876.14	-169.118
876.44	-194.294
876.73	-152.342
877.03	-95.745
877.32	-50.096
877.62	-45.225
877.91	-41.622
878.21	-32.446
878.5	-30.119
878.8	-40.784
879.09	-28.871
879.39	-28.854
879.68	-32.612
879.98	-41.221
880.27	-49.817
880.57	-40.071
880.86	-41.364
881.16	-51.341
881.45	-59.389
881.74	-57.802
882.04	-61.251
882.33	-56.652
882.63	-60.208
882.92	-59.977
883.22	-59.757
883.51	-56.29
883.8	-61.607
884.1	-63.967
884.39	-64.723
884.69	-57.656
884.98	-65.169
885.27	-68.617
885.57	-76.519
885.86	-69.386
886.15	-73.631
886.45	-76.209
886.74	-87.023
887.03	-97.99
887.33	-80.769
887.62	-86.496
887.91	-196.97
888.21	-266.667
888.5	-403.571
888.79	-26.786
889.09	0
