190.56	238.462
190.94	238.462
191.32	238.462
191.70	67.857
192.08	-250.000
192.46	136.957
192.84	197.436
193.22	73.973
193.60	-128.571
193.98	-2100.000
194.36	217.500
194.74	715.385
195.13	-71.014
195.51	-133.333
195.89	65.882
196.27	143.089
196.65	375.472
197.03	1941.667
197.40	324.675
197.78	-353.226
198.16	-405.000
198.54	-94.304
198.92	-128.758
199.30	-370.330
199.68	-142.391
200.06	-94.681
200.44	-76.692
200.82	-60.000
201.20	-83.529
201.58	-52.716
201.96	-59.524
202.34	-87.611
202.72	-194.872
203.10	-162.264
203.48	-73.358
203.86	-101.205
204.24	-73.270
204.62	-74.926
205.00	-81.024
205.38	-42.175
205.76	-73.103
206.13	-94.048
206.51	-79.348
206.89	-53.666
207.27	-33.846
207.65	-14.679
208.03	-5.861
208.41	-8.621
208.79	-1.688
209.17	8.046
209.55	-28.947
209.93	-16.343
210.30	10.962
210.68	13.423
211.06	12.766
211.44	-2.947
211.82	-6.776
212.20	-19.397
212.58	-21.637
212.96	-27.027
213.33	-30.896
213.71	-24.419
214.09	-36.211
214.47	-86.392
214.85	-72.286
215.23	-60.163
215.61	-62.914
215.98	-91.111
216.36	-45.750
216.74	-41.207
217.12	-30.134
217.50	-40.848
217.88	-47.768
218.25	-28.431
218.63	-9.313
219.01	-5.298
219.39	-5.279
219.77	-13.663
220.14	-2.793
220.52	-10.837
220.90	-13.264
221.28	-11.828
221.66	-8.787
222.03	-6.030
222.41	-5.142
222.79	-7.888
223.17	-6.099
223.55	-3.050
223.92	0.952
224.30	3.550
224.68	0.884
225.06	2.984
225.43	4.134
225.81	5.113
226.19	7.369
226.57	4.193
226.95	5.188
227.32	4.491
227.70	3.965
228.08	3.975
228.46	3.226
228.83	3.823
229.21	3.309
229.59	2.787
229.96	2.218
230.34	1.268
230.72	1.567
231.10	0.817
231.47	1.425
231.85	1.220
232.23	0.701
232.60	0.545
232.98	0.909
233.36	1.321
233.74	2.697
234.11	2.251
234.49	4.333
234.87	4.419
235.24	4.582
235.62	3.040
236.00	3.494
236.37	3.492
236.75	4.189
237.13	3.916
237.50	4.178
237.88	2.717
238.26	3.321
238.63	2.297
239.01	2.224
239.39	2.262
239.76	2.918
240.14	2.151
240.52	2.238
240.89	2.154
241.27	2.004
241.65	2.270
242.02	3.054
242.40	2.869
242.77	2.609
243.15	2.921
243.53	3.020
243.90	2.814
244.28	2.951
244.66	2.652
245.03	2.704
245.41	2.665
245.78	2.712
246.16	2.632
246.54	3.088
246.91	3.046
247.29	2.925
247.66	2.672
248.04	2.801
248.41	2.865
248.79	3.293
249.17	3.391
249.54	3.415
249.92	3.299
250.29	2.762
250.67	1.847
251.04	1.509
251.42	1.442
251.80	1.345
252.17	0.650
252.55	0.433
252.92	0.436
253.30	0.218
253.67	0.996
254.05	0.942
254.42	1.046
254.80	1.460
255.17	1.975
255.55	1.461
255.92	1.714
256.30	2.651
256.67	2.651
257.05	1.723
257.42	1.956
257.80	1.704
258.17	1.639
258.55	1.724
258.92	1.800
259.30	1.748
259.67	1.954
260.05	2.000
260.42	1.846
260.80	1.870
261.17	1.973
261.55	1.792
261.92	1.645
262.30	1.843
262.67	1.896
263.05	1.722
263.42	1.618
263.79	1.275
264.17	1.226
264.54	1.217
264.92	1.187
265.29	1.410
265.67	1.433
266.04	1.114
266.42	0.520
266.79	0.436
267.16	0.713
267.54	0.989
267.91	1.268
268.29	1.396
268.66	1.573
269.03	1.814
269.41	2.040
269.78	2.121
270.16	2.271
270.53	2.701
270.90	2.787
271.28	2.593
271.65	2.247
272.03	2.137
272.40	2.035
272.77	1.775
273.15	1.556
273.52	1.386
273.89	1.294
274.27	1.543
274.64	1.310
275.01	1.336
275.39	1.223
275.76	1.240
276.14	1.195
276.51	1.036
276.88	0.918
277.26	0.866
277.63	0.957
278.00	0.891
278.38	0.868
278.75	1.041
279.12	1.058
279.49	1.090
279.87	1.221
280.24	1.547
280.61	1.668
280.99	1.985
281.36	2.059
281.73	2.104
282.11	2.293
282.48	2.296
282.85	2.236
283.22	2.156
283.60	2.272
283.97	2.355
284.34	2.179
284.71	2.058
285.09	1.986
285.46	2.034
285.83	2.034
286.21	1.781
286.58	1.640
286.95	1.661
287.32	1.526
287.70	1.503
288.07	1.354
288.44	1.717
288.81	1.884
289.18	2.141
289.56	2.233
289.93	2.225
290.30	2.576
290.67	2.720
291.05	2.854
291.42	3.245
291.79	3.319
292.16	3.533
292.53	3.344
292.91	3.472
293.28	3.451
293.65	3.589
294.02	3.753
294.39	3.849
294.76	4.063
295.14	4.122
295.51	4.183
295.88	4.494
296.25	4.697
296.62	4.862
297.00	4.895
297.37	5.058
297.74	5.074
298.11	5.227
298.48	5.300
298.85	5.255
299.22	5.269
299.60	5.350
299.97	5.326
300.34	5.271
300.71	5.524
301.08	5.605
301.45	5.614
301.82	5.917
302.19	5.910
302.56	5.990
302.94	6.100
303.31	6.327
303.68	6.570
304.05	6.653
304.42	6.958
304.79	7.108
305.16	7.507
305.53	7.693
305.90	7.827
306.27	8.137
306.64	8.224
307.02	8.551
307.39	8.651
307.76	8.677
308.13	8.849
308.50	8.864
308.87	8.879
309.24	8.839
309.61	8.837
309.98	8.778
310.35	8.843
310.72	9.053
311.09	9.167
311.46	9.253
311.83	9.318
312.20	9.563
312.57	9.860
312.94	9.979
313.31	9.947
313.68	10.110
314.05	10.214
314.42	10.249
314.79	10.226
315.16	10.369
315.53	10.440
315.90	10.440
316.27	10.385
316.64	10.606
317.01	10.690
317.38	10.976
317.75	11.187
318.12	11.511
318.49	11.710
318.86	12.241
319.23	12.458
319.60	12.552
319.97	12.571
320.34	12.787
320.71	12.739
321.08	12.599
321.45	12.852
321.82	12.846
322.19	12.760
322.55	12.730
322.92	12.617
323.29	12.525
323.66	12.771
324.03	13.129
324.40	13.175
324.77	13.258
325.14	13.723
325.51	13.730
325.88	14.041
326.25	14.125
326.61	14.290
326.98	14.453
327.35	14.541
327.72	14.548
328.09	14.574
328.46	14.588
328.83	14.710
329.20	14.885
329.56	14.970
329.93	14.839
330.30	15.098
330.67	15.017
331.04	14.933
331.41	15.010
331.78	15.298
332.14	15.497
332.51	15.717
332.88	15.675
333.25	15.506
333.62	15.573
333.99	15.691
334.35	15.607
334.72	15.711
335.09	15.756
335.46	15.610
335.83	15.429
336.19	15.271
336.56	15.270
336.93	15.200
337.30	15.276
337.67	15.419
338.03	15.476
338.40	15.651
338.77	15.796
339.14	15.866
339.50	16.149
339.87	16.271
340.24	16.355
340.61	16.128
340.97	16.214
341.34	15.997
341.71	15.923
342.08	15.908
342.44	15.787
342.81	15.709
343.18	15.672
343.55	15.516
343.91	15.204
344.28	15.030
344.65	15.029
345.02	14.928
345.38	14.965
345.75	14.842
346.12	14.744
346.48	14.621
346.85	14.468
347.22	14.347
347.59	14.136
347.95	14.317
348.32	14.457
348.69	14.485
349.05	14.364
349.42	14.323
349.79	14.248
350.15	14.146
350.52	13.994
350.89	14.029
351.25	14.110
351.62	14.223
351.99	14.363
352.35	14.181
352.72	14.231
353.09	14.294
353.45	14.325
353.82	14.279
354.18	14.500
354.55	14.546
354.92	14.517
355.28	14.486
355.65	14.374
356.02	14.177
356.38	14.158
356.75	14.020
357.11	14.057
357.48	13.949
357.85	13.973
358.21	13.783
358.58	13.749
358.94	13.716
359.31	13.599
359.67	13.585
360.04	13.575
360.41	13.567
360.77	13.610
361.14	13.548
361.50	13.733
361.87	13.713
362.23	13.708
362.60	13.600
362.97	13.633
363.33	13.733
363.70	13.798
364.06	13.932
364.43	13.960
364.79	13.884
365.16	13.941
365.52	13.702
365.89	13.675
366.25	13.693
366.62	14.027
366.98	13.840
367.35	13.662
367.71	13.577
368.08	13.409
368.44	13.450
368.81	13.461
369.17	13.531
369.54	13.466
369.90	13.488
370.27	13.463
370.63	13.351
371.00	13.677
371.36	13.727
371.73	13.890
372.09	13.889
372.45	14.029
372.82	14.186
373.18	14.315
373.55	14.248
373.91	14.245
374.28	14.263
374.64	14.375
375.01	14.277
375.37	14.416
375.73	14.393
376.10	14.425
376.46	14.337
376.83	14.323
377.19	14.238
377.55	14.435
377.92	14.427
378.28	14.499
378.65	14.511
379.01	14.419
379.37	14.491
379.74	14.594
380.10	14.722
380.47	14.813
380.83	15.023
381.19	15.032
381.56	15.193
381.92	15.268
382.28	15.349
382.65	15.280
383.01	15.376
383.37	15.515
383.74	15.488
384.10	15.519
384.46	15.645
384.83	15.679
385.19	15.767
385.55	15.680
385.92	15.682
386.28	15.815
386.64	15.984
387.01	16.229
387.37	16.192
387.73	16.304
388.10	16.377
388.46	16.286
388.82	16.272
389.18	16.371
389.55	16.500
389.91	16.655
390.27	16.631
390.64	16.682
391.00	16.630
391.36	16.499
391.72	16.466
392.09	16.430
392.45	16.526
392.81	16.571
393.17	16.564
393.54	16.511
393.90	16.459
394.26	16.481
394.62	16.507
394.99	16.583
395.35	16.646
395.71	16.757
396.07	16.813
396.43	16.765
396.80	16.826
397.16	16.861
397.52	17.029
397.88	17.145
398.24	17.110
398.61	17.136
398.97	17.184
399.33	17.227
399.69	17.171
400.05	17.261
400.42	17.434
400.78	17.378
401.14	17.356
401.50	17.278
401.86	17.330
402.22	17.327
402.59	17.332
402.95	17.286
403.31	17.322
403.67	17.344
404.03	17.424
404.39	17.368
404.75	17.420
405.12	17.436
405.48	17.411
405.84	17.420
406.20	17.477
406.56	17.422
406.92	17.397
407.28	17.352
407.64	17.227
408.00	17.045
408.36	17.095
408.73	17.106
409.09	17.058
409.45	17.063
409.81	17.069
410.17	17.031
410.53	17.110
410.89	17.032
411.25	17.080
411.61	17.138
411.97	17.112
412.33	17.001
412.69	16.923
413.05	16.928
413.41	16.974
413.77	17.025
414.13	17.051
414.50	17.018
414.86	17.127
415.22	17.244
415.58	17.288
415.94	17.365
416.30	17.422
416.66	17.440
417.02	17.491
417.38	17.398
417.74	17.261
418.10	17.285
418.46	17.297
418.82	17.268
419.18	17.213
419.54	17.188
419.90	17.158
420.26	17.081
420.61	17.082
420.97	17.062
421.33	17.071
421.69	17.222
422.05	17.209
422.41	17.175
422.77	17.178
423.13	17.172
423.49	17.275
423.85	17.432
424.21	17.484
424.57	17.541
424.93	17.507
425.29	17.616
425.65	17.540
426.01	17.538
426.36	17.600
426.72	17.662
427.08	17.694
427.44	17.640
427.80	17.486
428.16	17.585
428.52	17.616
428.88	17.655
429.24	17.628
429.59	17.669
429.95	17.681
430.31	17.570
430.67	17.548
431.03	17.532
431.39	17.605
431.75	17.715
432.10	17.623
432.46	17.553
432.82	17.652
433.18	17.669
433.54	17.657
433.90	17.645
434.25	17.731
434.61	17.765
434.97	17.751
435.33	17.763
435.69	17.755
436.04	17.753
436.40	17.774
436.76	17.778
437.12	17.815
437.48	17.937
437.83	18.048
438.19	18.097
438.55	18.121
438.91	18.218
439.27	18.270
439.62	18.279
439.98	18.387
440.34	18.519
440.70	18.549
441.05	18.610
441.41	18.584
441.77	18.726
442.13	18.847
442.48	18.947
442.84	19.002
443.20	19.012
443.56	19.149
443.91	19.184
444.27	19.258
444.63	19.408
444.98	19.457
445.34	19.558
445.70	19.532
446.05	19.576
446.41	19.589
446.77	19.678
447.13	19.784
447.48	19.825
447.84	19.944
448.20	20.042
448.55	20.124
448.91	20.229
449.27	20.407
449.62	20.523
449.98	20.636
450.34	20.781
450.69	20.954
451.05	20.978
451.40	21.077
451.76	21.273
452.12	21.333
452.47	21.341
452.83	21.469
453.19	21.396
453.54	21.517
453.90	21.574
454.25	21.666
454.61	21.636
454.97	21.785
455.32	21.878
455.68	21.843
456.03	21.934
456.39	21.989
456.75	22.016
457.10	22.135
457.46	22.183
457.81	22.280
458.17	22.351
458.52	22.410
458.88	22.482
459.24	22.526
459.59	22.583
459.95	22.538
460.30	22.673
460.66	22.724
461.01	22.789
461.37	22.853
461.72	22.890
462.08	22.974
462.43	23.030
462.79	23.167
463.14	23.180
463.50	23.212
463.85	23.355
464.21	23.392
464.56	23.450
464.92	23.380
465.27	23.363
465.63	23.391
465.98	23.397
466.34	23.481
466.69	23.451
467.05	23.572
467.40	23.635
467.76	23.695
468.11	23.641
468.47	23.670
468.82	23.822
469.18	23.915
469.53	23.977
469.88	23.983
470.24	24.040
470.59	24.004
470.95	23.970
471.30	24.058
471.66	23.991
472.01	24.033
472.36	24.077
472.72	24.025
473.07	23.972
473.43	23.987
473.78	24.046
474.13	24.061
474.49	24.082
474.84	24.161
475.19	24.062
475.55	24.071
475.90	24.068
476.26	24.048
476.61	24.062
476.96	24.116
477.32	24.123
477.67	24.162
478.02	24.083
478.38	24.244
478.73	24.221
479.08	24.297
479.44	24.263
479.79	24.276
480.14	24.255
480.50	24.251
480.85	24.134
481.20	24.071
481.56	24.046
481.91	24.042
482.26	24.025
482.62	24.001
482.97	23.992
483.32	24.002
483.67	24.020
484.03	24.034
484.38	24.021
484.73	24.068
485.08	24.128
485.44	24.111
485.79	24.150
486.14	24.044
486.49	24.079
486.85	24.103
487.20	24.100
487.55	24.090
487.90	24.107
488.26	24.124
488.61	24.117
488.96	24.086
489.31	24.075
489.67	24.028
490.02	24.104
490.37	24.099
490.72	24.045
491.07	24.081
491.43	24.107
491.78	24.124
492.13	24.144
492.48	24.158
492.83	24.180
493.19	24.244
493.54	24.280
493.89	24.290
494.24	24.361
494.59	24.435
494.94	24.414
495.29	24.435
495.65	24.444
496.00	24.480
496.35	24.532
496.70	24.538
497.05	24.539
497.40	24.595
497.75	24.635
498.11	24.491
498.46	24.453
498.81	24.547
499.16	24.527
499.51	24.538
499.86	24.587
500.21	24.672
500.56	24.607
500.91	24.563
501.26	24.580
501.62	24.573
501.97	24.683
502.32	24.693
502.67	24.655
503.02	24.705
503.37	24.649
503.72	24.653
504.07	24.535
504.42	24.570
504.77	24.530
505.12	24.552
505.47	24.577
505.82	24.638
506.17	24.641
506.52	24.654
506.87	24.680
507.22	24.702
507.57	24.666
507.92	24.669
508.27	24.693
508.62	24.829
508.97	24.883
509.32	24.843
509.67	24.836
510.02	24.900
510.37	24.954
510.72	24.901
511.07	24.898
511.42	24.833
511.77	24.764
512.12	24.693
512.47	24.588
512.82	24.485
513.17	24.473
513.52	24.425
513.87	24.392
514.22	24.310
514.57	24.307
514.91	24.273
515.26	24.264
515.61	24.291
515.96	24.371
516.31	24.370
516.66	24.391
517.01	24.380
517.36	24.317
517.71	24.302
518.06	24.321
518.41	24.292
518.75	24.366
519.10	24.368
519.45	24.300
519.80	24.212
520.15	24.144
520.50	24.055
520.85	24.010
521.19	24.012
521.54	23.901
521.89	23.803
522.24	23.731
522.59	23.559
522.94	23.479
523.28	23.499
523.63	23.434
523.98	23.356
524.33	23.268
524.68	23.188
525.03	23.094
525.37	23.062
525.72	22.966
526.07	22.856
526.42	22.751
526.76	22.672
527.11	22.605
527.46	22.584
527.81	22.573
528.16	22.596
528.50	22.581
528.85	22.572
529.20	22.578
529.55	22.531
529.89	22.540
530.24	22.530
530.59	22.484
530.94	22.430
531.28	22.312
531.63	22.259
531.98	22.152
532.32	22.128
532.67	22.043
533.02	21.907
533.37	21.892
533.71	21.843
534.06	21.785
534.41	21.762
534.75	21.710
535.10	21.718
535.45	21.687
535.79	21.675
536.14	21.565
536.49	21.542
536.83	21.555
537.18	21.507
537.53	21.413
537.87	21.418
538.22	21.358
538.57	21.301
538.91	21.166
539.26	21.054
539.61	21.012
539.95	20.971
540.30	20.937
540.64	20.903
540.99	20.946
541.34	20.984
541.68	20.990
542.03	21.038
542.37	21.035
542.72	21.103
543.07	21.114
543.41	21.129
543.76	21.217
544.10	21.272
544.45	21.300
544.80	21.247
545.14	21.235
545.49	21.198
545.83	21.227
546.18	21.256
546.52	21.267
546.87	21.344
547.21	21.294
547.56	21.263
547.90	21.222
548.25	21.184
548.59	21.213
548.94	21.196
549.29	21.200
549.63	21.157
549.98	21.188
550.32	21.174
550.67	21.189
551.01	21.225
551.35	21.288
551.70	21.332
552.04	21.442
552.39	21.426
552.73	21.464
553.08	21.510
553.42	21.505
553.77	21.555
554.11	21.611
554.46	21.631
554.80	21.645
555.15	21.638
555.49	21.601
555.83	21.551
556.18	21.599
556.52	21.576
556.87	21.593
557.21	21.643
557.56	21.608
557.90	21.642
558.24	21.549
558.59	21.480
558.93	21.434
559.28	21.478
559.62	21.494
559.96	21.422
560.31	21.454
560.65	21.456
560.99	21.391
561.34	21.489
561.68	21.401
562.02	21.420
562.37	21.452
562.71	21.415
563.06	21.408
563.40	21.414
563.74	21.425
564.09	21.410
564.43	21.434
564.77	21.475
565.11	21.422
565.46	21.527
565.80	21.562
566.14	21.637
566.49	21.673
566.83	21.657
567.17	21.615
567.52	21.668
567.86	21.744
568.20	21.750
568.54	21.683
568.89	21.710
569.23	21.598
569.57	21.575
569.91	21.573
570.26	21.581
570.60	21.549
570.94	21.493
571.28	21.489
571.63	21.430
571.97	21.329
572.31	21.377
572.65	21.233
573.00	21.244
573.34	21.266
573.68	21.159
574.02	21.094
574.36	21.162
574.71	21.205
575.05	21.153
575.39	21.190
575.73	21.235
576.07	21.208
576.42	21.244
576.76	21.265
577.10	21.284
577.44	21.252
577.78	21.247
578.12	21.212
578.46	21.211
578.81	21.305
579.15	21.315
579.49	21.441
579.83	21.450
580.17	21.540
580.51	21.549
580.85	21.602
581.20	21.802
581.54	21.981
581.88	22.046
582.22	22.260
582.56	22.375
582.90	22.452
583.24	22.490
583.58	22.657
583.92	22.777
584.26	22.901
584.60	23.103
584.95	23.291
585.29	23.321
585.63	23.394
585.97	23.422
586.31	23.362
586.65	23.456
586.99	23.513
587.33	23.674
587.67	23.718
588.01	23.891
588.35	23.982
588.69	24.168
589.03	24.390
589.37	24.541
589.71	24.745
590.05	24.986
590.39	25.257
590.73	25.419
591.07	25.538
591.41	25.703
591.75	25.812
592.09	25.915
592.43	25.991
592.77	26.100
593.11	26.249
593.45	26.363
593.79	26.609
594.13	26.707
594.47	26.959
594.81	27.080
595.14	27.370
595.48	27.546
595.82	27.623
596.16	27.671
596.50	27.865
596.84	27.953
597.18	28.123
597.52	28.213
597.86	28.288
598.20	28.400
598.54	28.544
598.87	28.642
599.21	28.729
599.55	28.940
599.89	29.136
600.23	29.209
600.57	29.332
600.91	29.531
601.25	29.663
601.58	29.882
601.92	30.022
602.26	30.118
602.60	30.133
602.94	30.345
603.28	30.473
603.61	30.487
603.95	30.749
604.29	30.941
604.63	30.889
604.97	30.972
605.30	30.991
605.64	30.996
605.98	31.052
606.32	31.230
606.66	31.330
606.99	31.401
607.33	31.670
607.67	31.695
608.01	31.773
608.34	31.901
608.68	31.892
609.02	31.965
609.36	32.039
609.69	32.233
610.03	32.291
610.37	32.429
610.71	32.511
611.04	32.535
611.38	32.467
611.72	32.644
612.06	32.795
612.39	32.998
612.73	33.093
613.07	33.148
613.40	33.197
613.74	33.272
614.08	33.229
614.41	33.325
614.75	33.305
615.09	33.479
615.42	33.423
615.76	33.358
616.10	33.299
616.43	33.338
616.77	33.408
617.11	33.354
617.44	33.404
617.78	33.415
618.12	33.302
618.45	33.407
618.79	33.349
619.13	33.318
619.46	33.441
619.80	33.635
620.13	33.582
620.47	33.558
620.81	33.751
621.14	33.762
621.48	33.763
621.81	33.979
622.15	33.989
622.48	34.152
622.82	34.240
623.16	34.267
623.49	34.317
623.83	34.512
624.16	34.530
624.50	34.395
624.83	34.340
625.17	34.336
625.50	34.294
625.84	34.379
626.18	34.406
626.51	34.473
626.85	34.429
627.18	34.380
627.52	34.254
627.85	34.357
628.19	34.325
628.52	34.474
628.86	34.629
629.19	34.665
629.53	34.565
629.86	34.423
630.19	34.413
630.53	34.512
630.86	34.587
631.20	34.754
631.53	34.716
631.87	34.865
632.20	34.744
632.54	34.460
632.87	34.484
633.20	34.527
633.54	34.598
633.87	34.496
634.21	34.588
634.54	34.445
634.88	34.400
635.21	34.518
635.54	34.493
635.88	34.503
636.21	34.812
636.55	34.770
636.88	34.810
637.21	34.682
637.55	34.874
637.88	34.787
638.21	34.739
638.55	34.546
638.88	34.469
639.21	34.371
639.55	34.297
639.88	34.349
640.21	34.247
640.55	34.128
640.88	34.378
641.21	34.356
641.55	34.533
641.88	34.409
642.21	34.649
642.55	34.575
642.88	34.650
643.21	34.819
643.55	34.782
643.88	35.017
644.21	35.206
644.54	35.119
644.88	34.992
645.21	34.856
645.54	35.007
645.87	34.950
646.21	35.084
646.54	35.150
646.87	35.045
647.20	34.912
647.54	34.862
647.87	35.034
648.20	35.007
648.53	35.008
648.87	34.877
649.20	34.926
649.53	34.899
649.86	34.737
650.19	34.754
650.53	34.914
650.86	34.995
651.19	34.787
651.52	34.525
651.85	34.398
652.18	34.351
652.52	34.378
652.85	34.393
653.18	34.247
653.51	34.483
653.84	34.575
654.17	34.405
654.51	34.333
654.84	34.515
655.17	34.461
655.50	34.505
655.83	34.497
656.16	34.377
656.49	34.363
656.82	34.694
657.15	34.590
657.49	34.218
657.82	34.080
658.15	34.275
658.48	34.276
658.81	34.129
659.14	34.247
659.47	34.250
659.80	34.249
660.13	34.211
660.46	34.223
660.79	34.160
661.12	34.276
661.45	34.426
661.78	34.219
662.11	34.095
662.44	34.332
662.77	34.369
663.10	34.217
663.43	34.382
663.76	34.520
664.09	34.367
664.42	34.596
664.75	34.809
665.08	34.690
665.41	34.590
665.74	34.455
666.07	34.415
666.40	34.289
666.73	34.606
667.06	34.502
667.39	34.340
667.72	34.158
668.05	33.996
668.38	33.824
668.71	33.798
669.04	33.842
669.37	34.102
669.70	33.807
670.03	33.634
670.36	33.480
670.69	33.383
671.01	33.257
671.34	33.024
671.67	32.838
672.00	32.976
672.33	33.075
672.66	33.073
672.99	33.046
673.32	33.261
673.64	33.280
673.97	33.379
674.30	33.460
674.63	33.372
674.96	33.369
675.29	33.430
675.62	32.793
675.94	32.726
676.27	32.752
676.60	32.656
676.93	32.672
677.26	32.514
677.58	31.923
677.91	31.656
678.24	31.459
678.57	31.902
678.90	31.668
679.22	31.891
679.55	31.690
679.88	31.674
680.21	31.549
680.54	31.379
680.86	31.241
681.19	31.547
681.52	31.684
681.85	32.039
682.17	31.395
682.50	31.139
682.83	31.128
683.16	31.026
683.48	30.847
683.81	30.729
684.14	30.680
684.46	30.859
684.79	30.725
685.12	30.593
685.45	30.470
685.77	30.502
686.10	30.434
686.43	30.526
686.75	30.543
687.08	30.225
687.41	29.920
687.73	29.861
688.06	29.682
688.39	29.521
688.71	29.091
689.04	28.846
689.36	28.819
689.69	28.877
690.02	28.581
690.34	28.317
690.67	28.540
691.00	28.482
691.32	28.359
691.65	28.102
691.97	28.277
692.30	28.726
692.63	28.644
692.95	28.474
693.28	28.438
693.60	28.350
693.93	28.531
694.26	27.994
694.58	27.952
694.91	27.764
695.23	27.678
695.56	27.452
695.88	26.631
696.21	26.190
696.53	25.676
696.86	25.654
697.18	25.546
697.51	25.177
697.83	24.949
698.16	25.028
698.48	24.775
698.81	24.435
699.13	23.957
699.46	23.901
699.78	23.971
700.11	24.188
700.43	23.916
700.76	23.491
701.08	23.383
701.41	23.312
701.73	22.659
702.06	22.296
702.38	22.124
702.71	22.168
703.03	22.279
703.35	21.817
703.68	21.731
704.00	21.481
704.33	21.768
704.65	21.140
704.98	21.232
705.30	21.090
705.62	21.071
705.95	21.484
706.27	20.782
706.60	20.240
706.92	20.195
707.24	19.998
707.57	19.897
707.89	19.456
708.21	19.622
708.54	19.033
708.86	18.749
709.18	18.350
709.51	17.572
709.83	17.868
710.15	18.090
710.48	17.707
710.80	17.578
711.12	17.524
711.45	17.092
711.77	17.076
712.09	17.334
712.42	17.374
712.74	17.093
713.06	16.825
713.38	16.205
713.71	15.388
714.03	15.322
714.35	14.778
714.68	14.341
715.00	13.954
715.32	13.496
715.64	12.728
715.97	12.758
716.29	12.608
716.61	12.448
716.93	12.116
717.25	12.213
717.58	12.204
717.90	12.199
718.22	11.546
718.54	11.553
718.87	11.016
719.19	11.132
719.51	10.093
719.83	9.796
720.15	9.698
720.47	9.977
720.80	9.760
721.12	9.137
721.44	8.870
721.76	8.866
722.08	8.554
722.40	8.263
722.73	7.772
723.05	7.249
723.37	6.334
723.69	5.954
724.01	5.379
724.33	4.699
724.65	4.701
724.97	3.727
725.30	3.708
725.62	3.329
725.94	3.303
726.26	3.189
726.58	3.856
726.90	4.226
727.22	3.619
727.54	3.357
727.86	3.003
728.18	2.563
728.50	2.706
728.82	2.240
729.14	2.312
729.46	2.323
729.78	1.676
730.10	1.315
730.42	1.592
730.74	1.525
731.07	1.720
731.39	2.564
731.71	1.998
732.03	1.288
732.35	1.513
732.66	1.291
732.98	1.407
733.30	1.268
733.62	1.126
733.94	0.487
734.26	0.918
734.58	0.151
734.90	-0.184
735.22	0.740
735.54	0.588
735.86	-0.354
736.18	-0.499
736.50	-2.154
736.82	-2.925
737.14	-2.493
737.46	-1.652
737.78	-0.970
738.10	-0.845
738.41	-1.306
738.73	-2.726
739.05	-1.374
739.37	-1.326
739.69	-2.176
740.01	-2.863
740.33	-1.879
740.65	-3.032
740.96	-4.042
741.28	-5.734
741.60	-4.767
741.92	-5.350
742.24	-4.602
742.56	-5.957
742.88	-5.927
743.19	-5.297
743.51	-4.538
743.83	-5.438
744.15	-5.537
744.47	-5.947
744.78	-5.221
745.10	-6.864
745.42	-7.317
745.74	-8.823
746.06	-9.739
746.37	-11.564
746.69	-12.519
747.01	-10.346
747.33	-10.138
747.64	-11.104
747.96	-11.892
748.28	-12.960
748.60	-12.746
748.91	-13.164
749.23	-12.446
749.55	-11.969
749.87	-10.173
750.18	-9.401
750.50	-10.774
750.82	-10.628
751.13	-9.149
751.45	-9.273
751.77	-8.829
752.08	-9.041
752.40	-8.588
752.72	-8.112
753.03	-7.188
753.35	-7.642
753.67	-8.474
753.98	-7.311
754.30	-6.840
754.62	-7.565
754.93	-8.003
755.25	-9.759
755.57	-10.895
755.88	-12.260
756.20	-14.371
756.51	-14.606
756.83	-14.584
757.15	-15.486
757.46	-17.500
757.78	-17.442
758.09	-19.593
758.41	-18.620
758.73	-18.526
759.04	-17.752
759.36	-17.254
759.67	-15.508
759.99	-15.850
760.30	-15.997
760.62	-14.634
760.94	-14.328
761.25	-15.697
761.57	-12.111
761.88	-12.543
762.20	-11.123
762.51	-11.505
762.83	-12.574
763.14	-11.292
763.46	-11.800
763.77	-12.378
764.09	-12.662
764.40	-13.119
764.72	-12.351
765.03	-13.991
765.35	-13.122
765.66	-13.097
765.98	-14.376
766.29	-11.229
766.61	-12.372
766.92	-11.313
767.23	-10.276
767.55	-11.376
767.86	-8.997
768.18	-10.138
768.49	-9.871
768.81	-10.529
769.12	-11.748
769.43	-8.348
769.75	-8.410
770.06	-9.473
770.38	-10.458
770.69	-12.478
771.00	-10.783
771.32	-12.179
771.63	-9.803
771.94	-9.420
772.26	-10.378
772.57	-8.786
772.89	-11.369
773.20	-15.355
773.51	-14.077
773.83	-15.061
774.14	-14.497
774.45	-14.209
774.77	-14.869
775.08	-18.009
775.39	-18.955
775.70	-18.753
776.02	-20.480
776.33	-20.287
776.64	-17.035
776.96	-18.102
777.27	-16.230
777.58	-14.547
777.89	-15.484
778.21	-15.697
778.52	-13.706
778.83	-12.395
779.14	-11.990
779.46	-12.251
779.77	-10.512
780.08	-13.741
780.39	-14.550
780.71	-17.284
781.02	-17.866
781.33	-19.119
781.64	-17.772
781.95	-16.703
782.27	-16.461
782.58	-16.384
782.89	-16.422
783.20	-18.351
783.51	-18.384
783.83	-16.635
784.14	-16.009
784.45	-13.615
784.76	-12.284
785.07	-13.484
785.38	-18.789
785.70	-22.134
786.01	-22.583
786.32	-24.469
786.63	-24.706
786.94	-21.697
787.25	-20.593
787.56	-19.149
787.87	-21.417
788.18	-20.576
788.50	-20.743
788.81	-17.063
789.12	-18.052
789.43	-14.853
789.74	-11.352
790.05	-9.561
790.36	-9.917
790.67	-11.612
790.98	-12.118
791.29	-16.583
791.60	-17.137
791.91	-12.713
792.22	-14.993
792.53	-10.581
792.84	-14.893
793.15	-19.709
793.46	-23.410
793.77	-23.681
794.08	-22.029
794.39	-20.544
794.70	-14.522
795.01	-13.350
795.32	-18.504
795.63	-16.858
795.94	-21.596
796.25	-20.678
796.56	-15.343
796.87	-13.840
797.18	-15.217
797.49	-15.734
797.80	-16.893
798.11	-20.279
798.42	-23.280
798.73	-18.965
799.04	-21.034
799.35	-15.385
799.65	-11.641
799.96	-13.595
800.27	-12.482
800.58	-12.464
800.89	-14.556
801.20	-17.729
801.51	-17.964
801.82	-17.461
802.13	-18.498
802.43	-17.693
802.74	-19.218
803.05	-23.954
803.36	-27.326
803.67	-29.935
803.98	-29.282
804.28	-28.272
804.59	-21.529
804.90	-17.805
805.21	-14.536
805.52	-18.511
805.83	-17.099
806.13	-16.287
806.44	-17.109
806.75	-15.468
807.06	-13.453
807.36	-13.445
807.67	-14.439
807.98	-18.465
808.29	-18.779
808.60	-22.167
808.90	-18.306
809.21	-18.589
809.52	-21.443
809.83	-19.629
810.13	-22.794
810.44	-25.752
810.75	-25.992
811.05	-25.575
811.36	-19.829
811.67	-19.490
811.98	-19.483
812.28	-26.280
812.59	-26.197
812.90	-27.841
813.20	-26.990
813.51	-24.406
813.82	-21.665
814.12	-24.259
814.43	-20.192
814.74	-29.250
815.04	-36.000
815.35	-35.817
815.65	-36.894
815.96	-37.063
816.27	-35.926
816.57	-31.120
816.88	-32.063
817.19	-32.735
817.49	-25.794
817.80	-30.493
818.10	-23.991
818.41	-20.822
818.72	-19.958
819.02	-17.950
819.33	-16.219
819.63	-14.503
819.94	-17.031
820.24	-16.890
820.55	-17.253
820.85	-17.853
821.16	-17.867
821.47	-17.169
821.77	-18.061
822.08	-17.624
822.38	-17.930
822.69	-17.977
822.99	-17.499
823.30	-17.136
823.60	-17.264
823.91	-16.903
824.21	-18.018
824.52	-18.626
824.82	-19.765
825.13	-18.548
825.43	-19.840
825.73	-18.555
826.04	-20.452
826.34	-21.948
826.65	-23.323
826.95	-23.916
827.26	-25.534
827.56	-23.460
827.87	-24.752
828.17	-24.340
828.47	-23.110
828.78	-20.643
829.08	-20.604
829.39	-19.692
829.69	-19.240
829.99	-19.306
830.30	-19.152
830.60	-20.926
830.90	-24.178
831.21	-19.737
831.51	-16.974
831.82	-24.468
832.12	-25.733
832.42	-25.838
832.73	-26.508
833.03	-28.197
833.33	-26.254
833.64	-25.627
833.94	-20.610
834.24	-19.177
834.54	-17.771
834.85	-17.436
835.15	-14.109
835.45	-14.626
835.76	-14.047
836.06	-12.381
836.36	-10.707
836.66	-12.695
836.97	-10.572
837.27	-9.294
837.57	-4.655
837.87	-3.532
838.18	-4.501
838.48	-11.007
838.78	-18.303
839.08	-29.283
839.39	-34.713
839.69	-21.762
839.99	-18.772
840.29	-18.717
840.59	-26.272
840.90	-30.295
841.20	-25.000
841.50	-31.293
841.80	-22.143
842.10	-13.985
842.41	-6.764
842.71	-6.437
843.01	-14.800
843.31	-22.890
843.61	-24.176
843.91	-11.053
844.21	-13.919
844.52	-27.652
844.82	-27.467
845.12	-26.108
845.42	-22.016
845.72	-11.823
846.02	-9.439
846.32	-12.621
846.62	-3.631
846.92	5.588
847.22	-3.548
847.52	1.314
847.83	8.244
848.13	13.529
848.43	5.147
848.73	-4.464
849.03	-15.883
849.33	-11.145
849.63	-7.004
849.93	-20.597
850.23	-31.414
850.53	-37.147
850.83	-44.172
851.13	-33.480
851.43	-50.159
851.73	-54.040
852.03	-51.402
852.33	-50.877
852.63	-36.858
852.93	-43.434
853.23	-36.977
853.53	-34.361
853.83	-43.486
854.13	-36.298
854.43	-53.468
854.73	-44.792
855.03	-30.382
855.32	-44.170
855.62	-48.322
855.92	-87.626
856.22	-119.263
856.52	-117.270
856.82	-107.672
857.12	-88.480
857.42	-93.722
857.72	-97.694
858.02	-72.515
858.31	-97.581
858.61	-108.654
858.91	-108.585
859.21	-74.486
859.51	-51.937
859.81	-36.244
860.11	-39.496
860.40	-40.799
860.70	-36.553
861.00	-8.503
861.30	-14.815
861.60	2.154
861.90	-1.426
862.19	-1.818
862.49	-28.125
862.79	-18.961
863.09	-37.415
863.39	-40.196
863.68	-27.371
863.98	-33.168
864.28	-48.095
864.58	-70.256
864.87	-87.955
865.17	-100.307
865.47	-67.139
865.77	-88.472
866.06	-122.769
866.36	-125.697
866.66	-125.538
866.96	-158.484
867.25	-315.152
867.55	-1101.786
867.85	-441.406
868.14	-312.291
868.44	-193.522
868.74	-205.668
869.03	-121.922
869.33	-89.362
869.63	-88.360
869.92	-81.024
870.22	-106.360
870.52	-43.603
870.81	-20.276
871.11	-22.824
871.41	-36.964
871.70	-37.569
872.00	-32.817
872.30	-41.219
872.59	-55.290
872.89	-40.260
873.18	-60.064
873.48	-58.427
873.78	-39.111
874.07	-59.204
874.37	-20.988
874.66	-25.899
874.96	-60.406
875.25	-46.196
875.55	-5.078
875.85	4.854
876.14	-13.667
876.44	-8.727
876.73	2.071
877.03	-20.000
877.32	-14.568
877.62	-55.000
877.91	-42.388
878.21	-31.129
878.50	-44.717
878.80	-91.617
879.09	-130.769
879.39	-228.804
879.68	-124.063
879.98	-101.972
880.27	-87.619
880.57	-83.084
880.86	-48.099
881.16	-46.215
881.45	-39.719
881.74	-31.583
882.04	-27.297
882.33	-24.472
882.63	-20.622
882.92	-23.535
883.22	-26.451
883.51	-26.744
883.80	-31.598
884.10	-37.155
884.39	-36.608
884.69	-35.477
884.98	-43.878
885.27	-50.736
885.57	-55.701
885.86	-52.356
886.15	-56.173
886.45	-61.385
886.74	-76.316
887.03	-70.175
887.33	-60.905
887.62	-52.857
887.91	-33.333
888.21	-214.286
888.50	-284.211
888.79	-22.642
889.09	32.432
