190.56	0.000
190.94	0.000
191.32	0.000
191.70	2.083
192.08	14.493
192.46	339.437
192.84	119.841
193.22	80.132
193.60	59.146
193.98	174.138
194.36	-626.667
194.74	378.261
195.13	450.000
195.51	95.652
195.89	179.487
196.27	49.254
196.65	-10.169
197.03	-59.615
197.40	-36.145
197.78	-31.847
198.16	-11.594
198.54	0.000
198.92	-1.786
199.30	-43.373
199.68	-48.276
200.06	4.762
200.44	-26.596
200.82	-177.083
201.20	-186.667
201.58	-56.784
201.96	-72.393
202.34	-65.714
202.72	-30.657
203.10	-41.176
203.48	-57.456
203.86	-92.308
204.24	-60.256
204.62	-55.649
205.00	6.615
205.38	23.432
205.76	25.180
206.13	44.487
206.51	44.724
206.89	59.184
207.27	102.778
207.65	60.465
208.03	58.128
208.41	65.714
208.79	78.571
209.17	13.208
209.55	-184.615
209.93	71.429
210.30	-11.475
210.68	-48.611
211.06	-66.667
211.44	-58.852
211.82	-42.534
212.20	-28.431
212.58	-6.887
212.96	-3.991
213.33	8.108
213.71	17.341
214.09	22.772
214.47	36.105
214.85	43.683
215.23	63.551
215.61	67.526
215.98	64.094
216.36	54.803
216.74	65.392
217.12	62.044
217.50	46.647
217.88	41.257
218.25	40.589
218.63	34.838
219.01	31.778
219.39	22.467
219.77	20.824
220.14	24.113
220.52	27.854
220.90	26.974
221.28	25.142
221.66	29.759
222.03	26.758
222.41	24.803
222.79	26.030
223.17	28.363
223.55	29.173
223.92	23.572
224.30	16.653
224.68	6.471
225.06	3.011
225.43	1.183
225.81	-3.138
226.19	-3.335
226.57	-2.432
226.95	-1.405
227.32	-1.660
227.70	-1.098
228.08	0.430
228.46	1.800
228.83	2.424
229.21	1.992
229.59	2.958
229.96	1.494
230.34	0.952
230.72	0.371
231.10	0.592
231.47	0.222
231.85	0.180
232.23	0.279
232.60	-0.246
232.98	0.686
233.36	1.485
233.74	1.701
234.11	3.222
234.49	3.450
234.87	3.658
235.24	3.703
235.62	4.396
236.00	4.528
236.37	3.421
236.75	3.816
237.13	3.236
237.50	4.930
237.88	4.902
238.26	4.471
238.63	5.239
239.01	6.618
239.39	6.432
239.76	6.251
240.14	5.533
240.52	5.973
240.89	5.266
241.27	4.771
241.65	3.822
242.02	3.475
242.40	3.627
242.77	3.085
243.15	2.496
243.53	1.937
243.90	1.542
244.28	1.953
244.66	2.082
245.03	2.647
245.41	3.011
245.78	2.637
246.16	2.566
246.54	2.918
246.91	3.344
247.29	3.237
247.66	3.277
248.04	3.202
248.41	3.510
248.79	3.360
249.17	3.418
249.54	3.550
249.92	4.314
250.29	4.691
250.67	4.270
251.04	4.443
251.42	5.183
251.80	4.940
252.17	5.122
252.55	4.612
252.92	4.871
253.30	4.489
253.67	4.568
254.05	4.295
254.42	4.213
254.80	4.629
255.17	3.511
255.55	3.015
255.92	3.049
256.30	2.569
256.67	2.362
257.05	1.987
257.42	2.210
257.80	2.080
258.17	2.069
258.55	2.074
258.92	1.874
259.30	2.143
259.67	1.945
260.05	2.141
260.42	2.312
260.80	2.204
261.17	2.405
261.55	2.202
261.92	2.185
262.30	1.839
262.67	1.877
263.05	2.147
263.42	2.376
263.79	2.308
264.17	2.002
264.54	2.241
264.92	2.622
265.29	2.614
265.67	2.561
266.04	2.555
266.42	2.977
266.79	2.853
267.16	2.432
267.54	2.623
267.91	2.620
268.29	2.595
268.66	2.258
269.03	2.032
269.41	1.378
269.78	1.409
270.16	1.351
270.53	1.027
270.90	1.136
271.28	1.477
271.65	1.217
272.03	1.455
272.40	1.509
272.77	1.667
273.15	1.778
273.52	2.354
273.89	2.316
274.27	2.552
274.64	2.669
275.01	2.700
275.39	2.319
275.76	2.466
276.14	2.445
276.51	2.433
276.88	2.130
277.26	2.286
277.63	2.190
278.00	2.309
278.38	2.319
278.75	2.423
279.12	2.223
279.49	2.532
279.87	2.382
280.24	2.321
280.61	2.492
280.99	2.719
281.36	2.577
281.73	2.478
282.11	2.528
282.48	2.364
282.85	2.287
283.22	2.406
283.60	2.341
283.97	2.244
284.34	2.179
284.71	1.981
285.09	2.078
285.46	2.176
285.83	2.105
286.21	2.008
286.58	2.040
286.95	2.184
287.32	2.140
287.70	2.334
288.07	2.327
288.44	2.397
288.81	2.743
289.18	2.659
289.56	2.539
289.93	2.892
290.30	2.863
290.67	2.907
291.05	3.016
291.42	3.194
291.79	3.058
292.16	3.211
292.53	3.365
292.91	3.286
293.28	3.366
293.65	3.436
294.02	3.312
294.39	3.556
294.76	3.620
295.14	3.596
295.51	3.499
295.88	3.502
296.25	3.526
296.62	3.527
297.00	3.711
297.37	3.723
297.74	3.849
298.11	3.750
298.48	3.689
298.85	3.783
299.22	3.624
299.60	3.858
299.97	3.988
300.34	4.049
300.71	3.895
301.08	3.677
301.45	3.589
301.82	3.525
302.19	3.843
302.56	3.910
302.94	3.769
303.31	4.048
303.68	4.071
304.05	4.029
304.42	4.247
304.79	4.554
305.16	4.639
305.53	4.925
305.90	4.950
306.27	4.673
306.64	4.598
307.02	4.543
307.39	4.551
307.76	4.259
308.13	4.379
308.50	4.289
308.87	4.074
309.24	3.984
309.61	4.201
309.98	4.076
310.35	4.223
310.72	4.428
311.09	4.751
311.46	4.707
311.83	4.830
312.20	4.787
312.57	4.600
312.94	4.719
313.31	4.848
313.68	4.459
314.05	4.289
314.42	4.143
314.79	4.061
315.16	3.670
315.53	3.553
315.90	3.705
316.27	3.653
316.64	3.817
317.01	3.828
317.38	3.846
317.75	3.889
318.12	4.407
318.49	4.580
318.86	4.784
319.23	5.062
319.60	5.527
319.97	5.604
320.34	5.711
320.71	5.929
321.08	6.300
321.45	6.307
321.82	6.482
322.19	6.398
322.55	6.645
322.92	6.744
323.29	6.905
323.66	6.884
324.03	7.037
324.40	7.321
324.77	7.539
325.14	7.650
325.51	8.039
325.88	8.178
326.25	8.613
326.61	8.878
326.98	9.327
327.35	9.804
327.72	10.195
328.09	10.786
328.46	11.295
328.83	11.712
329.20	12.161
329.56	12.627
329.93	13.206
330.30	13.712
330.67	14.078
331.04	14.471
331.41	14.764
331.78	15.326
332.14	15.764
332.51	16.186
332.88	16.665
333.25	16.974
333.62	17.260
333.99	17.617
334.35	17.861
334.72	18.219
335.09	18.276
335.46	18.643
335.83	18.683
336.19	18.638
336.56	18.639
336.93	18.695
337.30	18.861
337.67	18.788
338.03	18.892
338.40	18.898
338.77	18.791
339.14	18.808
339.50	18.667
339.87	18.723
340.24	18.736
340.61	18.677
340.97	18.536
341.34	18.563
341.71	18.562
342.08	18.509
342.44	18.591
342.81	18.798
343.18	18.873
343.55	18.922
343.91	18.967
344.28	18.895
344.65	18.961
345.02	19.058
345.38	19.016
345.75	19.105
346.12	19.147
346.48	18.927
346.85	18.955
347.22	18.827
347.59	18.758
347.95	18.526
348.32	18.452
348.69	18.364
349.05	18.290
349.42	18.079
349.79	17.953
350.15	17.922
350.52	17.945
350.89	17.828
351.25	17.997
351.62	17.889
351.99	17.963
352.35	18.107
352.72	18.102
353.09	18.200
353.45	18.357
353.82	18.510
354.18	18.455
354.55	18.562
354.92	18.497
355.28	18.433
355.65	18.477
356.02	18.548
356.38	18.381
356.75	18.412
357.11	18.285
357.48	18.205
357.85	18.157
358.21	18.182
358.58	18.153
358.94	18.049
359.31	17.983
359.67	17.977
360.04	17.884
360.41	17.946
360.77	17.900
361.14	17.934
361.50	17.900
361.87	17.883
362.23	17.835
362.60	17.766
362.97	17.829
363.33	17.876
363.70	17.903
364.06	17.961
364.43	17.977
364.79	18.007
365.16	17.967
365.52	18.039
365.89	18.036
366.25	18.131
366.62	18.160
366.98	18.212
367.35	18.159
367.71	18.159
368.08	18.178
368.44	18.140
368.81	18.142
369.17	18.070
369.54	18.176
369.90	18.224
370.27	18.221
370.63	18.264
371.00	18.279
371.36	18.352
371.73	18.305
372.09	18.358
372.45	18.464
372.82	18.550
373.18	18.761
373.55	18.807
373.91	18.838
374.28	18.760
374.64	19.015
375.01	19.091
375.37	19.113
375.73	19.187
376.10	19.162
376.46	19.164
376.83	19.114
377.19	19.091
377.55	19.159
377.92	19.285
378.28	19.560
378.65	19.521
379.01	19.593
379.37	19.821
379.74	19.932
380.10	20.209
380.47	20.359
380.83	20.639
381.19	20.870
381.56	20.940
381.92	21.182
382.28	21.218
382.65	21.512
383.01	21.666
383.37	21.786
383.74	21.897
384.10	21.995
384.46	22.176
384.83	22.363
385.19	22.597
385.55	22.814
385.92	22.895
386.28	23.085
386.64	23.108
387.01	23.291
387.37	23.415
387.73	23.726
388.10	23.854
388.46	24.064
388.82	24.167
389.18	24.181
389.55	24.361
389.91	24.467
390.27	24.626
390.64	24.801
391.00	24.888
391.36	25.115
391.72	25.227
392.09	25.368
392.45	25.540
392.81	25.779
393.17	26.024
393.54	26.205
393.90	26.471
394.26	26.604
394.62	26.826
394.99	27.167
395.35	27.327
395.71	27.504
396.07	27.740
396.43	27.983
396.80	28.159
397.16	28.354
397.52	28.598
397.88	28.712
398.24	28.941
398.61	29.167
398.97	29.408
399.33	29.620
399.69	29.827
400.05	29.972
400.42	30.126
400.78	30.397
401.14	30.655
401.50	30.763
401.86	30.901
402.22	31.262
402.59	31.453
402.95	31.553
403.31	31.611
403.67	31.856
404.03	32.067
404.39	32.235
404.75	32.323
405.12	32.404
405.48	32.694
405.84	32.974
406.20	33.044
406.56	33.143
406.92	33.380
407.28	33.629
407.64	33.851
408.00	34.128
408.36	34.326
408.73	34.453
409.09	34.738
409.45	34.778
409.81	34.957
410.17	35.227
410.53	35.378
410.89	35.516
411.25	35.710
411.61	35.790
411.97	35.796
412.33	36.034
412.69	36.244
413.05	36.250
413.41	36.435
413.77	36.495
414.13	36.595
414.50	36.778
414.86	36.928
415.22	37.066
415.58	37.223
415.94	37.408
416.30	37.509
416.66	37.643
417.02	37.798
417.38	37.910
417.74	38.043
418.10	38.157
418.46	38.284
418.82	38.349
419.18	38.536
419.54	38.636
419.90	38.825
420.26	38.988
420.61	39.141
420.97	39.267
421.33	39.361
421.69	39.519
422.05	39.638
422.41	39.740
422.77	39.830
423.13	39.911
423.49	40.039
423.85	40.127
424.21	40.181
424.57	40.234
424.93	40.311
425.29	40.484
425.65	40.608
426.01	40.695
426.36	40.878
426.72	41.099
427.08	41.187
427.44	41.221
427.80	41.425
428.16	41.534
428.52	41.753
428.88	42.021
429.24	42.193
429.59	42.260
429.95	42.376
430.31	42.367
430.67	42.425
431.03	42.672
431.39	42.929
431.75	42.981
432.10	43.122
432.46	43.342
432.82	43.308
433.18	43.299
433.54	43.469
433.90	43.611
434.25	43.745
434.61	43.924
434.97	44.013
435.33	44.084
435.69	44.148
436.04	44.250
436.40	44.294
436.76	44.561
437.12	44.752
437.48	44.914
437.83	44.975
438.19	45.094
438.55	45.083
438.91	45.191
439.27	45.360
439.62	45.521
439.98	45.622
440.34	45.689
440.70	45.758
441.05	45.880
441.41	45.961
441.77	46.067
442.13	46.227
442.48	46.371
442.84	46.451
443.20	46.516
443.56	46.699
443.91	46.858
444.27	46.934
444.63	47.012
444.98	47.104
445.34	47.209
445.70	47.405
446.05	47.530
446.41	47.700
446.77	47.830
447.13	47.977
447.48	47.996
447.84	48.051
448.20	48.183
448.55	48.242
448.91	48.361
449.27	48.464
449.62	48.528
449.98	48.583
450.34	48.612
450.69	48.614
451.05	48.652
451.40	48.743
451.76	48.852
452.12	48.942
452.47	48.973
452.83	48.988
453.19	49.037
453.54	49.012
453.90	48.979
454.25	48.972
454.61	49.104
454.97	49.198
455.32	49.181
455.68	49.220
456.03	49.217
456.39	49.421
456.75	49.509
457.10	49.737
457.46	49.791
457.81	49.992
458.17	50.104
458.52	50.069
458.88	50.114
459.24	50.193
459.59	50.325
459.95	50.360
460.30	50.428
460.66	50.507
461.01	50.274
461.37	50.465
461.72	50.450
462.08	50.534
462.43	50.549
462.79	50.580
463.14	50.672
463.50	50.681
463.85	50.692
464.21	50.786
464.56	50.798
464.92	51.023
465.27	50.979
465.63	50.990
465.98	50.942
466.34	50.935
466.69	50.831
467.05	50.709
467.40	50.723
467.76	50.831
468.11	50.733
468.47	50.714
468.82	50.727
469.18	50.731
469.53	50.822
469.88	50.907
470.24	51.043
470.59	51.240
470.95	51.395
471.30	51.389
471.66	51.328
472.01	51.318
472.36	51.354
472.72	51.456
473.07	51.475
473.43	51.455
473.78	51.608
474.13	51.619
474.49	51.610
474.84	51.590
475.19	51.557
475.55	51.508
475.90	51.560
476.26	51.529
476.61	51.443
476.96	51.590
477.32	51.717
477.67	51.647
478.02	51.811
478.38	51.874
478.73	52.012
479.08	52.095
479.44	52.159
479.79	52.118
480.14	52.180
480.50	52.155
480.85	52.023
481.20	51.979
481.56	51.952
481.91	51.836
482.26	51.903
482.62	51.896
482.97	51.989
483.32	52.013
483.67	52.051
484.03	52.037
484.38	52.048
484.73	52.026
485.08	51.998
485.44	52.035
485.79	52.076
486.14	51.988
486.49	52.060
486.85	52.012
487.20	52.025
487.55	52.046
487.90	52.088
488.26	52.151
488.61	52.186
488.96	52.282
489.31	52.271
489.67	52.352
490.02	52.472
490.37	52.418
490.72	52.470
491.07	52.483
491.43	52.505
491.78	52.537
492.13	52.532
492.48	52.661
492.83	52.705
493.19	52.751
493.54	52.822
493.89	52.868
494.24	52.901
494.59	52.911
494.94	53.011
495.29	53.035
495.65	53.198
496.00	53.265
496.35	53.319
496.70	53.357
497.05	53.511
497.40	53.461
497.75	53.478
498.11	53.625
498.46	53.655
498.81	53.730
499.16	53.755
499.51	53.676
499.86	53.785
500.21	53.844
500.56	53.903
500.91	53.944
501.26	54.077
501.62	54.172
501.97	54.229
502.32	54.350
502.67	54.509
503.02	54.650
503.37	54.751
503.72	54.731
504.07	54.660
504.42	54.653
504.77	54.681
505.12	54.674
505.47	54.689
505.82	54.651
506.17	54.689
506.52	54.662
506.87	54.780
507.22	54.872
507.57	55.021
507.92	55.206
508.27	55.253
508.62	55.349
508.97	55.469
509.32	55.562
509.67	55.683
510.02	55.746
510.37	55.784
510.72	55.833
511.07	55.932
511.42	55.873
511.77	55.899
512.12	56.023
512.47	56.058
512.82	56.017
513.17	55.953
513.52	56.012
513.87	56.090
514.22	56.130
514.57	56.196
514.91	56.094
515.26	56.247
515.61	56.179
515.96	56.084
516.31	56.088
516.66	56.169
517.01	56.244
517.36	56.181
517.71	56.164
518.06	56.225
518.41	56.244
518.75	56.296
519.10	56.285
519.45	56.471
519.80	56.556
520.15	56.560
520.50	56.583
520.85	56.732
521.19	56.887
521.54	56.948
521.89	56.950
522.24	57.051
522.59	57.097
522.94	57.143
523.28	57.039
523.63	57.055
523.98	57.155
524.33	57.199
524.68	57.180
525.03	57.081
525.37	57.103
525.72	57.213
526.07	57.130
526.42	57.187
526.76	57.260
527.11	57.327
527.46	57.369
527.81	57.399
528.16	57.464
528.50	57.487
528.85	57.635
529.20	57.624
529.55	57.595
529.89	57.632
530.24	57.597
530.59	57.600
530.94	57.570
531.28	57.610
531.63	57.613
531.98	57.610
532.32	57.664
532.67	57.557
533.02	57.647
533.37	57.672
533.71	57.733
534.06	57.848
534.41	57.901
534.75	58.026
535.10	58.112
535.45	58.155
535.79	58.233
536.14	58.277
536.49	58.418
536.83	58.490
537.18	58.586
537.53	58.664
537.87	58.773
538.22	58.744
538.57	58.722
538.91	58.733
539.26	58.750
539.61	58.747
539.95	58.812
540.30	58.822
540.64	58.820
540.99	58.836
541.34	58.888
541.68	58.890
542.03	59.008
542.37	59.109
542.72	59.169
543.07	59.269
543.41	59.380
543.76	59.456
544.10	59.523
544.45	59.497
544.80	59.590
545.14	59.653
545.49	59.680
545.83	59.676
546.18	59.762
546.52	59.784
546.87	59.741
547.21	59.732
547.56	59.719
547.90	59.724
548.25	59.892
548.59	59.872
548.94	59.796
549.29	59.748
549.63	59.740
549.98	59.725
550.32	59.659
550.67	59.863
551.01	59.835
551.35	59.894
551.70	60.032
552.04	60.019
552.39	60.016
552.73	60.050
553.08	60.132
553.42	60.230
553.77	60.181
554.11	60.297
554.46	60.205
554.80	60.185
555.15	60.148
555.49	60.113
555.83	60.094
556.18	60.176
556.52	60.194
556.87	60.122
557.21	60.136
557.56	60.274
557.90	60.387
558.24	60.361
558.59	60.456
558.93	60.514
559.28	60.556
559.62	60.664
559.96	60.658
560.31	60.740
560.65	60.873
560.99	60.771
561.34	60.674
561.68	60.638
562.02	60.676
562.37	60.689
562.71	60.737
563.06	60.798
563.40	60.880
563.74	60.954
564.09	60.961
564.43	60.902
564.77	61.035
565.11	60.996
565.46	61.092
565.80	61.158
566.14	61.288
566.49	61.288
566.83	61.212
567.17	61.139
567.52	61.149
567.86	61.137
568.20	61.282
568.54	61.327
568.89	61.448
569.23	61.349
569.57	61.325
569.91	61.319
570.26	61.298
570.60	61.237
570.94	61.361
571.28	61.474
571.63	61.526
571.97	61.527
572.31	61.537
572.65	61.616
573.00	61.714
573.34	61.912
573.68	61.903
574.02	61.960
574.36	61.980
574.71	61.889
575.05	61.924
575.39	61.955
575.73	61.967
576.07	61.993
576.42	61.940
576.76	61.924
577.10	61.958
577.44	62.003
577.78	61.922
578.12	62.052
578.46	62.117
578.81	61.967
579.15	62.017
579.49	62.019
579.83	62.125
580.17	62.256
580.51	62.347
580.85	62.155
581.20	62.060
581.54	62.231
581.88	62.190
582.22	62.272
582.56	62.430
582.90	62.440
583.24	62.370
583.58	62.222
583.92	62.004
584.26	62.083
584.60	62.096
584.95	62.227
585.29	62.254
585.63	62.355
585.97	62.280
586.31	62.270
586.65	62.191
586.99	62.501
587.33	62.575
587.67	62.795
588.01	62.673
588.35	62.778
588.69	62.766
589.03	62.666
589.37	62.744
589.71	62.887
590.05	62.909
590.39	63.060
590.73	63.087
591.07	63.110
591.41	62.995
591.75	63.020
592.09	63.021
592.43	62.993
592.77	63.084
593.11	62.972
593.45	62.903
593.79	62.894
594.13	62.883
594.47	62.813
594.81	62.713
595.14	62.824
595.48	62.914
595.82	62.809
596.16	62.944
596.50	63.023
596.84	63.186
597.18	63.233
597.52	63.294
597.86	63.407
598.20	63.399
598.54	63.664
598.87	63.617
599.21	63.654
599.55	63.807
599.89	63.790
600.23	63.805
600.57	63.689
600.91	63.770
601.25	63.746
601.58	63.569
601.92	63.517
602.26	63.473
602.60	63.752
602.94	63.667
603.28	63.683
603.61	63.621
603.95	63.784
604.29	63.923
604.63	63.930
604.97	64.041
605.30	64.237
605.64	64.340
605.98	64.384
606.32	64.232
606.66	64.349
606.99	64.558
607.33	64.748
607.67	64.565
608.01	64.522
608.34	64.445
608.68	64.416
609.02	64.445
609.36	64.488
609.69	64.546
610.03	64.631
610.37	64.470
610.71	64.283
611.04	64.201
611.38	64.267
611.72	64.204
612.06	64.192
612.39	64.214
612.73	64.185
613.07	64.180
613.40	63.995
613.74	64.085
614.08	64.294
614.41	64.703
614.75	64.839
615.09	64.917
615.42	65.008
615.76	65.081
616.10	65.047
616.43	65.172
616.77	65.246
617.11	65.438
617.44	65.337
617.78	65.359
618.12	65.062
618.45	65.020
618.79	65.112
619.13	65.337
619.46	65.478
619.80	65.581
620.13	65.484
620.47	65.546
620.81	65.630
621.14	65.689
621.48	65.564
621.81	65.503
622.15	65.457
622.48	65.173
622.82	64.992
623.16	65.062
623.49	64.988
623.83	64.950
624.16	64.950
624.50	64.944
624.83	64.932
625.17	65.019
625.50	65.142
625.84	65.159
626.18	65.357
626.51	65.345
626.85	65.272
627.18	65.490
627.52	65.631
627.85	65.423
628.19	65.424
628.52	65.347
628.86	65.340
629.19	65.250
629.53	65.305
629.86	65.317
630.19	65.368
630.53	65.336
630.86	65.206
631.20	65.232
631.53	65.418
631.87	65.295
632.20	65.423
632.54	65.594
632.87	65.488
633.20	65.603
633.54	65.517
633.87	65.429
634.21	65.536
634.54	65.550
634.88	65.296
635.21	65.335
635.54	65.318
635.88	65.318
636.21	65.324
636.55	65.415
636.88	65.512
637.21	65.550
637.55	65.930
637.88	66.002
638.21	66.057
638.55	66.219
638.88	66.416
639.21	66.756
639.55	66.672
639.88	66.596
640.21	66.734
640.55	66.657
640.88	66.707
641.21	66.480
641.55	66.345
641.88	66.395
642.21	66.586
642.55	66.331
642.88	65.965
643.21	66.173
643.55	66.466
643.88	66.393
644.21	66.464
644.54	66.394
644.88	66.400
645.21	66.567
645.54	66.604
645.87	66.295
646.21	66.472
646.54	66.791
646.87	66.783
647.20	66.657
647.54	66.756
647.87	66.615
648.20	66.937
648.53	67.212
648.87	67.262
649.20	67.114
649.53	67.072
649.86	66.940
650.19	66.707
650.53	66.757
650.86	66.602
651.19	66.648
651.52	66.656
651.85	66.497
652.18	66.443
652.52	66.226
652.85	66.256
653.18	66.507
653.51	66.395
653.84	66.487
654.17	66.366
654.51	66.462
654.84	66.646
655.17	66.417
655.50	66.366
655.83	66.082
656.16	66.104
656.49	65.849
656.82	65.551
657.15	65.755
657.49	65.789
657.82	65.831
658.15	65.981
658.48	65.829
658.81	66.114
659.14	66.166
659.47	66.369
659.80	66.482
660.13	66.521
660.46	66.679
660.79	66.679
661.12	66.878
661.45	67.004
661.78	66.586
662.11	66.481
662.44	66.426
662.77	66.534
663.10	66.360
663.43	66.448
663.76	66.776
664.09	66.930
664.42	66.889
664.75	66.516
665.08	66.307
665.41	66.389
665.74	66.492
666.07	66.520
666.40	66.294
666.73	66.576
667.06	66.311
667.39	66.145
667.72	66.029
668.05	66.179
668.38	66.131
668.71	66.057
669.04	66.316
669.37	66.312
669.70	66.156
670.03	66.327
670.36	65.995
670.69	66.199
671.01	66.403
671.34	66.609
671.67	66.278
672.00	66.413
672.33	66.701
672.66	66.592
672.99	66.590
673.32	66.819
673.64	66.450
673.97	66.628
674.30	66.419
674.63	66.170
674.96	65.970
675.29	66.069
675.62	66.126
675.94	65.958
676.27	66.006
676.60	65.888
676.93	65.967
677.26	65.852
677.58	65.883
677.91	66.023
678.24	65.598
678.57	65.549
678.90	65.362
679.22	65.070
679.55	65.254
679.88	65.300
680.21	65.242
680.54	64.816
680.86	65.305
681.19	64.988
681.52	64.785
681.85	65.271
682.17	65.125
682.50	65.139
682.83	65.125
683.16	64.697
683.48	64.387
683.81	64.393
684.14	64.336
684.46	64.064
684.79	64.382
685.12	64.612
685.45	64.613
685.77	64.679
686.10	64.952
686.43	65.262
686.75	65.298
687.08	65.391
687.41	65.838
687.73	66.327
688.06	66.221
688.39	65.905
688.71	65.506
689.04	64.991
689.36	64.752
689.69	64.227
690.02	64.107
690.34	64.295
690.67	64.251
691.00	63.634
691.32	63.297
691.65	63.181
691.97	63.217
692.30	63.474
692.63	63.721
692.95	63.885
693.28	64.238
693.60	63.717
693.93	63.459
694.26	63.488
694.58	63.663
694.91	63.301
695.23	63.566
695.56	63.251
695.88	63.168
696.21	62.955
696.53	62.876
696.86	62.602
697.18	62.811
697.51	62.699
697.83	62.664
698.16	62.797
698.48	62.818
698.81	62.619
699.13	62.749
699.46	62.568
699.78	62.709
700.11	62.715
700.43	62.780
700.76	62.776
701.08	62.443
701.41	62.140
701.73	61.681
702.06	61.611
702.38	61.321
702.71	61.371
703.03	61.338
703.35	61.177
703.68	60.771
704.00	60.242
704.33	60.184
704.65	60.643
704.98	60.741
705.30	60.529
705.62	60.464
705.95	60.871
706.27	60.781
706.60	60.594
706.92	60.478
707.24	60.290
707.57	60.559
707.89	60.649
708.21	60.635
708.54	60.303
708.86	60.288
709.18	59.943
709.51	59.584
709.83	59.172
710.15	58.627
710.48	58.467
710.80	58.879
711.12	58.817
711.45	58.136
711.77	57.869
712.09	57.602
712.42	57.527
712.74	57.535
713.06	57.269
713.38	57.277
713.71	57.799
714.03	57.396
714.35	57.271
714.68	57.286
715.00	57.482
715.32	57.556
715.64	57.855
715.97	58.051
716.29	58.375
716.61	58.303
716.93	58.484
717.25	58.115
717.58	57.970
717.90	57.979
718.22	58.062
718.54	57.763
718.87	57.446
719.19	56.901
719.51	56.158
719.83	55.928
720.15	55.751
720.47	55.522
720.80	55.861
721.12	56.129
721.44	55.644
721.76	55.114
722.08	55.735
722.40	55.909
722.73	56.615
723.05	56.373
723.37	55.875
723.69	55.792
724.01	55.121
724.33	54.409
724.65	54.267
724.97	54.173
725.30	53.652
725.62	52.369
725.94	51.449
726.26	51.253
726.58	51.345
726.90	51.748
727.22	51.360
727.54	51.306
727.86	51.068
728.18	51.076
728.50	52.069
728.82	52.202
729.14	52.865
729.46	53.179
729.78	52.577
730.10	53.023
730.42	52.679
730.74	52.755
731.07	53.187
731.39	53.395
731.71	52.876
732.03	51.450
732.35	51.366
732.66	50.837
732.98	50.440
733.30	50.712
733.62	49.970
733.94	49.807
734.26	49.784
734.58	49.373
734.90	49.231
735.22	49.050
735.54	49.237
735.86	50.048
736.18	49.855
736.50	50.488
736.82	50.880
737.14	51.524
737.46	51.132
737.78	50.941
738.10	50.756
738.41	49.213
738.73	49.125
739.05	48.226
739.37	46.670
739.69	47.207
740.01	46.636
740.33	46.569
740.65	45.800
740.96	45.674
741.28	45.406
741.60	45.362
741.92	46.299
742.24	47.237
742.56	47.525
742.88	48.436
743.19	48.186
743.51	47.395
743.83	45.520
744.15	46.594
744.47	45.886
744.78	46.351
745.10	47.117
745.42	47.095
745.74	46.071
746.06	45.439
746.37	44.406
746.69	44.957
747.01	44.639
747.33	44.734
747.64	43.402
747.96	43.622
748.28	44.310
748.60	42.988
748.91	43.791
749.23	43.691
749.55	44.428
749.87	45.093
750.18	44.085
750.50	46.391
750.82	47.896
751.13	48.640
751.45	48.777
751.77	48.417
752.08	49.099
752.40	48.134
752.72	49.261
753.03	50.288
753.35	51.034
753.67	51.944
753.98	51.046
754.30	50.301
754.62	49.381
754.93	49.361
755.25	48.676
755.57	47.950
755.88	48.707
756.20	47.720
756.51	46.702
756.83	45.810
757.15	45.441
757.46	45.451
757.78	44.739
758.09	44.822
758.41	45.434
758.73	45.617
759.04	45.084
759.36	45.146
759.67	44.340
759.99	43.182
760.30	43.400
760.62	42.474
760.94	40.417
761.25	41.915
761.57	41.268
761.88	41.130
762.20	39.344
762.51	40.081
762.83	39.323
763.14	39.455
763.46	39.893
763.77	39.581
764.09	39.849
764.40	39.808
764.72	39.126
765.03	39.767
765.35	38.925
765.66	40.220
765.98	39.532
766.29	39.556
766.61	39.205
766.92	39.465
767.23	39.175
767.55	37.286
767.86	38.142
768.18	37.753
768.49	37.741
768.81	38.431
769.12	37.694
769.43	39.689
769.75	39.420
770.06	40.410
770.38	40.629
770.69	41.258
771.00	41.937
771.32	42.612
771.63	41.594
771.94	40.835
772.26	40.345
772.57	41.086
772.89	37.188
773.20	37.587
773.51	37.877
773.83	37.440
774.14	36.244
774.45	37.871
774.77	36.175
775.08	36.370
775.39	35.497
775.70	34.409
776.02	34.668
776.33	36.010
776.64	35.335
776.96	34.348
777.27	33.198
777.58	32.803
777.89	31.436
778.21	30.986
778.52	31.165
778.83	32.060
779.14	32.198
779.46	31.785
779.77	34.113
780.08	35.055
780.39	34.497
780.71	36.679
781.02	35.943
781.33	37.539
781.64	40.434
781.95	40.119
782.27	41.213
782.58	42.517
782.89	40.016
783.20	38.375
783.51	38.538
783.83	38.184
784.14	34.695
784.45	35.334
784.76	33.306
785.07	30.518
785.38	33.511
785.70	30.793
786.01	29.115
786.32	29.383
786.63	29.373
786.94	28.694
787.25	30.617
787.56	33.831
787.87	34.175
788.18	34.715
788.50	37.632
788.81	34.746
789.12	36.264
789.43	36.882
789.74	38.907
790.05	39.143
790.36	40.277
790.67	37.896
790.98	38.272
791.29	38.727
791.60	39.333
791.91	34.906
792.22	35.528
792.53	35.645
792.84	35.474
793.15	34.915
793.46	34.364
793.77	31.275
794.08	32.854
794.39	32.699
794.70	32.844
795.01	32.639
795.32	35.592
795.63	33.576
795.94	32.475
796.25	32.181
796.56	29.347
796.87	28.743
797.18	30.524
797.49	30.804
797.80	29.505
798.11	27.443
798.42	28.718
798.73	27.685
799.04	30.368
799.35	32.587
799.65	33.870
799.96	34.173
800.27	34.567
800.58	33.168
800.89	33.205
801.20	31.902
801.51	32.325
801.82	30.226
802.13	30.455
802.43	30.430
802.74	30.201
803.05	27.770
803.36	29.063
803.67	28.378
803.98	26.879
804.28	26.749
804.59	27.639
804.90	29.436
805.21	31.116
805.52	30.062
805.83	28.092
806.13	26.339
806.44	28.900
806.75	29.550
807.06	30.744
807.36	33.285
807.67	34.297
807.98	31.537
808.29	32.369
808.60	30.676
808.90	33.427
809.21	33.591
809.52	34.037
809.83	34.055
810.13	34.383
810.44	35.832
810.75	34.586
811.05	33.089
811.36	36.870
811.67	33.177
811.98	33.866
812.28	33.471
812.59	32.041
812.90	32.283
813.20	31.359
813.51	30.798
813.82	29.524
814.12	28.840
814.43	28.553
814.74	28.374
815.04	30.820
815.35	32.926
815.65	34.505
815.96	37.139
816.27	33.599
816.57	30.181
816.88	28.868
817.19	26.546
817.49	26.048
817.80	30.710
818.10	29.277
818.41	27.193
818.72	25.459
819.02	24.400
819.33	21.866
819.63	23.478
819.94	26.531
820.24	26.657
820.55	29.050
820.85	29.078
821.16	25.725
821.47	26.100
821.77	25.831
822.08	24.830
822.38	23.596
822.69	24.357
822.99	24.407
823.30	24.159
823.60	24.057
823.91	23.468
824.21	23.244
824.52	23.265
824.82	22.400
825.13	22.639
825.43	23.169
825.73	22.912
826.04	22.085
826.34	21.923
826.65	22.281
826.95	25.122
827.26	26.513
827.56	25.417
827.87	24.939
828.17	25.909
828.47	24.883
828.78	25.599
829.08	25.362
829.39	25.318
829.69	26.609
829.99	24.926
830.30	20.743
830.60	17.742
830.90	17.804
831.21	16.915
831.51	15.342
831.82	18.770
832.12	14.564
832.42	17.840
832.73	19.542
833.03	15.225
833.33	17.874
833.64	17.189
833.94	14.904
834.24	15.355
834.54	15.369
834.85	14.318
835.15	12.884
835.45	14.495
835.76	13.744
836.06	10.719
836.36	11.331
836.66	11.214
836.97	14.096
837.27	15.299
837.57	15.573
837.87	16.985
838.18	17.947
838.48	17.865
838.78	15.815
839.08	18.265
839.39	24.165
839.69	28.588
839.99	21.957
840.29	16.129
840.59	14.360
840.90	14.851
841.20	16.731
841.50	16.762
841.80	17.313
842.10	25.195
842.41	22.256
842.71	15.138
843.01	11.689
843.31	21.864
843.61	24.497
843.91	28.465
844.21	29.971
844.52	31.851
844.82	38.676
845.12	34.222
845.42	21.592
845.72	20.045
846.02	15.846
846.32	10.916
846.62	13.564
846.92	16.738
847.22	19.178
847.52	8.424
847.83	-2.044
848.13	-7.790
848.43	-11.092
848.73	-19.332
849.03	-13.240
849.33	-13.987
849.63	-20.000
849.93	-31.005
850.23	-32.743
850.53	-64.488
850.83	-58.182
851.13	-63.169
851.43	-60.681
851.73	-51.111
852.03	-49.889
852.33	-67.632
852.63	-49.697
852.93	-33.668
853.23	-32.303
853.53	-17.778
853.83	2.619
854.13	28.018
854.43	34.874
854.73	41.593
855.03	43.460
855.32	60.349
855.62	60.251
855.92	61.431
856.22	75.914
856.52	75.105
856.82	59.410
857.12	69.115
857.42	61.273
857.72	62.298
858.02	66.837
858.31	62.604
858.61	37.188
858.91	36.795
859.21	34.699
859.51	41.325
859.81	54.924
860.11	113.475
860.40	91.818
860.70	54.610
861.00	59.474
861.30	24.800
861.60	37.847
861.90	60.056
862.19	42.993
862.49	35.567
862.79	28.015
863.09	16.667
863.39	12.462
863.68	15.419
863.98	7.718
864.28	7.003
864.58	17.093
864.87	6.133
865.17	-8.577
865.47	2.317
865.77	9.984
866.06	-2.202
866.36	6.140
866.66	2.822
866.96	12.133
867.25	7.056
867.55	-5.526
867.85	-24.457
868.14	-4.370
868.44	8.393
868.74	2.609
869.03	-16.996
869.33	-21.461
869.63	-8.519
869.92	-6.084
870.22	-25.455
870.52	1.057
870.81	21.361
871.11	37.187
871.41	38.755
871.70	57.809
872.00	54.013
872.30	51.515
872.59	61.466
872.89	39.437
873.18	20.819
873.48	16.729
873.78	30.387
874.07	17.692
874.37	-21.138
874.66	-89.796
874.96	-82.500
875.25	-65.900
875.55	-58.392
875.85	-27.548
876.14	-13.774
876.44	4.040
876.73	2.857
877.03	-2.928
877.32	-11.724
877.62	3.288
877.91	10.906
878.21	16.155
878.50	28.922
878.80	38.514
879.09	25.935
879.39	31.206
879.68	23.434
879.98	32.957
880.27	27.740
880.57	18.511
880.86	12.116
881.16	8.355
881.45	1.744
881.74	3.796
882.04	7.330
882.33	4.489
882.63	7.573
882.92	8.914
883.22	9.662
883.51	9.464
883.80	13.619
884.10	11.293
884.39	11.845
884.69	16.569
884.98	13.268
885.27	9.843
885.57	11.400
885.86	7.051
886.15	2.516
886.45	-7.050
886.74	-9.559
887.03	-24.387
887.33	-16.716
887.62	-23.438
887.91	-800.000
888.21	-152.500
888.50	-15.517
888.79	18.333
889.09	14.286
