190.56	47.500
190.94	47.500
191.32	47.500
191.70	-95.918
192.08	-490.000
192.46	323.958
192.84	1420.000
193.22	-614.286
193.60	-461.842
193.98	-1608.696
194.36	-817.143
194.74	-212.214
195.13	-250.000
195.51	-388.764
195.89	-2841.667
196.27	353.175
196.65	562.136
197.03	987.302
197.40	1520.000
197.78	69300.000
198.16	-623.000
198.54	-486.395
198.92	-527.692
199.30	-441.379
199.68	-279.688
200.06	-188.710
200.44	-137.838
200.82	-140.385
201.20	-128.502
201.58	-144.309
201.96	-90.291
202.34	-177.604
202.72	-170.053
203.10	-236.364
203.48	-112.360
203.86	-105.346
204.24	-80.140
204.62	-78.112
205.00	-49.306
205.38	-51.085
205.76	-37.436
206.13	-38.616
206.51	-31.787
206.89	-25.458
207.27	-16.552
207.65	-34.082
208.03	-20.214
208.41	-33.141
208.79	-29.927
209.17	-31.414
209.55	-27.036
209.93	-39.548
210.30	-35.638
210.68	-21.754
211.06	-37.037
211.44	-42.045
211.82	-31.993
212.20	-50.000
212.58	-24.633
212.96	-34.586
213.33	-53.982
213.71	-39.033
214.09	-33.524
214.47	-42.322
214.85	-63.826
215.23	-49.336
215.61	-68.352
215.98	-59.109
216.36	-65.684
216.74	-83.372
217.12	-76.180
217.50	-53.626
217.88	-62.942
218.25	-54.426
218.63	-52.070
219.01	-43.932
219.39	-40.801
219.77	-22.836
220.14	-28.470
220.52	-16.155
220.90	-13.947
221.28	-8.327
221.66	-9.124
222.03	-1.139
222.41	-5.467
222.79	-3.844
223.17	-6.783
223.55	-3.408
223.92	-9.398
224.30	-8.545
224.68	-13.789
225.06	-15.875
225.43	-17.350
225.81	-15.586
226.19	-19.755
226.57	-15.312
226.95	-10.150
227.32	-7.963
227.70	-7.531
228.08	-4.468
228.46	-3.686
228.83	-2.558
229.21	-1.288
229.59	-1.567
229.96	-1.733
230.34	-1.418
230.72	-1.501
231.10	-2.632
231.47	-2.286
231.85	-2.767
232.23	-3.553
232.60	-4.459
232.98	-5.587
233.36	-6.943
233.74	-7.001
234.11	-6.646
234.49	-5.747
234.87	-4.887
235.24	-4.532
235.62	-4.691
236.00	-4.044
236.37	-4.669
236.75	-4.314
237.13	-3.020
237.50	-1.578
237.88	-0.182
238.26	0.434
238.63	-0.635
239.01	-1.296
239.39	0.437
239.76	0.318
240.14	-0.151
240.52	0.524
240.89	0.552
241.27	0.411
241.65	-0.238
242.02	0.141
242.40	0.149
242.77	0.814
243.15	0.681
243.53	0.235
243.90	0.835
244.28	0.788
244.66	0.307
245.03	0.300
245.41	0.311
245.78	0.512
246.16	-0.017
246.54	-0.144
246.91	-0.379
247.29	-0.072
247.66	-0.205
248.04	-0.440
248.41	-0.410
248.79	-0.317
249.17	-0.468
249.54	-1.095
249.92	-1.376
250.29	-1.288
250.67	-1.595
251.04	-1.375
251.42	-1.696
251.80	-2.120
252.17	-2.498
252.55	-2.368
252.92	-2.489
253.30	-2.112
253.67	-1.572
254.05	-1.517
254.42	-2.045
254.80	-1.851
255.17	-2.344
255.55	-2.030
255.92	-2.003
256.30	-1.371
256.67	-1.593
257.05	-1.287
257.42	-1.219
257.80	-1.228
258.17	-1.140
258.55	-0.760
258.92	-0.803
259.30	-0.569
259.67	-0.843
260.05	-0.711
260.42	-0.689
260.80	-0.628
261.17	-0.739
261.55	-1.023
261.92	-1.170
262.30	-1.151
262.67	-1.163
263.05	-1.331
263.42	-1.662
263.79	-1.443
264.17	-1.571
264.54	-1.790
264.92	-2.047
265.29	-2.487
265.67	-2.190
266.04	-1.884
266.42	-1.716
266.79	-1.845
267.16	-1.715
267.54	-1.718
267.91	-1.440
268.29	-1.480
268.66	-1.398
269.03	-1.245
269.41	-0.952
269.78	-0.956
270.16	-1.027
270.53	-1.100
270.90	-1.040
271.28	-1.016
271.65	-0.826
272.03	-1.152
272.40	-1.153
272.77	-1.315
273.15	-1.223
273.52	-1.120
273.89	-1.004
274.27	-0.874
274.64	-0.693
275.01	-0.741
275.39	-0.630
275.76	-0.822
276.14	-0.796
276.51	-0.740
276.88	-0.617
277.26	-0.635
277.63	-0.561
278.00	-0.910
278.38	-1.168
278.75	-1.328
279.12	-1.257
279.49	-1.266
279.87	-1.063
280.24	-0.813
280.61	-0.763
280.99	-0.956
281.36	-0.957
281.73	-1.137
282.11	-1.001
282.48	-0.851
282.85	-0.848
283.22	-0.941
283.60	-1.135
283.97	-1.313
284.34	-1.424
284.71	-1.326
285.09	-1.042
285.46	-0.983
285.83	-0.842
286.21	-0.657
286.58	-0.637
286.95	-0.724
287.32	-0.669
287.70	-0.443
288.07	-0.205
288.44	-0.216
288.81	-0.243
289.18	-0.398
289.56	-0.378
289.93	-0.233
290.30	-0.326
290.67	-0.391
291.05	-0.257
291.42	-0.155
291.79	-0.175
292.16	-0.312
292.53	-0.353
292.91	-0.433
293.28	-0.561
293.65	-0.735
294.02	-0.768
294.39	-0.786
294.76	-0.625
295.14	-0.672
295.51	-0.781
295.88	-0.763
296.25	-0.822
296.62	-0.629
297.00	-0.650
297.37	-0.403
297.74	-0.295
298.11	-0.299
298.48	-0.310
298.85	-0.342
299.22	-0.255
299.60	-0.246
299.97	-0.328
300.34	-0.388
300.71	-0.433
301.08	-0.325
301.45	-0.463
301.82	-0.481
302.19	-0.360
302.56	-0.298
302.94	-0.232
303.31	-0.089
303.68	0.111
304.05	0.030
304.42	0.223
304.79	0.147
305.16	0.203
305.53	0.229
305.90	0.103
306.27	-0.148
306.64	-0.208
307.02	-0.306
307.39	-0.493
307.76	-0.559
308.13	-0.389
308.50	-0.290
308.87	-0.370
309.24	-0.333
309.61	-0.298
309.98	-0.177
310.35	-0.168
310.72	-0.321
311.09	-0.327
311.46	-0.365
311.83	-0.330
312.20	-0.342
312.57	-0.517
312.94	-0.374
313.31	-0.591
313.68	-0.586
314.05	-0.474
314.42	-0.207
314.79	0.093
315.16	0.179
315.53	0.357
315.90	0.399
316.27	0.536
316.64	0.923
317.01	0.971
317.38	1.264
317.75	1.457
318.12	1.486
318.49	1.508
318.86	1.653
319.23	1.776
319.60	1.777
319.97	1.853
320.34	1.976
320.71	1.823
321.08	2.086
321.45	2.285
321.82	2.373
322.19	2.676
322.55	2.864
322.92	3.092
323.29	3.370
323.66	3.629
324.03	3.771
324.40	3.870
324.77	4.172
325.14	4.357
325.51	4.535
325.88	4.899
326.25	5.054
326.61	5.364
326.98	5.619
327.35	5.912
327.72	6.330
328.09	6.747
328.46	7.214
328.83	7.739
329.20	8.036
329.56	8.421
329.93	8.673
330.30	8.939
330.67	8.975
331.04	9.275
331.41	9.491
331.78	9.426
332.14	9.503
332.51	9.748
332.88	9.763
333.25	9.896
333.62	10.003
333.99	10.213
334.35	10.455
334.72	10.755
335.09	10.911
335.46	11.040
335.83	11.485
336.19	11.815
336.56	11.947
336.93	12.252
337.30	12.463
337.67	12.640
338.03	12.906
338.40	12.994
338.77	13.167
339.14	13.408
339.50	13.677
339.87	13.709
340.24	13.938
340.61	13.960
340.97	13.855
341.34	14.139
341.71	14.270
342.08	14.195
342.44	14.337
342.81	14.599
343.18	14.583
343.55	14.515
343.91	14.592
344.28	14.557
344.65	14.730
345.02	14.892
345.38	14.816
345.75	14.823
346.12	14.781
346.48	14.911
346.85	14.725
347.22	14.773
347.59	14.935
347.95	15.005
348.32	15.171
348.69	15.113
349.05	15.111
349.42	15.043
349.79	15.178
350.15	15.315
350.52	15.388
350.89	15.402
351.25	15.402
351.62	15.390
351.99	15.252
352.35	15.222
352.72	15.295
353.09	15.259
353.45	15.246
353.82	15.284
354.18	15.169
354.55	14.998
354.92	15.081
355.28	15.101
355.65	14.961
356.02	15.059
356.38	14.946
356.75	14.848
357.11	14.724
357.48	14.626
357.85	14.391
358.21	14.385
358.58	14.317
358.94	14.202
359.31	14.118
359.67	14.074
360.04	13.900
360.41	13.887
360.77	13.891
361.14	13.933
361.50	13.973
361.87	14.093
362.23	14.103
362.60	14.106
362.97	14.109
363.33	14.138
363.70	14.153
364.06	14.337
364.43	14.295
364.79	14.288
365.16	14.335
365.52	14.221
365.89	14.025
366.25	14.019
366.62	13.836
366.98	13.827
367.35	13.689
367.71	13.591
368.08	13.441
368.44	13.306
368.81	13.284
369.17	13.159
369.54	13.207
369.90	13.374
370.27	13.292
370.63	13.467
371.00	13.398
371.36	13.379
371.73	13.431
372.09	13.334
372.45	13.325
372.82	13.249
373.18	13.242
373.55	13.241
373.91	13.166
374.28	13.149
374.64	13.121
375.01	13.168
375.37	13.212
375.73	13.264
376.10	13.270
376.46	13.203
376.83	13.347
377.19	13.420
377.55	13.514
377.92	13.526
378.28	13.638
378.65	13.693
379.01	13.672
379.37	13.633
379.74	13.616
380.10	13.790
380.47	14.046
380.83	13.989
381.19	14.001
381.56	13.947
381.92	14.066
382.28	14.096
382.65	14.208
383.01	14.198
383.37	14.384
383.74	14.344
384.10	14.374
384.46	14.344
384.83	14.477
385.19	14.344
385.55	14.471
385.92	14.438
386.28	14.469
386.64	14.577
387.01	14.792
387.37	14.720
387.73	14.814
388.10	14.805
388.46	14.848
388.82	14.765
389.18	14.966
389.55	15.019
389.91	15.033
390.27	15.092
390.64	15.028
391.00	14.993
391.36	15.199
391.72	15.230
392.09	15.337
392.45	15.523
392.81	15.597
393.17	15.651
393.54	15.646
393.90	15.781
394.26	15.881
394.62	16.024
394.99	16.132
395.35	16.079
395.71	16.258
396.07	16.331
396.43	16.406
396.80	16.455
397.16	16.625
397.52	16.709
397.88	16.774
398.24	16.754
398.61	16.676
398.97	16.646
399.33	16.639
399.69	16.626
400.05	16.577
400.42	16.444
400.78	16.483
401.14	16.462
401.50	16.507
401.86	16.514
402.22	16.630
402.59	16.718
402.95	16.767
403.31	16.709
403.67	16.761
404.03	16.776
404.39	16.913
404.75	17.026
405.12	17.027
405.48	17.054
405.84	17.002
406.20	16.948
406.56	16.911
406.92	16.950
407.28	17.063
407.64	17.006
408.00	17.005
408.36	16.852
408.73	16.810
409.09	16.760
409.45	16.831
409.81	16.934
410.17	16.939
410.53	17.035
410.89	16.992
411.25	17.051
411.61	17.139
411.97	17.172
412.33	17.251
412.69	17.264
413.05	17.355
413.41	17.354
413.77	17.345
414.13	17.392
414.50	17.427
414.86	17.556
415.22	17.603
415.58	17.576
415.94	17.624
416.30	17.671
416.66	17.638
417.02	17.697
417.38	17.726
417.74	17.690
418.10	17.749
418.46	17.748
418.82	17.721
419.18	17.653
419.54	17.721
419.90	17.659
420.26	17.666
420.61	17.732
420.97	17.774
421.33	17.869
421.69	17.886
422.05	17.877
422.41	17.906
422.77	17.961
423.13	18.023
423.49	18.010
423.85	18.105
424.21	18.112
424.57	18.051
424.93	18.038
425.29	17.925
425.65	17.990
426.01	17.969
426.36	17.910
426.72	17.825
427.08	17.808
427.44	17.836
427.80	17.877
428.16	17.887
428.52	18.010
428.88	18.037
429.24	18.107
429.59	18.097
429.95	18.102
430.31	18.214
430.67	18.271
431.03	18.310
431.39	18.307
431.75	18.135
432.10	18.155
432.46	18.118
432.82	18.145
433.18	18.131
433.54	18.147
433.90	18.147
434.25	18.135
434.61	18.118
434.97	18.198
435.33	18.175
435.69	18.377
436.04	18.445
436.40	18.577
436.76	18.552
437.12	18.636
437.48	18.738
437.83	18.868
438.19	18.973
438.55	19.096
438.91	19.103
439.27	19.236
439.62	19.219
439.98	19.267
440.34	19.257
440.70	19.340
441.05	19.374
441.41	19.481
441.77	19.573
442.13	19.646
442.48	19.724
442.84	19.838
443.20	19.996
443.56	20.140
443.91	20.289
444.27	20.473
444.63	20.575
444.98	20.643
445.34	20.663
445.70	20.749
446.05	20.855
446.41	20.912
446.77	21.030
447.13	21.056
447.48	21.118
447.84	21.198
448.20	21.264
448.55	21.388
448.91	21.538
449.27	21.663
449.62	21.776
449.98	21.856
450.34	22.004
450.69	22.048
451.05	22.168
451.40	22.376
451.76	22.501
452.12	22.606
452.47	22.742
452.83	22.823
453.19	22.943
453.54	23.015
453.90	23.038
454.25	23.178
454.61	23.346
454.97	23.420
455.32	23.359
455.68	23.487
456.03	23.545
456.39	23.554
456.75	23.682
457.10	23.833
457.46	23.946
457.81	24.092
458.17	24.200
458.52	24.309
458.88	24.325
459.24	24.535
459.59	24.593
459.95	24.733
460.30	24.733
460.66	24.814
461.01	24.737
461.37	24.724
461.72	24.700
462.08	24.694
462.43	24.537
462.79	24.627
463.14	24.606
463.50	24.520
463.85	24.421
464.21	24.541
464.56	24.563
464.92	24.551
465.27	24.591
465.63	24.585
465.98	24.522
466.34	24.650
466.69	24.604
467.05	24.517
467.40	24.538
467.76	24.540
468.11	24.527
468.47	24.368
468.82	24.446
469.18	24.460
469.53	24.548
469.88	24.543
470.24	24.548
470.59	24.638
470.95	24.619
471.30	24.582
471.66	24.578
472.01	24.594
472.36	24.685
472.72	24.705
473.07	24.620
473.43	24.578
473.78	24.590
474.13	24.601
474.49	24.525
474.84	24.577
475.19	24.617
475.55	24.516
475.90	24.519
476.26	24.464
476.61	24.415
476.96	24.469
477.32	24.513
477.67	24.582
478.02	24.508
478.38	24.461
478.73	24.493
479.08	24.451
479.44	24.512
479.79	24.443
480.14	24.513
480.50	24.447
480.85	24.431
481.20	24.447
481.56	24.396
481.91	24.518
482.26	24.611
482.62	24.600
482.97	24.630
483.32	24.646
483.67	24.678
484.03	24.704
484.38	24.775
484.73	24.817
485.08	24.801
485.44	24.845
485.79	24.774
486.14	24.754
486.49	24.753
486.85	24.803
487.20	24.767
487.55	24.765
487.90	24.676
488.26	24.603
488.61	24.567
488.96	24.551
489.31	24.534
489.67	24.517
490.02	24.424
490.37	24.418
490.72	24.357
491.07	24.405
491.43	24.350
491.78	24.409
492.13	24.395
492.48	24.417
492.83	24.439
493.19	24.464
493.54	24.500
493.89	24.553
494.24	24.543
494.59	24.549
494.94	24.535
495.29	24.583
495.65	24.555
496.00	24.633
496.35	24.550
496.70	24.489
497.05	24.459
497.40	24.431
497.75	24.445
498.11	24.464
498.46	24.417
498.81	24.349
499.16	24.328
499.51	24.330
499.86	24.286
500.21	24.308
500.56	24.343
500.91	24.390
501.26	24.421
501.62	24.434
501.97	24.508
502.32	24.525
502.67	24.580
503.02	24.548
503.37	24.437
503.72	24.515
504.07	24.493
504.42	24.508
504.77	24.482
505.12	24.552
505.47	24.617
505.82	24.620
506.17	24.632
506.52	24.660
506.87	24.727
507.22	24.887
507.57	24.858
507.92	24.866
508.27	24.879
508.62	24.797
508.97	24.791
509.32	24.701
509.67	24.611
510.02	24.562
510.37	24.585
510.72	24.657
511.07	24.636
511.42	24.698
511.77	24.850
512.12	24.848
512.47	24.959
512.82	25.006
513.17	25.114
513.52	25.161
513.87	25.213
514.22	25.216
514.57	25.158
514.91	25.257
515.26	25.234
515.61	25.097
515.96	25.112
516.31	25.067
516.66	25.007
517.01	24.988
517.36	24.984
517.71	25.030
518.06	25.009
518.41	24.994
518.75	24.901
519.10	24.869
519.45	24.886
519.80	24.891
520.15	24.821
520.50	24.847
520.85	24.850
521.19	24.884
521.54	24.867
521.89	24.874
522.24	24.917
522.59	24.936
522.94	24.932
523.28	24.873
523.63	24.832
523.98	24.834
524.33	24.749
524.68	24.719
525.03	24.668
525.37	24.626
525.72	24.557
526.07	24.477
526.42	24.436
526.76	24.430
527.11	24.460
527.46	24.501
527.81	24.566
528.16	24.590
528.50	24.591
528.85	24.598
529.20	24.583
529.55	24.607
529.89	24.619
530.24	24.619
530.59	24.586
530.94	24.546
531.28	24.461
531.63	24.350
531.98	24.298
532.32	24.274
532.67	24.180
533.02	24.176
533.37	24.123
533.71	24.127
534.06	24.100
534.41	24.024
534.75	24.005
535.10	23.986
535.45	23.976
535.79	23.960
536.14	23.892
536.49	23.876
536.83	23.830
537.18	23.797
537.53	23.732
537.87	23.696
538.22	23.749
538.57	23.697
538.91	23.630
539.26	23.537
539.61	23.559
539.95	23.513
540.30	23.524
540.64	23.509
540.99	23.579
541.34	23.552
541.68	23.558
542.03	23.572
542.37	23.570
542.72	23.603
543.07	23.656
543.41	23.585
543.76	23.561
544.10	23.570
544.45	23.529
544.80	23.469
545.14	23.474
545.49	23.398
545.83	23.316
546.18	23.314
546.52	23.327
546.87	23.260
547.21	23.228
547.56	23.321
547.90	23.231
548.25	23.245
548.59	23.218
548.94	23.166
549.29	23.241
549.63	23.291
549.98	23.274
550.32	23.216
550.67	23.314
551.01	23.285
551.35	23.186
551.70	23.286
552.04	23.263
552.39	23.266
552.73	23.327
553.08	23.261
553.42	23.250
553.77	23.266
554.11	23.313
554.46	23.231
554.80	23.292
555.15	23.220
555.49	23.132
555.83	23.219
556.18	23.097
556.52	23.048
556.87	22.937
557.21	22.898
557.56	22.827
557.90	22.706
558.24	22.767
558.59	22.792
558.93	22.937
559.28	22.987
559.62	22.934
559.96	22.999
560.31	23.103
560.65	23.274
560.99	23.379
561.34	23.580
561.68	23.662
562.02	23.689
562.37	23.730
562.71	23.761
563.06	23.864
563.40	23.889
563.74	23.977
564.09	23.881
564.43	23.862
564.77	23.860
565.11	23.792
565.46	23.823
565.80	23.799
566.14	23.831
566.49	23.870
566.83	23.888
567.17	23.977
567.52	23.988
567.86	24.042
568.20	24.119
568.54	24.058
568.89	24.141
569.23	24.151
569.57	24.115
569.91	24.040
570.26	23.962
570.60	23.956
570.94	23.943
571.28	24.048
571.63	24.108
571.97	24.188
572.31	24.318
572.65	24.306
573.00	24.366
573.34	24.464
573.68	24.561
574.02	24.696
574.36	24.735
574.71	24.727
575.05	24.754
575.39	24.854
575.73	24.863
576.07	24.953
576.42	24.954
576.76	24.985
577.10	25.092
577.44	25.150
577.78	25.055
578.12	25.044
578.46	25.105
578.81	25.061
579.15	25.021
579.49	25.071
579.83	24.941
580.17	25.035
580.51	25.026
580.85	24.961
581.20	24.953
581.54	25.116
581.88	25.206
582.22	25.196
582.56	25.296
582.90	25.389
583.24	25.325
583.58	25.415
583.92	25.439
584.26	25.460
584.60	25.554
584.95	25.669
585.29	25.794
585.63	25.852
585.97	25.871
586.31	25.846
586.65	25.928
586.99	26.084
587.33	26.118
587.67	26.177
588.01	26.351
588.35	26.465
588.69	26.624
589.03	26.628
589.37	26.686
589.71	26.827
590.05	26.912
590.39	26.910
590.73	27.016
591.07	27.090
591.41	27.188
591.75	27.195
592.09	27.180
592.43	27.188
592.77	27.237
593.11	27.311
593.45	27.373
593.79	27.454
594.13	27.527
594.47	27.612
594.81	27.850
595.14	27.904
595.48	28.062
595.82	28.154
596.16	28.163
596.50	28.327
596.84	28.492
597.18	28.715
597.52	28.848
597.86	29.116
598.20	29.269
598.54	29.333
598.87	29.482
599.21	29.698
599.55	29.873
599.89	30.157
600.23	30.303
600.57	30.405
600.91	30.511
601.25	30.634
601.58	30.607
601.92	30.514
602.26	30.746
602.60	30.962
602.94	31.110
603.28	31.390
603.61	31.406
603.95	31.547
604.29	31.605
604.63	31.653
604.97	31.757
605.30	31.941
605.64	32.160
605.98	32.136
606.32	32.176
606.66	32.197
606.99	32.298
607.33	32.556
607.67	32.707
608.01	32.882
608.34	33.086
608.68	33.305
609.02	33.473
609.36	33.629
609.69	33.901
610.03	33.990
610.37	34.074
610.71	34.042
611.04	34.044
611.38	34.082
611.72	34.264
612.06	34.296
612.39	34.293
612.73	34.275
613.07	34.306
613.40	34.179
613.74	34.417
614.08	34.525
614.41	34.700
614.75	34.836
615.09	34.828
615.42	34.794
615.76	34.935
616.10	34.997
616.43	35.125
616.77	35.206
617.11	35.415
617.44	35.473
617.78	35.490
618.12	35.559
618.45	35.640
618.79	35.808
619.13	35.840
619.46	35.916
619.80	35.983
620.13	35.949
620.47	35.923
620.81	35.851
621.14	35.822
621.48	35.973
621.81	36.050
622.15	36.061
622.48	35.882
622.82	35.932
623.16	36.047
623.49	36.145
623.83	36.155
624.16	36.277
624.50	36.314
624.83	36.491
625.17	36.458
625.50	36.543
625.84	36.529
626.18	36.744
626.51	36.755
626.85	36.753
627.18	36.781
627.52	36.979
627.85	37.093
628.19	37.093
628.52	37.081
628.86	37.068
629.19	36.890
629.53	36.844
629.86	36.846
630.19	37.006
630.53	36.996
630.86	36.848
631.20	36.787
631.53	36.624
631.87	36.661
632.20	36.541
632.54	36.631
632.87	36.759
633.20	36.815
633.54	36.831
633.87	36.862
634.21	36.830
634.54	36.919
634.88	36.921
635.21	37.004
635.54	37.106
635.88	37.060
636.21	37.021
636.55	37.111
636.88	37.407
637.21	37.513
637.55	37.389
637.88	37.434
638.21	37.586
638.55	37.552
638.88	37.516
639.21	37.323
639.55	37.535
639.88	37.762
640.21	37.603
640.55	37.416
640.88	37.278
641.21	37.424
641.55	37.271
641.88	37.173
642.21	37.346
642.55	37.473
642.88	37.686
643.21	37.510
643.55	37.355
643.88	37.589
644.21	37.544
644.54	37.545
644.88	37.350
645.21	37.482
645.54	37.366
645.87	37.206
646.21	37.217
646.54	37.157
646.87	37.296
647.20	37.205
647.54	37.238
647.87	37.134
648.20	37.187
648.53	37.255
648.87	37.178
649.20	37.256
649.53	37.315
649.86	37.277
650.19	37.407
650.53	37.364
650.86	37.411
651.19	37.224
651.52	37.306
651.85	37.180
652.18	36.972
652.52	37.147
652.85	37.277
653.18	37.304
653.51	37.343
653.84	37.346
654.17	37.362
654.51	37.306
654.84	37.097
655.17	36.918
655.50	36.830
655.83	37.156
656.16	36.998
656.49	36.828
656.82	36.659
657.15	36.651
657.49	36.534
657.82	36.293
658.15	36.259
658.48	36.281
658.81	36.332
659.14	36.289
659.47	36.236
659.80	36.040
660.13	36.138
660.46	36.027
660.79	36.018
661.12	35.761
661.45	35.881
661.78	35.730
662.11	35.626
662.44	35.543
662.77	35.636
663.10	35.431
663.43	35.447
663.76	35.294
664.09	35.302
664.42	35.228
664.75	35.402
665.08	35.025
665.41	35.255
665.74	35.314
666.07	35.224
666.40	35.328
666.73	34.920
667.06	34.818
667.39	34.649
667.72	34.613
668.05	34.583
668.38	34.533
668.71	34.678
669.04	34.441
669.37	34.191
669.70	34.090
670.03	33.611
670.36	33.829
670.69	33.859
671.01	33.624
671.34	33.430
671.67	32.996
672.00	32.790
672.33	32.664
672.66	32.483
672.99	32.610
673.32	32.698
673.64	32.887
673.97	32.765
674.30	32.601
674.63	32.535
674.96	32.553
675.29	32.563
675.62	32.335
675.94	32.127
676.27	31.894
676.60	31.610
676.93	31.295
677.26	31.221
677.58	30.976
677.91	30.886
678.24	30.980
678.57	30.603
678.90	30.403
679.22	30.325
679.55	30.383
679.88	30.224
680.21	30.010
680.54	30.020
680.86	29.617
681.19	29.463
681.52	29.214
681.85	29.054
682.17	28.891
682.50	28.730
682.83	28.603
683.16	28.312
683.48	28.291
683.81	27.913
684.14	27.376
684.46	27.249
684.79	26.924
685.12	26.489
685.45	26.276
685.77	26.279
686.10	26.403
686.43	25.978
686.75	25.524
687.08	25.383
687.41	25.469
687.73	25.417
688.06	24.942
688.39	25.054
688.71	25.051
689.04	25.030
689.36	24.737
689.69	24.210
690.02	24.309
690.34	24.054
690.67	23.469
691.00	23.086
691.32	22.718
691.65	22.685
691.97	22.324
692.30	22.276
692.63	21.514
692.95	21.178
693.28	20.647
693.60	20.069
693.93	20.325
694.26	20.433
694.58	20.465
694.91	20.557
695.23	20.734
695.56	20.533
695.88	20.032
696.21	19.828
696.53	19.989
696.86	19.706
697.18	19.887
697.51	19.517
697.83	19.318
698.16	18.877
698.48	18.506
698.81	18.217
699.13	18.055
699.46	18.108
699.78	18.069
700.11	17.817
700.43	18.045
700.76	17.401
701.08	17.392
701.41	17.288
701.73	17.368
702.06	17.539
702.38	17.167
702.71	17.015
703.03	16.413
703.35	16.060
703.68	15.445
704.00	14.381
704.33	14.663
704.65	14.198
704.98	13.966
705.30	13.706
705.62	13.169
705.95	13.011
706.27	12.842
706.60	12.659
706.92	12.532
707.24	12.774
707.57	13.082
707.89	12.942
708.21	12.722
708.54	12.003
708.86	11.861
709.18	11.296
709.51	10.676
709.83	10.915
710.15	11.211
710.48	11.045
710.80	10.617
711.12	10.357
711.45	9.599
711.77	9.368
712.09	9.912
712.42	9.898
712.74	9.993
713.06	10.102
713.38	9.549
713.71	9.189
714.03	9.446
714.35	9.666
714.68	9.602
715.00	9.565
715.32	9.110
715.64	8.500
715.97	7.482
716.29	7.542
716.61	7.493
716.93	6.880
717.25	6.825
717.58	5.717
717.90	4.991
718.22	4.465
718.54	4.173
718.87	4.272
719.19	4.419
719.51	4.841
719.83	4.724
720.15	4.806
720.47	4.581
720.80	3.712
721.12	4.005
721.44	5.025
721.76	5.176
722.08	4.875
722.40	4.435
722.73	4.188
723.05	4.303
723.37	4.858
723.69	5.168
724.01	5.212
724.33	5.836
724.65	5.605
724.97	4.860
725.30	5.356
725.62	5.749
725.94	6.796
726.26	5.842
726.58	5.770
726.90	4.357
727.22	3.613
727.54	3.531
727.86	3.427
728.18	3.878
728.50	3.660
728.82	3.192
729.14	3.546
729.46	2.590
729.78	3.235
730.10	3.710
730.42	4.784
730.74	4.422
731.07	3.860
731.39	3.821
731.71	3.663
732.03	4.259
732.35	4.595
732.66	3.703
732.98	4.039
733.30	3.320
733.62	2.023
733.94	0.833
734.26	0.837
734.58	1.565
734.90	0.615
735.22	0.483
735.54	-0.404
735.86	-2.287
736.18	-2.172
736.50	-2.622
736.82	-2.597
737.14	-2.620
737.46	-3.228
737.78	-2.847
738.10	-3.626
738.41	-2.637
738.73	-2.941
739.05	-2.946
739.37	-1.800
739.69	-2.068
740.01	-2.756
740.33	-1.916
740.65	-1.973
740.96	-1.119
741.28	-1.609
741.60	-1.186
741.92	-1.355
742.24	-0.797
742.56	-1.549
742.88	-1.325
743.19	-0.784
743.51	-1.006
743.83	-2.064
744.15	-1.600
744.47	-2.378
744.78	-1.987
745.10	-1.967
745.42	-1.900
745.74	-2.716
746.06	-2.262
746.37	-3.166
746.69	-3.404
747.01	-3.919
747.33	-3.592
747.64	-3.599
747.96	-2.696
748.28	-3.469
748.60	-4.010
748.91	-5.197
749.23	-5.282
749.55	-5.664
749.87	-4.843
750.18	-3.902
750.50	-4.105
750.82	-3.668
751.13	-3.034
751.45	-3.743
751.77	-3.848
752.08	-3.573
752.40	-2.875
752.72	-3.386
753.03	-3.128
753.35	-4.519
753.67	-5.926
753.98	-5.115
754.30	-5.517
754.62	-6.850
754.93	-6.873
755.25	-6.984
755.57	-6.797
755.88	-6.576
756.20	-6.453
756.51	-6.172
756.83	-4.457
757.15	-3.952
757.46	-3.875
757.78	-4.852
758.09	-5.079
758.41	-4.700
758.73	-4.035
759.04	-3.534
759.36	-3.859
759.67	-3.805
759.99	-5.742
760.30	-6.077
760.62	-7.367
760.94	-7.229
761.25	-6.428
761.57	-6.642
761.88	-6.438
762.20	-5.400
762.51	-6.266
762.83	-6.278
763.14	-5.818
763.46	-4.657
763.77	-4.152
764.09	-3.675
764.40	-3.608
764.72	-3.207
765.03	-3.130
765.35	-4.053
765.66	-5.735
765.98	-5.854
766.29	-5.414
766.61	-6.811
766.92	-7.828
767.23	-9.160
767.55	-9.676
767.86	-9.060
768.18	-9.494
768.49	-9.713
768.81	-9.718
769.12	-8.654
769.43	-8.868
769.75	-9.378
770.06	-7.190
770.38	-7.048
770.69	-7.423
771.00	-6.179
771.32	-7.383
771.63	-8.132
771.94	-7.980
772.26	-7.405
772.57	-8.652
772.89	-7.973
773.20	-9.699
773.51	-11.039
773.83	-10.715
774.14	-9.382
774.45	-10.409
774.77	-9.530
775.08	-7.935
775.39	-5.097
775.70	-3.628
776.02	-2.639
776.33	-3.274
776.64	-1.569
776.96	-2.675
777.27	-3.982
777.58	-4.501
777.89	-3.910
778.21	-3.961
778.52	-5.781
778.83	-10.201
779.14	-11.706
779.46	-12.350
779.77	-11.864
780.08	-11.870
780.39	-12.669
780.71	-12.511
781.02	-13.459
781.33	-11.758
781.64	-12.861
781.95	-12.176
782.27	-9.911
782.58	-8.455
782.89	-8.764
783.20	-8.928
783.51	-8.018
783.83	-6.660
784.14	-5.172
784.45	-3.533
784.76	-8.034
785.07	-8.244
785.38	-8.572
785.70	-9.890
786.01	-9.727
786.32	-8.679
786.63	-9.353
786.94	-10.940
787.25	-7.787
787.56	-7.641
787.87	-7.378
788.18	-4.957
788.50	-4.467
788.81	-4.925
789.12	-4.220
789.43	-2.880
789.74	-3.012
790.05	-2.327
790.36	-0.587
790.67	-4.253
790.98	-6.138
791.29	-7.371
791.60	-7.291
791.91	-9.395
792.22	-10.465
792.53	-10.460
792.84	-15.819
793.15	-19.439
793.46	-22.712
793.77	-28.417
794.08	-24.393
794.39	-21.398
794.70	-20.410
795.01	-20.584
795.32	-18.489
795.63	-17.172
795.94	-17.554
796.25	-18.327
796.56	-15.380
796.87	-13.366
797.18	-10.037
797.49	-10.259
797.80	-9.833
798.11	-11.803
798.42	-12.194
798.73	-9.070
799.04	-10.094
799.35	-9.545
799.65	-9.155
799.96	-8.326
800.27	-8.094
800.58	-6.174
800.89	-3.624
801.20	-5.109
801.51	-5.024
801.82	-6.519
802.13	-9.934
802.43	-7.846
802.74	-12.774
803.05	-13.569
803.36	-13.844
803.67	-14.333
803.98	-19.173
804.28	-27.115
804.59	-28.180
804.90	-26.164
805.21	-23.280
805.52	-25.570
805.83	-25.985
806.13	-20.822
806.44	-17.068
806.75	-19.682
807.06	-17.952
807.36	-18.240
807.67	-16.925
807.98	-15.824
808.29	-15.132
808.60	-14.740
808.90	-15.576
809.21	-17.803
809.52	-16.598
809.83	-15.008
810.13	-14.219
810.44	-14.816
810.75	-13.677
811.05	-11.078
811.36	-13.405
811.67	-14.116
811.98	-14.924
812.28	-11.945
812.59	-8.053
812.90	-6.991
813.20	-11.432
813.51	-9.874
813.82	-11.436
814.12	-11.290
814.43	-12.462
814.74	-10.358
815.04	-11.731
815.35	-15.313
815.65	-10.207
815.96	-12.550
816.27	-15.158
816.57	-10.733
816.88	-14.439
817.19	-10.917
817.49	-13.581
817.80	-14.234
818.10	-14.500
818.41	-13.790
818.72	-12.061
819.02	-16.517
819.33	-14.430
819.63	-13.800
819.94	-14.211
820.24	-11.688
820.55	-12.528
820.85	-11.005
821.16	-10.703
821.47	-10.417
821.77	-10.834
822.08	-10.599
822.38	-10.182
822.69	-10.571
822.99	-10.993
823.30	-11.010
823.60	-11.296
823.91	-11.519
824.21	-10.970
824.52	-11.104
824.82	-11.621
825.13	-10.773
825.43	-10.787
825.73	-10.795
826.04	-11.606
826.34	-11.465
826.65	-11.936
826.95	-12.758
827.26	-13.247
827.56	-13.627
827.87	-13.305
828.17	-14.286
828.47	-14.556
828.78	-14.821
829.08	-16.609
829.39	-16.123
829.69	-16.877
829.99	-19.512
830.30	-19.160
830.60	-19.039
830.90	-21.014
831.21	-23.751
831.51	-20.779
831.82	-22.856
832.12	-27.576
832.42	-28.676
832.73	-27.462
833.03	-21.967
833.33	-18.286
833.64	-17.856
833.94	-17.165
834.24	-18.310
834.54	-18.658
834.85	-20.727
835.15	-19.570
835.45	-19.755
835.76	-18.075
836.06	-19.024
836.36	-22.133
836.66	-27.458
836.97	-26.252
837.27	-28.042
837.57	-29.303
837.87	-29.805
838.18	-22.909
838.48	-26.188
838.78	-20.010
839.08	-20.879
839.39	-19.929
839.69	-17.406
839.99	-13.153
840.29	-12.732
840.59	-10.451
840.90	-8.828
841.20	-3.537
841.50	-6.965
841.80	-8.313
842.10	-13.360
842.41	-12.057
842.71	-13.594
843.01	-16.393
843.31	-12.679
843.61	-13.054
843.91	-16.564
844.21	-16.784
844.52	-22.254
844.82	-20.923
845.12	-21.929
845.42	-24.935
845.72	-30.671
846.02	-33.883
846.32	-39.535
846.62	-45.243
846.92	-44.521
847.22	-58.952
847.52	-52.302
847.83	-53.706
848.13	-60.422
848.43	-56.647
848.73	-48.733
849.03	-44.005
849.33	-39.082
849.63	-41.566
849.93	-37.391
850.23	-40.805
850.53	-25.997
850.83	-42.089
851.13	-40.652
851.43	-37.358
851.73	-29.487
852.03	-17.792
852.33	-19.029
852.63	-31.392
852.93	-26.970
853.23	-36.887
853.53	-42.007
853.83	-39.348
854.13	-34.409
854.43	-42.825
854.73	-57.921
855.03	-78.429
855.32	-97.036
855.62	-96.624
855.92	-68.614
856.22	-90.429
856.52	-81.667
856.82	-67.657
857.12	-84.760
857.42	-74.959
857.72	-45.958
858.02	-20.997
858.31	-14.235
858.61	-9.930
858.91	-10.000
859.21	-15.858
859.51	-11.911
859.81	-18.541
860.11	-24.921
860.40	-14.058
860.70	-23.954
861.00	-58.854
861.30	-89.099
861.60	-102.075
861.90	-111.301
862.19	-84.256
862.49	-78.818
862.79	-83.846
863.09	-66.712
863.39	-62.887
863.68	-62.073
863.98	-67.268
864.28	-49.769
864.58	-50.440
864.87	-51.693
865.17	-58.088
865.47	-70.555
865.77	-86.299
866.06	-81.085
866.36	-80.371
866.66	-108.456
866.96	-104.726
867.25	-80.000
867.55	-88.889
867.85	-105.241
868.14	-90.097
868.44	-51.807
868.74	-70.588
869.03	-64.754
869.33	-54.633
869.63	-66.269
869.92	-48.742
870.22	-53.401
870.52	-56.098
870.81	-50.841
871.11	-34.340
871.41	-28.016
871.70	-39.606
872.00	-13.542
872.30	-27.872
872.59	-45.575
872.89	-31.538
873.18	-27.925
873.48	-39.114
873.78	-48.517
874.07	-74.142
874.37	-66.297
874.66	-70.264
874.96	-86.493
875.25	-93.953
875.55	-52.686
875.85	-41.785
876.14	-36.389
876.44	-44.304
876.73	-36.757
877.03	-27.546
877.32	-14.788
877.62	-29.299
877.91	-20.551
878.21	-25.429
878.50	-20.478
878.80	-32.022
879.09	-24.335
879.39	-46.727
879.68	-48.026
879.98	-35.577
880.27	-40.236
880.57	-36.471
880.86	-33.769
881.16	-32.435
881.45	-26.409
881.74	-30.088
882.04	-28.654
882.33	-29.972
882.63	-28.669
882.92	-28.139
883.22	-27.989
883.51	-26.877
883.80	-28.913
884.10	-27.304
884.39	-28.576
884.69	-30.593
884.98	-30.997
885.27	-32.476
885.57	-30.168
885.86	-34.811
886.15	-34.264
886.45	-40.693
886.74	-50.779
887.03	-45.061
887.33	-43.659
887.62	-50.000
887.91	-34.444
888.21	-97.260
888.50	2.804
888.79	-33.628
889.09	-117.073
