190.56	15.000
190.94	15.000
191.32	15.000
191.70	110.204
192.08	-960.000
192.46	187.500
192.84	920.000
193.22	-367.857
193.60	-325.000
193.98	-1730.435
194.36	-811.429
194.74	-170.229
195.13	-151.563
195.51	-220.225
195.89	-1675.000
196.27	210.317
196.65	340.777
197.03	471.429
197.40	692.500
197.78	27000.000
198.16	-111.000
198.54	-85.714
198.92	-90.000
199.30	-115.862
199.68	-72.396
200.06	-37.097
200.44	-17.905
200.82	17.308
201.20	8.213
201.58	-32.927
201.96	20.712
202.34	-13.021
202.72	-16.578
203.10	-27.273
203.48	0.749
203.86	-13.836
204.24	-7.710
204.62	-6.652
205.00	-14.757
205.38	-17.195
205.76	-6.325
206.13	-25.865
206.51	-23.540
206.89	-22.527
207.27	-14.483
207.65	-19.101
208.03	-5.819
208.41	-13.487
208.79	-14.781
209.17	-2.796
209.55	6.239
209.93	-2.637
210.30	-2.128
210.68	8.600
211.06	5.556
211.44	-4.221
211.82	-3.183
212.20	-6.379
212.58	-1.631
212.96	1.880
213.33	-13.938
213.71	-9.108
214.09	0.571
214.47	-7.865
214.85	-19.886
215.23	-18.216
215.61	-31.429
215.98	-35.465
216.36	-57.053
216.74	-59.953
217.12	-61.373
217.50	-45.038
217.88	-47.300
218.25	-43.279
218.63	-44.108
219.01	-44.854
219.39	-53.412
219.77	-28.858
220.14	-19.929
220.52	-9.316
220.90	-7.456
221.28	-3.692
221.66	-5.793
222.03	-2.776
222.41	-5.882
222.79	-1.889
223.17	-1.307
223.55	4.123
223.92	-3.039
224.30	-5.246
224.68	-6.632
225.06	-4.352
225.43	-5.139
225.81	-4.789
226.19	-8.017
226.57	-6.377
226.95	-4.847
227.32	-3.655
227.70	-3.701
228.08	-2.054
228.46	-1.836
228.83	-1.318
229.21	-1.288
229.59	-1.731
229.96	-1.778
230.34	-0.201
230.72	0.293
231.10	-0.024
231.47	-0.350
231.85	-0.266
232.23	-0.211
232.60	-0.559
232.98	-1.366
233.36	-2.196
233.74	-1.302
234.11	-0.591
234.49	-1.774
234.87	-2.312
235.24	-2.190
235.62	-1.948
236.00	-3.014
236.37	-4.290
236.75	-3.756
237.13	-2.621
237.50	-1.388
237.88	-0.730
238.26	0.489
238.63	0.093
239.01	0.661
239.39	2.152
239.76	1.819
240.14	2.755
240.52	3.533
240.89	3.363
241.27	3.320
241.65	2.617
242.02	2.509
242.40	1.521
242.77	1.772
243.15	1.321
243.53	0.756
243.90	1.235
244.28	0.942
244.66	0.480
245.03	0.241
245.41	0.411
245.78	0.847
246.16	0.240
246.54	0.222
246.91	-0.020
247.29	0.430
247.66	0.261
248.04	0.355
248.41	0.421
248.79	0.606
249.17	0.649
249.54	-0.091
249.92	-0.860
250.29	-0.239
250.67	0.062
251.04	0.796
251.42	0.721
251.80	0.790
252.17	0.474
252.55	0.376
252.92	0.011
253.30	0.075
253.67	0.547
254.05	1.098
254.42	0.964
254.80	1.121
255.17	0.756
255.55	0.462
255.92	-0.026
256.30	0.031
256.67	-0.170
257.05	0.099
257.42	-0.050
257.80	-0.139
258.17	-0.284
258.55	-0.423
258.92	-0.355
259.30	-0.235
259.67	-0.307
260.05	-0.006
260.42	0.000
260.80	0.172
261.17	0.271
261.55	0.391
261.92	0.479
262.30	0.370
262.67	0.482
263.05	0.234
263.42	-0.075
263.79	-0.164
264.17	-0.486
264.54	-0.395
264.92	-0.664
265.29	-1.385
265.67	-1.224
266.04	-0.923
266.42	-0.475
266.79	-0.512
267.16	-0.386
267.54	-0.473
267.91	-0.235
268.29	-0.061
268.66	-0.238
269.03	-0.165
269.41	0.096
269.78	0.146
270.16	-0.035
270.53	-0.039
270.90	-0.030
271.28	-0.133
271.65	-0.138
272.03	-0.310
272.40	-0.226
272.77	-0.394
273.15	-0.273
273.52	-0.141
273.89	-0.294
274.27	-0.261
274.64	-0.240
275.01	-0.419
275.39	-0.160
275.76	-0.058
276.14	-0.064
276.51	-0.363
276.88	-0.180
277.26	-0.193
277.63	-0.189
278.00	-0.436
278.38	-0.595
278.75	-0.881
279.12	-0.714
279.49	-0.783
279.87	-0.810
280.24	-0.616
280.61	-0.565
280.99	-0.572
281.36	-0.590
281.73	-0.659
282.11	-0.630
282.48	-0.560
282.85	-0.351
283.22	-0.343
283.60	-0.462
283.97	-0.472
284.34	-0.495
284.71	-0.385
285.09	-0.272
285.46	-0.242
285.83	-0.240
286.21	-0.017
286.58	-0.013
286.95	-0.117
287.32	-0.068
287.70	0.072
288.07	0.184
288.44	0.108
288.81	0.073
289.18	-0.031
289.56	-0.035
289.93	0.016
290.30	0.012
290.67	0.089
291.05	0.046
291.42	0.164
291.79	0.199
292.16	-0.026
292.53	-0.083
292.91	-0.125
293.28	-0.184
293.65	-0.372
294.02	-0.307
294.39	-0.540
294.76	-0.608
295.14	-0.614
295.51	-0.797
295.88	-0.838
296.25	-0.694
296.62	-0.419
297.00	-0.296
297.37	-0.144
297.74	0.078
298.11	0.244
298.48	0.439
298.85	0.580
299.22	0.727
299.60	0.783
299.97	0.811
300.34	0.738
300.71	0.566
301.08	0.522
301.45	0.434
301.82	0.418
302.19	0.350
302.56	0.292
302.94	0.263
303.31	0.313
303.68	0.589
304.05	0.525
304.42	0.611
304.79	0.620
305.16	0.816
305.53	0.861
305.90	0.676
306.27	0.508
306.64	0.468
307.02	0.315
307.39	0.293
307.76	-0.009
308.13	0.172
308.50	0.311
308.87	0.288
309.24	0.262
309.61	0.362
309.98	0.538
310.35	0.489
310.72	0.467
311.09	0.549
311.46	0.546
311.83	0.827
312.20	0.848
312.57	0.788
312.94	0.879
313.31	0.603
313.68	0.568
314.05	0.726
314.42	0.923
314.79	1.079
315.16	1.114
315.53	1.151
315.90	1.046
316.27	1.069
316.64	1.106
317.01	1.032
317.38	1.292
317.75	1.331
318.12	1.101
318.49	1.089
318.86	0.993
319.23	1.102
319.60	0.989
319.97	0.926
320.34	0.756
320.71	0.668
321.08	0.595
321.45	0.542
321.82	0.368
322.19	0.656
322.55	0.575
322.92	0.735
323.29	0.687
323.66	0.834
324.03	1.015
324.40	1.048
324.77	0.988
325.14	1.241
325.51	1.186
325.88	1.351
326.25	1.180
326.61	1.284
326.98	1.139
327.35	1.354
327.72	1.463
328.09	1.384
328.46	1.550
328.83	1.771
329.20	1.711
329.56	1.673
329.93	1.404
330.30	1.308
330.67	1.051
331.04	1.131
331.41	0.754
331.78	0.549
332.14	0.372
332.51	0.331
332.88	0.075
333.25	-0.288
333.62	-0.280
333.99	-0.111
334.35	-0.002
334.72	0.095
335.09	0.089
335.46	0.167
335.83	0.213
336.19	0.237
336.56	0.183
336.93	0.339
337.30	0.505
337.67	0.451
338.03	0.291
338.40	0.044
338.77	0.038
339.14	0.040
339.50	-0.053
339.87	-0.286
340.24	-0.232
340.61	-0.525
340.97	-0.680
341.34	-0.723
341.71	-0.764
342.08	-0.884
342.44	-0.888
342.81	-0.866
343.18	-1.038
343.55	-1.217
343.91	-1.136
344.28	-1.305
344.65	-1.204
345.02	-1.203
345.38	-1.218
345.75	-1.331
346.12	-1.273
346.48	-1.257
346.85	-1.399
347.22	-1.412
347.59	-1.187
347.95	-1.270
348.32	-1.012
348.69	-1.185
349.05	-1.184
349.42	-1.106
349.79	-1.026
350.15	-1.069
350.52	-1.051
350.89	-1.044
351.25	-1.085
351.62	-1.282
351.99	-1.355
352.35	-1.603
352.72	-1.490
353.09	-1.509
353.45	-1.671
353.82	-1.665
354.18	-1.573
354.55	-1.742
354.92	-1.776
355.28	-1.789
355.65	-1.683
356.02	-1.677
356.38	-1.694
356.75	-1.700
357.11	-1.851
357.48	-1.978
357.85	-2.077
358.21	-2.246
358.58	-2.240
358.94	-2.381
359.31	-2.493
359.67	-2.578
360.04	-2.739
360.41	-2.769
360.77	-2.858
361.14	-2.800
361.50	-2.750
361.87	-2.728
362.23	-2.733
362.60	-2.842
362.97	-2.790
363.33	-2.754
363.70	-2.810
364.06	-2.768
364.43	-2.896
364.79	-2.964
365.16	-2.996
365.52	-3.048
365.89	-3.000
366.25	-3.002
366.62	-2.971
366.98	-3.135
367.35	-3.240
367.71	-3.409
368.08	-3.485
368.44	-3.474
368.81	-3.502
369.17	-3.645
369.54	-3.746
369.90	-3.888
370.27	-4.021
370.63	-3.969
371.00	-3.939
371.36	-3.999
371.73	-3.864
372.09	-3.867
372.45	-3.935
372.82	-3.914
373.18	-3.847
373.55	-3.809
373.91	-3.841
374.28	-3.742
374.64	-3.806
375.01	-3.767
375.37	-3.725
375.73	-3.837
376.10	-3.840
376.46	-3.899
376.83	-3.922
377.19	-3.901
377.55	-3.870
377.92	-3.962
378.28	-3.893
378.65	-3.884
379.01	-3.947
379.37	-3.905
379.74	-3.974
380.10	-3.953
380.47	-3.836
380.83	-3.730
381.19	-3.882
381.56	-3.985
381.92	-3.838
382.28	-3.907
382.65	-3.881
383.01	-3.890
383.37	-3.934
383.74	-3.894
384.10	-3.868
384.46	-3.889
384.83	-3.968
385.19	-4.021
385.55	-3.957
385.92	-4.025
386.28	-4.025
386.64	-3.862
387.01	-3.901
387.37	-3.905
387.73	-3.852
388.10	-3.834
388.46	-3.782
388.82	-3.811
389.18	-3.609
389.55	-3.522
389.91	-3.442
390.27	-3.485
390.64	-3.572
391.00	-3.444
391.36	-3.320
391.72	-3.259
392.09	-3.184
392.45	-3.111
392.81	-2.999
393.17	-3.038
393.54	-2.982
393.90	-2.920
394.26	-2.811
394.62	-2.750
394.99	-2.672
395.35	-2.640
395.71	-2.494
396.07	-2.363
396.43	-2.227
396.80	-2.190
397.16	-2.000
397.52	-1.991
397.88	-1.930
398.24	-1.845
398.61	-1.862
398.97	-1.881
399.33	-1.797
399.69	-1.804
400.05	-1.853
400.42	-1.885
400.78	-1.866
401.14	-1.920
401.50	-1.810
401.86	-1.760
402.22	-1.772
402.59	-1.635
402.95	-1.450
403.31	-1.536
403.67	-1.505
404.03	-1.518
404.39	-1.512
404.75	-1.453
405.12	-1.352
405.48	-1.237
405.84	-1.238
406.20	-1.124
406.56	-1.110
406.92	-1.191
407.28	-0.976
407.64	-0.879
408.00	-0.670
408.36	-0.606
408.73	-0.616
409.09	-0.580
409.45	-0.567
409.81	-0.385
410.17	-0.367
410.53	-0.290
410.89	-0.167
411.25	-0.190
411.61	-0.180
411.97	-0.231
412.33	-0.224
412.69	-0.106
413.05	-0.042
413.41	-0.079
413.77	-0.162
414.13	-0.087
414.50	-0.044
414.86	0.041
415.22	0.129
415.58	0.302
415.94	0.359
416.30	0.476
416.66	0.591
417.02	0.627
417.38	0.675
417.74	0.766
418.10	0.815
418.46	0.912
418.82	0.900
419.18	0.928
419.54	0.864
419.90	0.853
420.26	0.881
420.61	0.907
420.97	0.999
421.33	1.145
421.69	1.171
422.05	1.197
422.41	1.204
422.77	1.321
423.13	1.390
423.49	1.443
423.85	1.528
424.21	1.583
424.57	1.588
424.93	1.663
425.29	1.636
425.65	1.661
426.01	1.733
426.36	1.709
426.72	1.646
427.08	1.649
427.44	1.688
427.80	1.714
428.16	1.785
428.52	1.819
428.88	1.810
429.24	1.793
429.59	1.894
429.95	1.920
430.31	2.034
430.67	2.077
431.03	2.110
431.39	2.167
431.75	2.155
432.10	2.102
432.46	2.194
432.82	2.258
433.18	2.316
433.54	2.285
433.90	2.298
434.25	2.347
434.61	2.412
434.97	2.406
435.33	2.438
435.69	2.573
436.04	2.608
436.40	2.718
436.76	2.708
437.12	2.829
437.48	2.943
437.83	2.989
438.19	3.035
438.55	3.111
438.91	3.250
439.27	3.337
439.62	3.393
439.98	3.485
440.34	3.453
440.70	3.538
441.05	3.526
441.41	3.592
441.77	3.705
442.13	3.784
442.48	3.881
442.84	3.916
443.20	4.004
443.56	4.031
443.91	4.145
444.27	4.285
444.63	4.390
444.98	4.512
445.34	4.569
445.70	4.659
446.05	4.789
446.41	4.806
446.77	4.928
447.13	5.031
447.48	5.202
447.84	5.318
448.20	5.432
448.55	5.512
448.91	5.621
449.27	5.753
449.62	5.790
449.98	5.812
450.34	5.976
450.69	6.077
451.05	6.187
451.40	6.265
451.76	6.326
452.12	6.398
452.47	6.523
452.83	6.582
453.19	6.707
453.54	6.838
453.90	6.906
454.25	7.049
454.61	7.182
454.97	7.205
455.32	7.288
455.68	7.406
456.03	7.429
456.39	7.404
456.75	7.498
457.10	7.478
457.46	7.545
457.81	7.662
458.17	7.605
458.52	7.629
458.88	7.650
459.24	7.680
459.59	7.711
459.95	7.805
460.30	7.907
460.66	7.907
461.01	7.946
461.37	8.019
461.72	8.024
462.08	8.130
462.43	8.134
462.79	8.176
463.14	8.284
463.50	8.255
463.85	8.308
464.21	8.320
464.56	8.410
464.92	8.507
465.27	8.476
465.63	8.465
465.98	8.485
466.34	8.531
466.69	8.590
467.05	8.583
467.40	8.694
467.76	8.768
468.11	8.776
468.47	8.737
468.82	8.721
469.18	8.695
469.53	8.814
469.88	8.845
470.24	8.845
470.59	8.891
470.95	8.846
471.30	8.776
471.66	8.683
472.01	8.721
472.36	8.834
472.72	8.927
473.07	9.041
473.43	9.075
473.78	9.176
474.13	9.246
474.49	9.273
474.84	9.365
475.19	9.493
475.55	9.575
475.90	9.620
476.26	9.656
476.61	9.602
476.96	9.693
477.32	9.742
477.67	9.773
478.02	9.758
478.38	9.861
478.73	9.980
479.08	10.013
479.44	10.082
479.79	10.208
480.14	10.239
480.50	10.291
480.85	10.321
481.20	10.433
481.56	10.499
481.91	10.635
482.26	10.696
482.62	10.734
482.97	10.804
483.32	10.852
483.67	10.891
484.03	10.946
484.38	11.030
484.73	11.072
485.08	11.080
485.44	11.151
485.79	11.191
486.14	11.238
486.49	11.291
486.85	11.362
487.20	11.432
487.55	11.442
487.90	11.497
488.26	11.567
488.61	11.644
488.96	11.722
489.31	11.751
489.67	11.809
490.02	11.862
490.37	11.921
490.72	11.934
491.07	11.965
491.43	12.048
491.78	12.074
492.13	12.067
492.48	12.128
492.83	12.154
493.19	12.171
493.54	12.204
493.89	12.230
494.24	12.278
494.59	12.356
494.94	12.417
495.29	12.427
495.65	12.429
496.00	12.453
496.35	12.433
496.70	12.493
497.05	12.551
497.40	12.551
497.75	12.589
498.11	12.579
498.46	12.619
498.81	12.620
499.16	12.709
499.51	12.822
499.86	12.878
500.21	12.961
500.56	13.023
500.91	13.142
501.26	13.249
501.62	13.360
501.97	13.479
502.32	13.446
502.67	13.544
503.02	13.573
503.37	13.594
503.72	13.678
504.07	13.702
504.42	13.691
504.77	13.684
505.12	13.751
505.47	13.792
505.82	13.881
506.17	14.044
506.52	14.085
506.87	14.141
507.22	14.265
507.57	14.278
507.92	14.264
508.27	14.373
508.62	14.459
508.97	14.561
509.32	14.612
509.67	14.640
510.02	14.707
510.37	14.799
510.72	14.862
511.07	14.917
511.42	15.042
511.77	15.203
512.12	15.268
512.47	15.361
512.82	15.385
513.17	15.526
513.52	15.633
513.87	15.710
514.22	15.809
514.57	15.894
514.91	16.040
515.26	16.130
515.61	16.221
515.96	16.381
516.31	16.426
516.66	16.561
517.01	16.653
517.36	16.777
517.71	16.944
518.06	17.049
518.41	17.163
518.75	17.184
519.10	17.314
519.45	17.439
519.80	17.558
520.15	17.717
520.50	17.898
520.85	18.055
521.19	18.221
521.54	18.272
521.89	18.353
522.24	18.526
522.59	18.748
522.94	18.879
523.28	18.976
523.63	19.090
523.98	19.186
524.33	19.271
524.68	19.449
525.03	19.576
525.37	19.794
525.72	19.968
526.07	20.115
526.42	20.289
526.76	20.429
527.11	20.674
527.46	20.885
527.81	21.118
528.16	21.293
528.50	21.447
528.85	21.598
529.20	21.702
529.55	21.877
529.89	22.061
530.24	22.250
530.59	22.489
530.94	22.684
531.28	22.903
531.63	23.161
531.98	23.354
532.32	23.554
532.67	23.767
533.02	24.030
533.37	24.224
533.71	24.443
534.06	24.665
534.41	24.911
534.75	25.108
535.10	25.304
535.45	25.522
535.79	25.821
536.14	26.070
536.49	26.272
536.83	26.503
537.18	26.779
537.53	27.055
537.87	27.373
538.22	27.645
538.57	28.073
538.91	28.483
539.26	28.809
539.61	29.167
539.95	29.440
540.30	29.741
540.64	30.021
540.99	30.310
541.34	30.515
541.68	30.698
542.03	30.918
542.37	31.091
542.72	31.370
543.07	31.602
543.41	31.878
543.76	32.185
544.10	32.474
544.45	32.703
544.80	32.914
545.14	33.228
545.49	33.520
545.83	33.858
546.18	34.166
546.52	34.452
546.87	34.725
547.21	34.999
547.56	35.313
547.90	35.618
548.25	35.959
548.59	36.305
548.94	36.607
549.29	36.886
549.63	37.221
549.98	37.519
550.32	37.728
550.67	38.031
551.01	38.253
551.35	38.501
551.70	38.872
552.04	39.168
552.39	39.391
552.73	39.592
553.08	39.853
553.42	40.060
553.77	40.308
554.11	40.552
554.46	40.893
554.80	41.225
555.15	41.403
555.49	41.512
555.83	41.771
556.18	42.062
556.52	42.380
556.87	42.543
557.21	42.804
557.56	43.009
557.90	43.203
558.24	43.476
558.59	43.564
558.93	43.959
559.28	44.244
559.62	44.348
559.96	44.487
560.31	44.594
560.65	44.954
560.99	45.127
561.34	45.356
561.68	45.603
562.02	45.758
562.37	46.123
562.71	46.175
563.06	46.369
563.40	46.633
563.74	46.846
564.09	47.098
564.43	47.322
564.77	47.620
565.11	47.777
565.46	47.870
565.80	48.044
566.14	48.171
566.49	48.436
566.83	48.602
567.17	48.778
567.52	48.912
567.86	49.026
568.20	49.164
568.54	49.281
568.89	49.439
569.23	49.606
569.57	49.672
569.91	49.724
570.26	49.758
570.60	49.859
570.94	50.050
571.28	50.264
571.63	50.461
571.97	50.468
572.31	50.540
572.65	50.623
573.00	50.727
573.34	50.775
573.68	50.885
574.02	51.092
574.36	51.328
574.71	51.399
575.05	51.495
575.39	51.566
575.73	51.708
576.07	51.829
576.42	51.998
576.76	52.163
577.10	52.351
577.44	52.509
577.78	52.534
578.12	52.460
578.46	52.457
578.81	52.535
579.15	52.592
579.49	52.788
579.83	52.820
580.17	52.910
580.51	52.987
580.85	53.017
581.20	53.145
581.54	53.165
581.88	53.278
582.22	53.520
582.56	53.654
582.90	53.883
583.24	53.787
583.58	53.815
583.92	54.017
584.26	53.998
584.60	54.172
584.95	54.219
585.29	54.294
585.63	54.559
585.97	54.552
586.31	54.464
586.65	54.455
586.99	54.605
587.33	54.725
587.67	54.851
588.01	55.063
588.35	55.243
588.69	55.551
589.03	55.639
589.37	55.520
589.71	55.668
590.05	55.963
590.39	56.007
590.73	56.205
591.07	56.331
591.41	56.447
591.75	56.558
592.09	56.636
592.43	56.627
592.77	56.878
593.11	56.933
593.45	57.040
593.79	57.221
594.13	57.347
594.47	57.434
594.81	57.637
595.14	57.642
595.48	57.776
595.82	57.789
596.16	57.805
596.50	57.813
596.84	57.980
597.18	57.937
597.52	57.812
597.86	57.925
598.20	58.009
598.54	58.033
598.87	57.978
599.21	58.055
599.55	58.037
599.89	58.297
600.23	58.483
600.57	58.623
600.91	58.841
601.25	58.900
601.58	58.870
601.92	58.845
602.26	58.756
602.60	58.790
602.94	58.796
603.28	58.880
603.61	58.733
603.95	58.851
604.29	58.852
604.63	58.872
604.97	58.934
605.30	59.065
605.64	59.135
605.98	59.404
606.32	59.552
606.66	59.696
606.99	59.820
607.33	59.864
607.67	59.975
608.01	59.970
608.34	59.892
608.68	59.847
609.02	59.839
609.36	59.969
609.69	59.922
610.03	59.929
610.37	59.806
610.71	59.883
611.04	59.937
611.38	59.764
611.72	59.803
612.06	59.902
612.39	60.180
612.73	60.293
613.07	60.229
613.40	60.090
613.74	60.280
614.08	60.336
614.41	60.287
614.75	60.465
615.09	60.454
615.42	60.696
615.76	60.709
616.10	60.611
616.43	60.557
616.77	60.489
617.11	60.707
617.44	60.630
617.78	60.660
618.12	60.904
618.45	60.822
618.79	61.026
619.13	60.864
619.46	60.866
619.80	61.123
620.13	61.275
620.47	61.359
620.81	61.359
621.14	61.517
621.48	61.743
621.81	61.761
622.15	61.805
622.48	61.576
622.82	61.635
623.16	61.765
623.49	61.524
623.83	61.665
624.16	61.736
624.50	61.619
624.83	61.617
625.17	61.503
625.50	61.471
625.84	61.274
626.18	61.424
626.51	61.465
626.85	61.579
627.18	61.671
627.52	61.556
627.85	61.540
628.19	61.708
628.52	61.481
628.86	61.491
629.19	61.369
629.53	61.643
629.86	61.536
630.19	61.574
630.53	61.416
630.86	61.340
631.20	61.290
631.53	61.425
631.87	61.391
632.20	61.412
632.54	61.398
632.87	61.515
633.20	61.412
633.54	61.578
633.87	61.645
634.21	61.697
634.54	61.771
634.88	61.778
635.21	61.748
635.54	61.742
635.88	61.743
636.21	61.869
636.55	61.927
636.88	61.993
637.21	61.962
637.55	61.724
637.88	61.746
638.21	61.935
638.55	61.824
638.88	61.707
639.21	61.810
639.55	62.040
639.88	62.072
640.21	61.864
640.55	61.779
640.88	61.593
641.21	61.778
641.55	61.696
641.88	61.522
642.21	61.720
642.55	61.642
642.88	61.624
643.21	61.699
643.55	61.512
643.88	61.771
644.21	61.850
644.54	62.152
644.88	62.127
645.21	62.066
645.54	62.024
645.87	61.764
646.21	61.953
646.54	61.945
646.87	61.624
647.20	61.693
647.54	61.496
647.87	61.266
648.20	61.113
648.53	61.124
648.87	61.281
649.20	61.222
649.53	61.511
649.86	61.492
650.19	61.377
650.53	61.589
650.86	61.570
651.19	61.678
651.52	61.981
651.85	62.080
652.18	61.846
652.52	61.819
652.85	61.874
653.18	61.797
653.51	61.899
653.84	61.879
654.17	61.996
654.51	62.012
654.84	61.951
655.17	61.862
655.50	61.582
655.83	61.736
656.16	61.651
656.49	61.519
656.82	61.153
657.15	61.021
657.49	61.085
657.82	60.863
658.15	60.650
658.48	60.404
658.81	60.362
659.14	60.526
659.47	60.507
659.80	60.543
660.13	60.600
660.46	60.767
660.79	60.645
661.12	60.457
661.45	60.431
661.78	60.356
662.11	60.560
662.44	60.337
662.77	60.193
663.10	60.314
663.43	60.017
663.76	59.901
664.09	59.622
664.42	59.664
664.75	59.806
665.08	59.616
665.41	59.887
665.74	59.887
666.07	59.944
666.40	60.021
666.73	59.671
667.06	59.692
667.39	59.653
667.72	59.760
668.05	59.655
668.38	59.369
668.71	59.474
669.04	59.169
669.37	58.948
669.70	58.946
670.03	58.824
670.36	58.690
670.69	58.700
671.01	58.300
671.34	58.338
671.67	58.173
672.00	58.393
672.33	58.320
672.66	58.281
672.99	58.244
673.32	57.944
673.64	58.034
673.97	57.966
674.30	57.872
674.63	58.061
674.96	57.743
675.29	57.887
675.62	57.728
675.94	57.359
676.27	57.407
676.60	57.058
676.93	57.485
677.26	56.952
677.58	57.020
677.91	57.080
678.24	56.858
678.57	56.802
678.90	56.306
679.22	55.886
679.55	56.023
679.88	55.799
680.21	55.636
680.54	55.075
680.86	55.009
681.19	54.655
681.52	54.274
681.85	54.582
682.17	54.697
682.50	54.659
682.83	54.823
683.16	54.464
683.48	54.587
683.81	54.754
684.14	54.514
684.46	54.291
684.79	54.133
685.12	54.064
685.45	53.617
685.77	53.293
686.10	53.053
686.43	52.829
686.75	52.579
687.08	52.203
687.41	51.915
687.73	51.779
688.06	52.045
688.39	52.604
688.71	52.375
689.04	52.136
689.36	52.001
689.69	51.962
690.02	51.733
690.34	51.859
690.67	51.431
691.00	51.441
691.32	50.997
691.65	50.468
691.97	49.794
692.30	49.867
692.63	49.689
692.95	49.162
693.28	48.967
693.60	48.246
693.93	47.980
694.26	48.391
694.58	48.003
694.91	48.483
695.23	48.417
695.56	47.867
695.88	47.744
696.21	47.487
696.53	47.753
696.86	47.232
697.18	47.619
697.51	47.201
697.83	46.808
698.16	46.248
698.48	45.714
698.81	45.383
699.13	45.476
699.46	45.426
699.78	45.248
700.11	44.953
700.43	45.315
700.76	44.426
701.08	44.530
701.41	44.353
701.73	44.396
702.06	44.575
702.38	44.624
702.71	44.581
703.03	43.996
703.35	43.984
703.68	43.882
704.00	43.250
704.33	43.802
704.65	43.620
704.98	43.387
705.30	43.507
705.62	43.114
705.95	43.191
706.27	42.743
706.60	42.643
706.92	43.008
707.24	42.415
707.57	42.006
707.89	42.108
708.21	41.733
708.54	41.309
708.86	41.164
709.18	41.127
709.51	40.460
709.83	40.717
710.15	40.498
710.48	39.917
710.80	39.924
711.12	40.240
711.45	39.573
711.77	40.009
712.09	40.483
712.42	40.176
712.74	39.956
713.06	39.861
713.38	39.705
713.71	39.675
714.03	39.360
714.35	38.985
714.68	38.148
715.00	38.326
715.32	37.011
715.64	36.503
715.97	36.353
716.29	36.284
716.61	36.174
716.93	35.350
717.25	34.878
717.58	34.500
717.90	34.956
718.22	35.232
718.54	35.450
718.87	36.245
719.19	36.164
719.51	35.910
719.83	35.711
720.15	35.674
720.47	36.135
720.80	35.758
721.12	35.379
721.44	34.609
721.76	34.475
722.08	33.907
722.40	33.212
722.73	32.428
723.05	33.271
723.37	34.517
723.69	34.683
724.01	34.406
724.33	34.989
724.65	34.914
724.97	35.281
725.30	35.275
725.62	34.938
725.94	35.533
726.26	36.520
726.58	35.762
726.90	34.277
727.22	33.769
727.54	33.637
727.86	34.310
728.18	34.881
728.50	34.471
728.82	33.695
729.14	33.415
729.46	32.506
729.78	30.933
730.10	31.230
730.42	31.467
730.74	31.436
731.07	31.545
731.39	30.305
731.71	30.683
732.03	30.612
732.35	30.910
732.66	30.824
732.98	31.129
733.30	31.772
733.62	31.690
733.94	31.621
734.26	31.805
734.58	31.299
734.90	31.038
735.22	30.430
735.54	30.900
735.86	31.573
736.18	32.283
736.50	32.626
736.82	32.124
737.14	31.180
737.46	30.445
737.78	30.638
738.10	30.181
738.41	30.551
738.73	29.934
739.05	29.643
739.37	28.498
739.69	27.819
740.01	27.436
740.33	27.368
740.65	27.263
740.96	27.851
741.28	26.864
741.60	27.043
741.92	26.902
742.24	26.640
742.56	26.419
742.88	27.260
743.19	27.736
743.51	27.449
743.83	28.375
744.15	28.606
744.47	27.632
744.78	28.531
745.10	29.760
745.42	30.004
745.74	30.828
746.06	31.266
746.37	30.609
746.69	30.050
747.01	29.936
747.33	28.825
747.64	28.310
747.96	29.882
748.28	28.998
748.60	27.974
748.91	26.845
749.23	26.235
749.55	24.924
749.87	25.363
750.18	25.766
750.50	24.984
750.82	25.522
751.13	25.636
751.45	22.778
751.77	22.569
752.08	22.424
752.40	22.248
752.72	22.181
753.03	23.065
753.35	21.437
753.67	19.820
753.98	19.773
754.30	20.030
754.62	20.632
754.93	22.495
755.25	22.951
755.57	23.783
755.88	24.769
756.20	25.190
756.51	24.850
756.83	26.424
757.15	27.560
757.46	28.600
757.78	27.098
758.09	26.774
758.41	26.802
758.73	26.889
759.04	26.974
759.36	26.884
759.67	26.453
759.99	24.934
760.30	25.027
760.62	24.766
760.94	24.265
761.25	24.767
761.57	24.255
761.88	24.842
762.20	24.091
762.51	23.257
762.83	23.406
763.14	23.529
763.46	24.187
763.77	24.818
764.09	24.728
764.40	25.158
764.72	25.086
765.03	25.266
765.35	24.042
765.66	24.219
765.98	23.952
766.29	23.865
766.61	23.420
766.92	22.709
767.23	21.835
767.55	22.176
767.86	22.068
768.18	23.492
768.49	23.218
768.81	22.998
769.12	23.144
769.43	22.742
769.75	23.765
770.06	24.783
770.38	26.529
770.69	27.036
771.00	27.994
771.32	28.564
771.63	28.095
771.94	28.310
772.26	29.991
772.57	30.329
772.89	32.312
773.20	29.582
773.51	27.892
773.83	26.918
774.14	26.275
774.45	24.949
774.77	25.066
775.08	23.905
775.39	23.403
775.70	23.088
776.02	23.952
776.33	22.285
776.64	23.773
776.96	23.307
777.27	23.403
777.58	23.837
777.89	23.437
778.21	23.441
778.52	23.348
778.83	21.839
779.14	20.965
779.46	19.515
779.77	19.068
780.08	18.206
780.39	19.266
780.71	20.565
781.02	18.665
781.33	18.728
781.64	17.860
781.95	19.334
782.27	21.755
782.58	24.223
782.89	24.136
783.20	26.157
783.51	27.863
783.83	27.402
784.14	26.738
784.45	28.670
784.76	28.107
785.07	26.431
785.38	26.157
785.70	24.567
786.01	22.526
786.32	22.675
786.63	20.430
786.94	21.239
787.25	21.562
787.56	21.129
787.87	19.925
788.18	20.844
788.50	20.726
788.81	19.011
789.12	20.866
789.43	21.308
789.74	20.997
790.05	20.357
790.36	19.792
790.67	19.031
790.98	18.758
791.29	18.262
791.60	18.640
791.91	18.386
792.22	18.865
792.53	18.015
792.84	14.193
793.15	13.536
793.46	13.773
793.77	9.143
794.08	9.875
794.39	9.262
794.70	9.923
795.01	8.965
795.32	10.847
795.63	10.343
795.94	10.031
796.25	11.068
796.56	12.918
796.87	12.716
797.18	15.716
797.49	17.090
797.80	18.570
798.11	19.360
798.42	18.997
798.73	19.436
799.04	21.215
799.35	21.379
799.65	21.905
799.96	20.582
800.27	23.244
800.58	23.723
800.89	23.342
801.20	20.872
801.51	22.180
801.82	22.254
802.13	21.344
802.43	20.426
802.74	18.393
803.05	15.979
803.36	15.641
803.67	12.685
803.98	9.248
804.28	6.831
804.59	7.695
804.90	5.582
805.21	8.539
805.52	7.276
805.83	9.226
806.13	10.937
806.44	16.111
806.75	15.176
807.06	17.553
807.36	17.702
807.67	18.025
807.98	17.244
808.29	16.911
808.60	16.228
808.90	15.220
809.21	11.583
809.52	13.676
809.83	13.047
810.13	11.258
810.44	9.014
810.75	9.492
811.05	12.805
811.36	12.997
811.67	13.893
811.98	12.988
812.28	12.870
812.59	16.893
812.90	16.078
813.20	11.610
813.51	13.189
813.82	13.059
814.12	14.699
814.43	11.973
814.74	13.252
815.04	12.075
815.35	8.687
815.65	13.423
815.96	10.398
816.27	7.087
816.57	11.635
816.88	10.509
817.19	13.021
817.49	9.499
817.80	10.363
818.10	12.451
818.41	13.042
818.72	14.414
819.02	11.382
819.33	11.502
819.63	14.225
819.94	17.059
820.24	17.674
820.55	16.789
820.85	17.045
821.16	15.752
821.47	13.809
821.77	13.443
822.08	12.729
822.38	12.979
822.69	13.054
822.99	12.498
823.30	11.058
823.60	11.085
823.91	10.907
824.21	10.930
824.52	10.825
824.82	10.838
825.13	11.162
825.43	11.209
825.73	10.693
826.04	10.063
826.34	10.197
826.65	9.673
826.95	9.108
827.26	9.186
827.56	9.095
827.87	9.280
828.17	9.524
828.47	9.836
828.78	11.432
829.08	11.231
829.39	12.013
829.69	12.108
829.99	13.902
830.30	13.360
830.60	11.608
830.90	10.540
831.21	8.834
831.51	10.333
831.82	7.140
832.12	3.627
832.42	2.795
832.73	3.192
833.03	3.750
833.33	3.810
833.64	4.667
833.94	6.680
834.24	8.342
834.54	7.690
834.85	4.734
835.15	4.375
835.45	2.586
835.76	3.690
836.06	1.636
836.36	1.209
836.66	-0.102
836.97	3.219
837.27	1.652
837.57	-1.076
837.87	-0.604
838.18	6.321
838.48	8.218
838.78	12.563
839.08	15.090
839.39	13.540
839.69	14.188
839.99	14.926
840.29	14.293
840.59	17.232
840.90	19.127
841.20	20.411
841.50	17.271
841.80	16.626
842.10	15.269
842.41	15.812
842.71	18.492
843.01	20.609
843.31	24.345
843.61	23.985
843.91	22.612
844.21	19.874
844.52	20.882
844.82	20.923
845.12	16.241
845.42	13.252
845.72	9.566
846.02	8.857
846.32	-0.554
846.62	-6.084
846.92	-8.333
847.22	-17.540
847.52	-14.286
847.83	-16.039
848.13	-22.208
848.43	-9.581
848.73	-4.343
849.03	-11.538
849.33	-14.222
849.63	-13.253
849.93	-10.062
850.23	-17.181
850.53	-0.644
850.83	-10.445
851.13	-9.065
851.43	-2.699
851.73	-8.405
852.03	-0.519
852.33	7.663
852.63	5.824
852.93	10.837
853.23	12.377
853.53	13.536
853.83	1.048
854.13	1.720
854.43	1.708
854.73	0.743
855.03	-7.000
855.32	-12.949
855.62	-9.807
855.92	-5.027
856.22	-18.812
856.52	-19.167
856.82	-15.182
857.12	-18.664
857.42	-2.142
857.72	0.000
858.02	4.724
858.31	9.253
858.61	7.710
858.91	3.012
859.21	12.844
859.51	14.660
859.81	-1.368
860.11	-7.619
860.40	-1.884
860.70	-11.544
861.00	-19.444
861.30	-17.610
861.60	-24.896
861.90	-26.866
862.19	-12.284
862.49	-21.182
862.79	-29.231
863.09	-10.778
863.39	-2.835
863.68	3.287
863.98	2.320
864.28	6.250
864.58	-6.044
864.87	-7.788
865.17	-10.417
865.47	-25.036
865.77	-21.890
866.06	-6.822
866.36	-4.946
866.66	-24.816
866.96	-37.618
867.25	-32.432
867.55	-31.852
867.85	-29.140
868.14	-20.777
868.44	0.602
868.74	3.866
869.03	-1.967
869.33	-10.383
869.63	-36.797
869.92	-31.289
870.22	-25.680
870.52	-32.230
870.81	-46.729
871.11	-48.113
871.41	-52.147
871.70	-56.455
872.00	-22.396
872.30	-31.827
872.59	-34.513
872.89	-14.423
873.18	5.283
873.48	1.541
873.78	1.059
874.07	-3.204
874.37	-0.887
874.66	-2.643
874.96	-16.114
875.25	-34.419
875.55	-14.905
875.85	-13.314
876.14	-6.770
876.44	-12.518
876.73	-8.378
877.03	-4.308
877.32	2.424
877.62	-4.713
877.91	-2.882
878.21	-11.857
878.50	-15.396
878.80	-29.588
879.09	-15.779
879.39	-38.826
879.68	-49.123
879.98	-39.423
880.27	-29.125
880.57	-28.676
880.86	-15.795
881.16	-10.212
881.45	-2.206
881.74	0.052
882.04	0.758
882.33	-2.471
882.63	-1.767
882.92	-0.233
883.22	1.161
883.51	0.365
883.80	-0.454
884.10	-0.401
884.39	-1.022
884.69	-2.001
884.98	-2.765
885.27	-2.999
885.57	0.096
885.86	1.259
886.15	0.435
886.45	-5.556
886.74	-7.793
887.03	-0.867
887.33	2.355
887.62	6.375
887.91	-4.444
888.21	-19.178
888.50	39.252
888.79	32.743
889.09	41.463
