190.56	-36.585
190.94	-36.585
191.32	-36.585
191.70	56.250
192.08	0.000
192.46	-28.889
192.84	-47.917
193.22	-25.000
193.60	14.286
193.98	38.686
194.36	62.927
194.74	68.724
195.13	69.928
195.51	31.734
195.89	32.927
196.27	40.415
196.65	38.462
197.03	33.942
197.40	32.500
197.78	-15.672
198.16	-144.318
198.54	2542.857
198.92	2320.000
199.30	556.000
199.68	-33.333
200.06	-86.301
200.44	-78.448
200.82	-21.519
201.20	5.882
201.58	20.103
201.96	37.097
202.34	40.476
202.72	23.737
203.10	10.511
203.48	-3.491
203.86	-11.667
204.24	-7.377
204.62	4.639
205.00	8.967
205.38	3.562
205.76	-6.489
206.13	-50.521
206.51	-52.349
206.89	-21.212
207.27	-10.138
207.65	30.460
208.03	33.810
208.41	55.191
208.79	37.500
209.17	22.594
209.55	20.710
209.93	14.575
210.30	12.727
210.68	2.128
211.06	3.279
211.44	8.090
211.82	10.806
212.20	11.007
212.58	8.487
212.96	-4.038
213.33	-3.232
213.71	1.918
214.09	-12.245
214.47	-3.326
214.85	15.083
215.23	26.459
215.61	22.199
215.98	10.200
216.36	18.874
216.74	18.030
217.12	22.923
217.50	21.556
217.88	21.847
218.25	30.115
218.63	32.430
219.01	27.971
219.39	21.257
219.77	20.288
220.14	17.834
220.52	6.553
220.90	4.060
221.28	5.652
221.66	3.897
222.03	4.717
222.41	1.771
222.79	0.722
223.17	3.712
223.55	-0.270
223.92	3.537
224.30	4.091
224.68	3.755
225.06	1.763
225.43	2.473
225.81	-0.341
226.19	-3.083
226.57	-0.617
226.95	1.575
227.32	1.188
227.70	2.970
228.08	2.526
228.46	3.658
228.83	3.617
229.21	4.888
229.59	4.895
229.96	6.368
230.34	6.613
230.72	6.636
231.10	5.839
231.47	5.267
231.85	4.476
232.23	2.679
232.60	1.833
232.98	2.408
233.36	2.938
233.74	1.988
234.11	-0.311
234.49	-0.735
234.87	-1.550
235.24	-1.262
235.62	-1.253
236.00	-0.364
236.37	1.831
236.75	2.181
237.13	2.340
237.50	1.048
237.88	1.182
238.26	2.707
238.63	2.737
239.01	3.100
239.39	2.923
239.76	3.546
240.14	3.200
240.52	2.372
240.89	2.923
241.27	3.137
241.65	3.540
242.02	3.553
242.40	3.313
242.77	3.817
243.15	3.448
243.53	3.352
243.90	2.803
244.28	3.159
244.66	3.432
245.03	3.327
245.41	2.667
245.78	2.805
246.16	2.908
246.54	2.708
246.91	2.845
247.29	3.181
247.66	3.215
248.04	3.267
248.41	3.145
248.79	3.023
249.17	2.857
249.54	3.288
249.92	3.096
250.29	3.021
250.67	3.253
251.04	2.425
251.42	2.196
251.80	2.436
252.17	2.223
252.55	2.371
252.92	2.234
253.30	2.376
253.67	2.350
254.05	1.452
254.42	1.430
254.80	1.688
255.17	2.316
255.55	2.244
255.92	2.152
256.30	2.808
256.67	2.238
257.05	2.345
257.42	2.004
257.80	2.055
258.17	2.568
258.55	2.673
258.92	2.580
259.30	2.638
259.67	2.825
260.05	2.724
260.42	2.734
260.80	2.656
261.17	2.524
261.55	2.462
261.92	2.428
262.30	2.416
262.67	2.298
263.05	2.054
263.42	1.623
263.79	1.432
264.17	1.266
264.54	1.250
264.92	1.540
265.29	1.670
265.67	2.004
266.04	1.932
266.42	2.059
266.79	2.195
267.16	1.984
267.54	2.461
267.91	2.493
268.29	2.558
268.66	2.479
269.03	2.483
269.41	2.439
269.78	2.275
270.16	2.454
270.53	2.261
270.90	2.154
271.28	2.429
271.65	2.115
272.03	2.236
272.40	2.397
272.77	2.295
273.15	2.216
273.52	2.384
273.89	2.328
274.27	2.309
274.64	2.490
275.01	2.673
275.39	2.840
275.76	2.841
276.14	2.801
276.51	2.569
276.88	2.611
277.26	2.586
277.63	2.608
278.00	2.792
278.38	2.883
278.75	2.935
279.12	2.849
279.49	2.835
279.87	2.908
280.24	2.816
280.61	3.045
280.99	3.054
281.36	3.027
281.73	2.960
282.11	2.998
282.48	2.839
282.85	2.714
283.22	2.780
283.60	2.634
283.97	2.777
284.34	2.721
284.71	2.742
285.09	2.851
285.46	2.887
285.83	2.891
286.21	2.940
286.58	3.114
286.95	3.182
287.32	3.244
287.70	3.273
288.07	3.253
288.44	3.426
288.81	3.158
289.18	3.276
289.56	3.498
289.93	3.615
290.30	3.551
290.67	3.532
291.05	3.549
291.42	3.432
291.79	3.522
292.16	3.526
292.53	3.315
292.91	3.481
293.28	3.344
293.65	3.274
294.02	3.299
294.39	3.228
294.76	3.147
295.14	3.169
295.51	3.236
295.88	3.207
296.25	3.131
296.62	3.269
297.00	3.418
297.37	3.425
297.74	3.442
298.11	3.497
298.48	3.582
298.85	3.739
299.22	3.751
299.60	3.824
299.97	3.945
300.34	4.068
300.71	4.194
301.08	4.157
301.45	4.137
301.82	4.256
302.19	4.323
302.56	4.472
302.94	4.252
303.31	4.153
303.68	4.304
304.05	4.401
304.42	4.417
304.79	4.292
305.16	4.266
305.53	4.293
305.90	4.278
306.27	4.282
306.64	3.959
307.02	4.142
307.39	4.421
307.76	4.251
308.13	4.168
308.50	4.011
308.87	4.165
309.24	4.250
309.61	4.356
309.98	4.241
310.35	4.159
310.72	4.467
311.09	4.445
311.46	4.368
311.83	4.357
312.20	4.327
312.57	4.530
312.94	4.403
313.31	4.313
313.68	4.181
314.05	4.246
314.42	4.252
314.79	4.189
315.16	4.130
315.53	3.999
315.90	4.066
316.27	4.105
316.64	3.930
317.01	4.014
317.38	4.114
317.75	4.209
318.12	4.276
318.49	4.334
318.86	4.342
319.23	4.208
319.60	4.338
319.97	4.272
320.34	4.090
320.71	4.169
321.08	4.075
321.45	4.121
321.82	4.092
322.19	3.919
322.55	4.022
322.92	4.045
323.29	4.332
323.66	4.491
324.03	4.735
324.40	4.966
324.77	5.136
325.14	5.315
325.51	5.202
325.88	5.337
326.25	5.426
326.61	5.459
326.98	5.467
327.35	5.320
327.72	5.229
328.09	5.081
328.46	4.955
328.83	5.032
329.20	5.093
329.56	5.328
329.93	5.397
330.30	5.521
330.67	5.448
331.04	5.406
331.41	5.730
331.78	5.737
332.14	5.797
332.51	5.754
332.88	5.747
333.25	5.636
333.62	5.456
333.99	5.348
334.35	5.256
334.72	5.266
335.09	5.416
335.46	5.413
335.83	5.431
336.19	5.444
336.56	5.675
336.93	5.508
337.30	5.447
337.67	5.621
338.03	5.687
338.40	5.851
338.77	5.779
339.14	5.678
339.50	5.675
339.87	5.607
340.24	5.528
340.61	5.311
340.97	5.413
341.34	5.594
341.71	5.448
342.08	5.481
342.44	5.319
342.81	5.331
343.18	5.399
343.55	5.216
343.91	5.171
344.28	5.100
344.65	5.203
345.02	5.280
345.38	5.145
345.75	5.157
346.12	5.019
346.48	4.982
346.85	4.938
347.22	4.702
347.59	4.666
347.95	4.781
348.32	4.887
348.69	4.708
349.05	4.483
349.42	4.331
349.79	4.361
350.15	4.448
350.52	4.514
350.89	4.546
351.25	4.731
351.62	4.826
351.99	4.705
352.35	4.755
352.72	4.938
353.09	5.204
353.45	5.334
353.82	5.163
354.18	5.153
354.55	5.141
354.92	5.109
355.28	5.044
355.65	5.066
356.02	5.099
356.38	4.938
356.75	4.891
357.11	4.801
357.48	4.718
357.85	4.816
358.21	4.792
358.58	4.821
358.94	4.881
359.31	4.845
359.67	4.692
360.04	4.662
360.41	4.704
360.77	4.670
361.14	4.627
361.50	4.590
361.87	4.549
362.23	4.546
362.60	4.513
362.97	4.409
363.33	4.489
363.70	4.516
364.06	4.510
364.43	4.466
364.79	4.498
365.16	4.540
365.52	4.683
365.89	4.626
366.25	4.468
366.62	4.501
366.98	4.484
367.35	4.378
367.71	4.421
368.08	4.356
368.44	4.432
368.81	4.452
369.17	4.441
369.54	4.399
369.90	4.456
370.27	4.662
370.63	4.586
371.00	4.687
371.36	4.634
371.73	4.502
372.09	4.619
372.45	4.678
372.82	4.581
373.18	4.734
373.55	4.794
373.91	4.822
374.28	4.797
374.64	4.799
375.01	4.730
375.37	4.845
375.73	4.960
376.10	4.924
376.46	4.936
376.83	4.899
377.19	4.873
377.55	4.861
377.92	4.948
378.28	5.019
378.65	5.040
379.01	5.065
379.37	5.130
379.74	5.209
380.10	5.214
380.47	5.174
380.83	5.352
381.19	5.285
381.56	5.321
381.92	5.347
382.28	5.340
382.65	5.450
383.01	5.454
383.37	5.361
383.74	5.337
384.10	5.365
384.46	5.391
384.83	5.272
385.19	5.315
385.55	5.320
385.92	5.321
386.28	5.319
386.64	5.341
387.01	5.442
387.37	5.528
387.73	5.547
388.10	5.608
388.46	5.630
388.82	5.757
389.18	5.665
389.55	5.702
389.91	5.699
390.27	5.792
390.64	5.768
391.00	5.779
391.36	5.841
391.72	5.937
392.09	5.948
392.45	5.937
392.81	5.932
393.17	5.994
393.54	5.975
393.90	5.988
394.26	5.962
394.62	5.953
394.99	6.095
395.35	6.101
395.71	6.136
396.07	6.163
396.43	6.246
396.80	6.408
397.16	6.500
397.52	6.688
397.88	6.810
398.24	6.863
398.61	7.061
398.97	6.965
399.33	7.003
399.69	6.952
400.05	7.008
400.42	7.092
400.78	7.122
401.14	7.180
401.50	7.139
401.86	7.224
402.22	7.366
402.59	7.358
402.95	7.486
403.31	7.665
403.67	7.729
404.03	7.730
404.39	7.818
404.75	7.829
405.12	7.943
405.48	7.995
405.84	7.958
406.20	7.940
406.56	8.041
406.92	8.055
407.28	8.034
407.64	8.144
408.00	8.260
408.36	8.310
408.73	8.326
409.09	8.387
409.45	8.482
409.81	8.650
410.17	8.667
410.53	8.714
410.89	8.782
411.25	8.766
411.61	8.872
411.97	9.038
412.33	9.127
412.69	9.292
413.05	9.283
413.41	9.301
413.77	9.333
414.13	9.395
414.50	9.483
414.86	9.563
415.22	9.703
415.58	9.685
415.94	9.656
416.30	9.735
416.66	9.716
417.02	9.826
417.38	9.943
417.74	10.049
418.10	10.196
418.46	10.187
418.82	10.330
419.18	10.341
419.54	10.423
419.90	10.554
420.26	10.629
420.61	10.693
420.97	10.730
421.33	10.819
421.69	10.800
422.05	10.877
422.41	10.974
422.77	10.925
423.13	11.012
423.49	11.066
423.85	11.099
424.21	11.162
424.57	11.287
424.93	11.387
425.29	11.422
425.65	11.551
426.01	11.639
426.36	11.734
426.72	11.899
427.08	12.008
427.44	12.124
427.80	12.266
428.16	12.306
428.52	12.327
428.88	12.368
429.24	12.453
429.59	12.483
429.95	12.463
430.31	12.513
430.67	12.585
431.03	12.604
431.39	12.705
431.75	12.730
432.10	12.791
432.46	12.941
432.82	13.011
433.18	13.101
433.54	13.230
433.90	13.342
434.25	13.459
434.61	13.484
434.97	13.576
435.33	13.673
435.69	13.786
436.04	13.838
436.40	13.868
436.76	14.006
437.12	14.059
437.48	14.137
437.83	14.278
438.19	14.309
438.55	14.430
438.91	14.558
439.27	14.657
439.62	14.748
439.98	14.905
440.34	14.968
440.70	15.101
441.05	15.249
441.41	15.341
441.77	15.536
442.13	15.719
442.48	15.865
442.84	15.995
443.20	16.082
443.56	16.206
443.91	16.322
444.27	16.499
444.63	16.659
444.98	16.794
445.34	16.960
445.70	17.028
446.05	17.167
446.41	17.318
446.77	17.476
447.13	17.567
447.48	17.722
447.84	17.870
448.20	18.077
448.55	18.170
448.91	18.352
449.27	18.468
449.62	18.566
449.98	18.653
450.34	18.800
450.69	18.934
451.05	19.159
451.40	19.334
451.76	19.500
452.12	19.622
452.47	19.757
452.83	19.856
453.19	20.019
453.54	20.165
453.90	20.335
454.25	20.406
454.61	20.569
454.97	20.678
455.32	20.788
455.68	20.871
456.03	21.032
456.39	21.184
456.75	21.267
457.10	21.512
457.46	21.668
457.81	21.744
458.17	21.954
458.52	22.071
458.88	22.178
459.24	22.279
459.59	22.457
459.95	22.585
460.30	22.684
460.66	22.808
461.01	22.829
461.37	22.871
461.72	23.021
462.08	23.146
462.43	23.276
462.79	23.472
463.14	23.582
463.50	23.676
463.85	23.792
464.21	23.959
464.56	24.062
464.92	24.210
465.27	24.400
465.63	24.552
465.98	24.688
466.34	24.838
466.69	24.840
467.05	24.993
467.40	25.128
467.76	25.154
468.11	25.205
468.47	25.332
468.82	25.468
469.18	25.614
469.53	25.691
469.88	25.710
470.24	25.697
470.59	25.862
470.95	25.928
471.30	26.059
471.66	26.190
472.01	26.355
472.36	26.499
472.72	26.597
473.07	26.626
473.43	26.759
473.78	26.917
474.13	27.185
474.49	27.286
474.84	27.442
475.19	27.502
475.55	27.624
475.90	27.719
476.26	27.800
476.61	27.859
476.96	28.030
477.32	28.087
477.67	28.165
478.02	28.191
478.38	28.287
478.73	28.335
479.08	28.381
479.44	28.442
479.79	28.431
480.14	28.449
480.50	28.578
480.85	28.630
481.20	28.687
481.56	28.792
481.91	28.878
482.26	29.011
482.62	29.094
482.97	29.175
483.32	29.230
483.67	29.313
484.03	29.387
484.38	29.377
484.73	29.446
485.08	29.521
485.44	29.531
485.79	29.602
486.14	29.623
486.49	29.694
486.85	29.778
487.20	29.830
487.55	29.862
487.90	29.905
488.26	29.955
488.61	30.009
488.96	30.090
489.31	30.176
489.67	30.234
490.02	30.295
490.37	30.318
490.72	30.298
491.07	30.347
491.43	30.455
491.78	30.528
492.13	30.637
492.48	30.652
492.83	30.693
493.19	30.766
493.54	30.791
493.89	30.877
494.24	30.976
494.59	31.067
494.94	31.139
495.29	31.124
495.65	31.186
496.00	31.247
496.35	31.272
496.70	31.281
497.05	31.350
497.40	31.391
497.75	31.442
498.11	31.457
498.46	31.583
498.81	31.611
499.16	31.667
499.51	31.747
499.86	31.759
500.21	31.777
500.56	31.833
500.91	31.863
501.26	31.945
501.62	31.997
501.97	32.058
502.32	32.106
502.67	32.207
503.02	32.252
503.37	32.264
503.72	32.315
504.07	32.408
504.42	32.437
504.77	32.470
505.12	32.545
505.47	32.576
505.82	32.602
506.17	32.568
506.52	32.680
506.87	32.770
507.22	32.733
507.57	32.788
507.92	32.815
508.27	32.877
508.62	33.034
508.97	33.028
509.32	33.103
509.67	33.201
510.02	33.326
510.37	33.326
510.72	33.415
511.07	33.478
511.42	33.574
511.77	33.683
512.12	33.819
512.47	33.790
512.82	33.843
513.17	33.938
513.52	33.993
513.87	34.067
514.22	34.153
514.57	34.231
514.91	34.375
515.26	34.473
515.61	34.600
515.96	34.653
516.31	34.737
516.66	34.802
517.01	34.817
517.36	34.883
517.71	34.954
518.06	35.069
518.41	35.153
518.75	35.296
519.10	35.348
519.45	35.448
519.80	35.474
520.15	35.602
520.50	35.740
520.85	35.834
521.19	35.953
521.54	36.080
521.89	36.147
522.24	36.171
522.59	36.219
522.94	36.340
523.28	36.373
523.63	36.579
523.98	36.684
524.33	36.824
524.68	37.003
525.03	37.097
525.37	37.202
525.72	37.303
526.07	37.439
526.42	37.542
526.76	37.693
527.11	37.820
527.46	37.895
527.81	37.985
528.16	38.067
528.50	38.120
528.85	38.234
529.20	38.326
529.55	38.384
529.89	38.492
530.24	38.618
530.59	38.699
530.94	38.775
531.28	38.888
531.63	38.990
531.98	39.141
532.32	39.301
532.67	39.305
533.02	39.407
533.37	39.549
533.71	39.614
534.06	39.711
534.41	39.830
534.75	40.028
535.10	40.190
535.45	40.373
535.79	40.437
536.14	40.547
536.49	40.780
536.83	40.856
537.18	41.030
537.53	41.168
537.87	41.303
538.22	41.358
538.57	41.418
538.91	41.472
539.26	41.639
539.61	41.790
539.95	41.848
540.30	41.964
540.64	42.083
540.99	42.100
541.34	42.179
541.68	42.180
542.03	42.287
542.37	42.401
542.72	42.578
543.07	42.613
543.41	42.667
543.76	42.790
544.10	42.831
544.45	42.896
544.80	43.064
545.14	43.213
545.49	43.420
545.83	43.544
546.18	43.607
546.52	43.662
546.87	43.889
547.21	44.058
547.56	44.235
547.90	44.426
548.25	44.558
548.59	44.615
548.94	44.699
549.29	44.712
549.63	44.823
549.98	44.983
550.32	45.084
550.67	45.123
551.01	45.195
551.35	45.212
551.70	45.293
552.04	45.415
552.39	45.567
552.73	45.617
553.08	45.753
553.42	45.887
553.77	46.022
554.11	46.064
554.46	46.102
554.80	46.230
555.15	46.341
555.49	46.423
555.83	46.514
556.18	46.535
556.52	46.667
556.87	46.700
557.21	46.674
557.56	46.700
557.90	46.813
558.24	46.757
558.59	46.826
558.93	46.881
559.28	46.992
559.62	47.045
559.96	47.109
560.31	47.098
560.65	47.258
560.99	47.347
561.34	47.324
561.68	47.380
562.02	47.499
562.37	47.566
562.71	47.640
563.06	47.625
563.40	47.721
563.74	47.883
564.09	47.987
564.43	48.029
564.77	48.120
565.11	48.352
565.46	48.407
565.80	48.501
566.14	48.575
566.49	48.660
566.83	48.807
567.17	48.903
567.52	48.833
567.86	48.902
568.20	48.958
568.54	48.957
568.89	48.975
569.23	49.034
569.57	49.126
569.91	49.183
570.26	49.147
570.60	49.153
570.94	49.176
571.28	49.337
571.63	49.399
571.97	49.433
572.31	49.541
572.65	49.446
573.00	49.475
573.34	49.408
573.68	49.320
574.02	49.434
574.36	49.392
574.71	49.402
575.05	49.421
575.39	49.431
575.73	49.447
576.07	49.476
576.42	49.657
576.76	49.697
577.10	49.781
577.44	49.916
577.78	49.918
578.12	50.044
578.46	50.143
578.81	50.034
579.15	50.020
579.49	50.089
579.83	49.966
580.17	49.905
580.51	49.934
580.85	50.013
581.20	50.043
581.54	50.150
581.88	50.143
582.22	50.097
582.56	50.212
582.90	50.383
583.24	50.374
583.58	50.508
583.92	50.521
584.26	50.548
584.60	50.531
584.95	50.581
585.29	50.441
585.63	50.404
585.97	50.336
586.31	50.417
586.65	50.419
586.99	50.578
587.33	50.732
587.67	50.894
588.01	50.839
588.35	50.922
588.69	50.978
589.03	51.134
589.37	51.381
589.71	51.518
590.05	51.497
590.39	51.584
590.73	51.479
591.07	51.434
591.41	51.258
591.75	51.396
592.09	51.248
592.43	51.356
592.77	51.303
593.11	51.335
593.45	51.470
593.79	51.530
594.13	51.485
594.47	51.649
594.81	51.720
595.14	51.881
595.48	51.868
595.82	51.977
596.16	51.931
596.50	52.022
596.84	52.094
597.18	52.030
597.52	52.057
597.86	52.084
598.20	52.088
598.54	52.097
598.87	52.059
599.21	52.103
599.55	52.198
599.89	52.245
600.23	52.304
600.57	52.143
600.91	52.151
601.25	52.231
601.58	52.309
601.92	52.145
602.26	52.089
602.60	52.126
602.94	52.195
603.28	52.141
603.61	52.045
603.95	52.036
604.29	52.003
604.63	52.055
604.97	52.098
605.30	52.120
605.64	52.331
605.98	52.429
606.32	52.520
606.66	52.427
606.99	52.560
607.33	52.604
607.67	52.721
608.01	52.847
608.34	52.903
608.68	52.760
609.02	52.777
609.36	52.594
609.69	52.593
610.03	52.591
610.37	52.636
610.71	52.658
611.04	52.838
611.38	52.715
611.72	52.711
612.06	52.624
612.39	52.808
612.73	52.726
613.07	52.969
613.40	52.923
613.74	53.003
614.08	53.119
614.41	53.131
614.75	53.073
615.09	53.188
615.42	53.391
615.76	53.368
616.10	53.286
616.43	53.296
616.77	53.239
617.11	53.539
617.44	53.489
617.78	53.485
618.12	53.403
618.45	53.352
618.79	53.147
619.13	52.929
619.46	53.000
619.80	52.941
620.13	52.940
620.47	52.978
620.81	52.685
621.14	52.617
621.48	52.554
621.81	52.477
622.15	52.454
622.48	52.687
622.82	52.784
623.16	52.831
623.49	52.738
623.83	52.798
624.16	52.748
624.50	52.862
624.83	52.993
625.17	52.988
625.50	53.107
625.84	53.308
626.18	53.292
626.51	53.096
626.85	53.150
627.18	53.217
627.52	53.234
627.85	53.252
628.19	53.305
628.52	53.214
628.86	53.330
629.19	53.264
629.53	53.140
629.86	53.086
630.19	53.105
630.53	52.904
630.86	53.028
631.20	52.960
631.53	52.890
631.87	52.670
632.20	52.675
632.54	52.410
632.87	52.423
633.20	52.329
633.54	52.508
633.87	52.440
634.21	52.564
634.54	52.589
634.88	52.509
635.21	52.563
635.54	52.565
635.88	52.579
636.21	52.804
636.55	52.798
636.88	52.880
637.21	52.588
637.55	52.727
637.88	52.736
638.21	52.732
638.55	52.848
638.88	52.937
639.21	53.039
639.55	52.943
639.88	52.752
640.21	52.763
640.55	52.612
640.88	52.701
641.21	52.777
641.55	52.731
641.88	52.610
642.21	52.527
642.55	52.339
642.88	52.474
643.21	52.501
643.55	52.644
643.88	52.709
644.21	52.764
644.54	52.736
644.88	52.636
645.21	52.638
645.54	52.751
645.87	52.750
646.21	52.796
646.54	52.469
646.87	52.405
647.20	52.296
647.54	52.244
647.87	52.207
648.20	52.198
648.53	52.129
648.87	52.172
649.20	51.965
649.53	51.945
649.86	51.881
650.19	51.967
650.53	52.084
650.86	52.182
651.19	52.054
651.52	52.128
651.85	52.277
652.18	52.293
652.52	52.134
652.85	52.237
653.18	52.167
653.51	52.254
653.84	52.213
654.17	52.176
654.51	52.144
654.84	52.218
655.17	52.149
655.50	51.947
655.83	52.059
656.16	52.127
656.49	51.998
656.82	52.206
657.15	52.116
657.49	52.247
657.82	52.083
658.15	52.094
658.48	51.936
658.81	52.040
659.14	52.019
659.47	51.991
659.80	51.828
660.13	51.819
660.46	51.682
660.79	51.658
661.12	51.551
661.45	51.618
661.78	51.370
662.11	51.294
662.44	51.176
662.77	51.323
663.10	51.240
663.43	51.407
663.76	51.403
664.09	51.439
664.42	51.403
664.75	51.368
665.08	51.330
665.41	51.654
665.74	51.715
666.07	51.404
666.40	51.138
666.73	51.166
667.06	51.006
667.39	51.026
667.72	50.776
668.05	50.529
668.38	50.487
668.71	50.233
669.04	49.811
669.37	49.981
669.70	50.140
670.03	50.221
670.36	50.027
670.69	50.001
671.01	49.835
671.34	49.757
671.67	49.748
672.00	49.581
672.33	49.710
672.66	49.960
672.99	49.700
673.32	49.692
673.64	49.509
673.97	49.462
674.30	49.471
674.63	49.538
674.96	49.704
675.29	49.604
675.62	49.669
675.94	49.720
676.27	49.551
676.60	49.608
676.93	49.591
677.26	49.610
677.58	49.602
677.91	49.351
678.24	49.135
678.57	48.941
678.90	48.925
679.22	48.755
679.55	48.702
679.88	48.537
680.21	48.420
680.54	48.446
680.86	48.289
681.19	48.210
681.52	48.172
681.85	48.144
682.17	48.164
682.50	48.269
682.83	48.414
683.16	48.068
683.48	48.065
683.81	48.090
684.14	47.863
684.46	47.627
684.79	47.500
685.12	47.551
685.45	47.611
685.77	47.277
686.10	47.131
686.43	46.822
686.75	46.880
687.08	46.577
687.41	46.485
687.73	46.407
688.06	46.502
688.39	46.421
688.71	46.484
689.04	46.280
689.36	46.313
689.69	46.288
690.02	46.122
690.34	46.009
690.67	46.251
691.00	46.091
691.32	45.996
691.65	45.716
691.97	45.679
692.30	45.224
692.63	45.196
692.95	45.442
693.28	45.314
693.60	45.339
693.93	45.356
694.26	45.292
694.58	44.869
694.91	44.484
695.23	44.191
695.56	44.198
695.88	44.256
696.21	44.169
696.53	43.699
696.86	43.255
697.18	43.082
697.51	42.934
697.83	42.465
698.16	42.772
698.48	42.549
698.81	42.621
699.13	42.352
699.46	42.034
699.78	41.676
700.11	41.579
700.43	41.445
700.76	41.322
701.08	41.127
701.41	40.977
701.73	40.542
702.06	40.587
702.38	40.668
702.71	40.358
703.03	40.323
703.35	40.438
703.68	40.008
704.00	40.096
704.33	39.914
704.65	39.734
704.98	39.900
705.30	39.753
705.62	39.162
705.95	38.515
706.27	38.589
706.60	38.086
706.92	37.399
707.24	37.424
707.57	37.074
707.89	37.142
708.21	36.774
708.54	36.238
708.86	35.577
709.18	35.764
709.51	35.658
709.83	35.262
710.15	35.097
710.48	35.169
710.80	34.889
711.12	34.719
711.45	34.466
711.77	34.125
712.09	34.147
712.42	34.501
712.74	34.527
713.06	34.553
713.38	34.437
713.71	34.423
714.03	34.311
714.35	34.359
714.68	34.100
715.00	33.583
715.32	33.752
715.64	33.503
715.97	32.824
716.29	32.239
716.61	31.812
716.93	31.467
717.25	31.626
717.58	31.385
717.90	30.792
718.22	30.807
718.54	30.430
718.87	29.945
719.19	29.787
719.51	29.555
719.83	29.277
720.15	28.606
720.47	28.802
720.80	27.844
721.12	27.367
721.44	27.657
721.76	27.225
722.08	27.155
722.40	26.914
722.73	26.579
723.05	26.033
723.37	25.285
723.69	25.464
724.01	24.624
724.33	24.380
724.65	24.351
724.97	23.537
725.30	23.545
725.62	23.002
725.94	22.464
726.26	22.608
726.58	22.889
726.90	23.384
727.22	23.686
727.54	23.971
727.86	23.803
728.18	23.202
728.50	22.547
728.82	22.223
729.14	22.401
729.46	22.432
729.78	21.632
730.10	21.239
730.42	21.218
730.74	20.645
731.07	20.402
731.39	20.319
731.71	20.092
732.03	20.811
732.35	20.729
732.66	20.572
732.98	20.297
733.30	20.416
733.62	20.817
733.94	20.423
734.26	20.364
734.58	19.485
734.90	19.235
735.22	19.869
735.54	19.436
735.86	18.692
736.18	18.526
736.50	18.848
736.82	17.772
737.14	17.109
737.46	17.015
737.78	16.605
738.10	16.015
738.41	15.737
738.73	14.649
739.05	14.095
739.37	13.769
739.69	14.128
740.01	13.760
740.33	14.137
740.65	14.683
740.96	14.690
741.28	14.187
741.60	15.091
741.92	15.343
742.24	15.168
742.56	14.947
742.88	13.999
743.19	13.228
743.51	13.326
743.83	13.199
744.15	11.680
744.47	10.762
744.78	10.953
745.10	9.354
745.42	9.988
745.74	10.323
746.06	10.933
746.37	12.479
746.69	12.764
747.01	11.319
747.33	11.264
747.64	12.173
747.96	12.601
748.28	12.279
748.60	13.142
748.91	11.504
749.23	10.639
749.55	9.815
749.87	9.370
750.18	9.277
750.50	9.765
750.82	9.581
751.13	8.395
751.45	9.104
751.77	10.260
752.08	10.978
752.40	11.594
752.72	11.891
753.03	12.429
753.35	12.490
753.67	11.885
753.98	11.224
754.30	10.740
754.62	13.085
754.93	12.692
755.25	11.631
755.57	10.908
755.88	10.096
756.20	9.664
756.51	8.197
756.83	7.724
757.15	7.271
757.46	8.874
757.78	9.590
758.09	8.272
758.41	7.439
758.73	7.441
759.04	7.258
759.36	8.226
759.67	8.499
759.99	9.015
760.30	8.592
760.62	9.224
760.94	8.636
761.25	8.711
761.57	8.319
761.88	7.750
762.20	6.675
762.51	6.811
762.83	5.893
763.14	5.213
763.46	5.349
763.77	4.966
764.09	4.555
764.40	3.991
764.72	2.936
765.03	2.166
765.35	2.977
765.66	3.472
765.98	2.941
766.29	3.315
766.61	4.314
766.92	4.192
767.23	5.270
767.55	6.292
767.86	6.031
768.18	6.526
768.49	7.583
768.81	6.119
769.12	5.879
769.43	6.401
769.75	6.396
770.06	5.540
770.38	5.765
770.69	5.907
771.00	4.649
771.32	5.042
771.63	4.799
771.94	4.985
772.26	5.553
772.57	6.607
772.89	7.225
773.20	7.938
773.51	7.572
773.83	7.394
774.14	6.986
774.45	6.103
774.77	7.012
775.08	7.227
775.39	5.591
775.70	6.340
776.02	6.178
776.33	4.973
776.64	4.487
776.96	4.921
777.27	6.137
777.58	6.653
777.89	5.957
778.21	4.464
778.52	4.870
778.83	6.187
779.14	5.010
779.46	4.737
779.77	4.320
780.08	3.192
780.39	4.138
780.71	1.775
781.02	0.244
781.33	1.343
781.64	3.710
781.95	3.811
782.27	2.645
782.58	2.006
782.89	2.280
783.20	3.062
783.51	4.412
783.83	3.158
784.14	1.416
784.45	1.119
784.76	1.162
785.07	-0.608
785.38	-0.808
785.70	-2.530
786.01	-0.328
786.32	-0.777
786.63	-1.321
786.94	-1.347
787.25	-0.869
787.56	1.114
787.87	0.936
788.18	2.161
788.50	2.017
788.81	4.230
789.12	6.502
789.43	4.836
789.74	4.647
790.05	4.334
790.36	3.695
790.67	2.996
790.98	3.255
791.29	4.351
791.60	2.656
791.91	0.975
792.22	-3.100
792.53	-3.545
792.84	-2.630
793.15	-2.288
793.46	-2.853
793.77	-1.982
794.08	-3.171
794.39	-3.415
794.70	-2.847
795.01	-2.434
795.32	-2.256
795.63	0.400
795.94	1.767
796.25	0.343
796.56	-1.350
796.87	-0.686
797.18	-2.749
797.49	-2.147
797.80	-1.813
798.11	-0.661
798.42	-0.435
798.73	0.255
799.04	-2.712
799.35	-4.847
799.65	-6.356
799.96	-4.676
800.27	-3.287
800.58	1.457
800.89	4.553
801.20	4.715
801.51	0.098
801.82	-0.815
802.13	-0.325
802.43	0.784
802.74	0.721
803.05	3.445
803.36	4.848
803.67	3.088
803.98	1.459
804.28	-0.254
804.59	-0.887
804.90	2.038
805.21	2.631
805.52	0.859
805.83	3.822
806.13	5.826
806.44	7.166
806.75	4.443
807.06	4.244
807.36	1.778
807.67	2.117
807.98	2.395
808.29	1.274
808.60	-0.409
808.90	4.978
809.21	2.763
809.52	-0.340
809.83	-3.012
810.13	-3.370
810.44	-5.342
810.75	-4.303
811.05	-3.784
811.36	-4.913
811.67	-6.645
811.98	-4.487
812.28	-9.348
812.59	-11.310
812.90	-9.070
813.20	-9.992
813.51	-8.180
813.82	-5.443
814.12	-5.853
814.43	-6.698
814.74	-3.196
815.04	-2.665
815.35	-1.298
815.65	1.117
815.96	0.327
816.27	-2.321
816.57	-1.469
816.88	-3.583
817.19	-2.952
817.49	-5.208
817.80	-6.243
818.10	-9.761
818.41	-9.508
818.72	-14.908
819.02	-18.135
819.33	-15.549
819.63	-14.801
819.94	-14.170
820.24	-12.997
820.55	-10.155
820.85	-9.004
821.16	-6.921
821.47	-6.620
821.77	-5.593
822.08	-4.092
822.38	-3.439
822.69	-2.968
822.99	-3.384
823.30	-3.620
823.60	-3.997
823.91	-4.538
824.21	-4.135
824.52	-5.198
824.82	-4.431
825.13	-4.571
825.43	-5.348
825.73	-7.207
826.04	-9.310
826.34	-8.162
826.65	-7.106
826.95	-8.340
827.26	-8.829
827.56	-9.439
827.87	-7.950
828.17	-8.806
828.47	-8.258
828.78	-8.252
829.08	-8.330
829.39	-7.181
829.69	-9.103
829.99	-10.597
830.30	-5.489
830.60	-4.218
830.90	-5.530
831.21	-4.153
831.51	-4.657
831.82	-9.269
832.12	-11.031
832.42	-9.059
832.73	-10.784
833.03	-9.516
833.33	-11.529
833.64	-15.852
833.94	-14.854
834.24	-14.430
834.54	-17.224
834.85	-18.144
835.15	-17.533
835.45	-16.639
835.76	-15.723
836.06	-16.206
836.36	-18.538
836.66	-16.492
836.97	-13.986
837.27	-14.882
837.57	-14.898
837.87	-15.129
838.18	-15.048
838.48	-11.444
838.78	-10.351
839.08	-16.894
839.39	-14.295
839.69	-5.089
839.99	-7.093
840.29	-8.179
840.59	-17.643
840.90	-18.719
841.20	-16.501
841.50	-18.809
841.80	-20.070
842.10	-17.974
842.41	-7.160
842.71	-4.925
843.01	-12.540
843.31	-14.485
843.61	-15.898
843.91	-11.304
844.21	-5.216
844.52	-4.651
844.82	5.710
845.12	5.970
845.42	5.463
845.72	-6.170
846.02	-6.352
846.32	-1.280
846.62	2.264
846.92	8.838
847.22	10.781
847.52	3.626
847.83	2.125
848.13	-9.756
848.43	-12.217
848.73	-13.588
849.03	-8.943
849.33	-24.444
849.63	-26.625
849.93	-31.688
850.23	-43.186
850.53	-39.195
850.83	-36.976
851.13	-42.419
851.43	-32.646
851.73	-37.158
852.03	-48.316
852.33	-53.099
852.63	-44.348
852.93	-74.444
853.23	-66.162
853.53	-68.687
853.83	-60.967
854.13	-50.492
854.43	-43.164
854.73	-54.121
855.03	-51.897
855.32	-39.519
855.62	-27.003
855.92	-22.046
856.22	-2.462
856.52	3.474
856.82	8.595
857.12	14.902
857.42	17.108
857.72	16.377
858.02	20.567
858.31	27.001
858.61	29.054
858.91	17.476
859.21	10.500
859.51	-0.132
859.81	-7.555
860.11	-9.695
860.40	-35.377
860.70	-29.825
861.00	-26.074
861.30	-26.709
861.60	-17.280
861.90	-34.000
862.19	-41.272
862.49	-51.528
862.79	-37.071
863.09	-16.812
863.39	-14.512
863.68	-3.614
863.98	-11.461
864.28	-18.932
864.58	-37.578
864.87	-64.261
865.17	-18.568
865.47	-8.590
865.77	-29.587
866.06	-30.909
866.36	-54.568
866.66	-42.029
866.96	-47.325
867.25	-68.095
867.55	-53.459
867.85	-46.821
868.14	-33.091
868.44	-54.274
868.74	-29.015
869.03	-13.002
869.33	-20.916
869.63	-21.626
869.92	-27.713
870.22	-18.889
870.52	-12.693
870.81	-4.580
871.11	3.826
871.41	7.366
871.70	9.555
872.00	3.720
872.30	0.467
872.59	6.126
872.89	16.227
873.18	11.895
873.48	7.585
873.78	8.678
874.07	-5.525
874.37	-8.295
874.66	-13.269
874.96	-11.949
875.25	-16.189
875.55	-6.965
875.85	-18.418
876.14	-26.685
876.44	-24.759
876.73	-36.905
877.03	-28.411
877.32	-16.346
877.62	-16.021
877.91	-19.610
878.21	-23.669
878.50	-34.742
878.80	-32.057
879.09	-12.121
879.39	-20.772
879.68	-14.789
879.98	-13.643
880.27	-22.763
880.57	-29.419
880.86	-34.524
881.16	-31.049
881.45	-21.563
881.74	-16.702
882.04	-18.968
882.33	-22.004
882.63	-21.195
882.92	-25.144
883.22	-23.928
883.51	-21.831
883.80	-20.820
884.10	-18.830
884.39	-20.015
884.69	-22.995
884.98	-24.869
885.27	-29.199
885.57	-26.316
885.86	-22.995
886.15	-26.909
886.45	-21.241
886.74	-29.776
887.03	-29.162
887.33	-28.889
887.62	-27.073
887.91	-0.763
888.21	-60.185
888.50	-2.703
888.79	36.264
889.09	-109.091
