190.56	132.432
190.94	132.432
191.32	132.432
191.70	-183.333
192.08	91.111
192.46	167.925
192.84	296.154
193.22	237.273
193.60	507.547
193.98	350.769
194.36	289.157
194.74	-3250.000
195.13	-192.308
195.51	-107.059
195.89	-60.145
196.27	-43.452
196.65	-56.459
197.03	-90.370
197.40	-78.873
197.78	-110.714
198.16	-130.159
198.54	-133.333
198.92	-186.364
199.30	-278.689
199.68	-78.409
200.06	-7.955
200.44	-16.842
200.82	3.297
201.20	29.104
201.58	30.623
201.96	34.419
202.34	25.617
202.72	17.517
203.10	4.251
203.48	24.390
203.86	9.216
204.24	0.415
204.62	20.677
205.00	32.890
205.38	23.921
205.76	16.525
206.13	23.729
206.51	18.097
206.89	16.630
207.27	16.630
207.65	8.924
208.03	2.865
208.41	-1.877
208.79	-26.129
209.17	-68.354
209.55	-60.377
209.93	-19.481
210.30	-25.979
210.68	-2.260
211.06	7.350
211.44	24.292
211.82	7.743
212.20	-2.993
212.58	4.330
212.96	2.247
213.33	-1.987
213.71	-24.755
214.09	-23.037
214.47	-27.485
214.85	-17.136
215.23	-21.154
215.61	-29.384
215.98	-4.578
216.36	0.640
216.74	-2.564
217.12	5.556
217.50	6.706
217.88	13.083
218.25	1.762
218.63	2.964
219.01	-4.713
219.39	-5.389
219.77	-4.126
220.14	1.427
220.52	6.187
220.90	3.725
221.28	3.931
221.66	7.262
222.03	8.899
222.41	11.565
222.79	5.485
223.17	7.940
223.55	9.939
223.92	10.092
224.30	6.011
224.68	1.935
225.06	4.426
225.43	2.815
225.81	4.345
226.19	7.049
226.57	9.148
226.95	12.738
227.32	13.865
227.70	13.682
228.08	14.311
228.46	14.286
228.83	15.551
229.21	15.613
229.59	16.250
229.96	16.357
230.34	15.150
230.72	14.298
231.10	13.297
231.47	12.190
231.85	12.109
232.23	11.007
232.60	9.995
232.98	9.522
233.36	8.339
233.74	7.151
234.11	6.254
234.49	6.714
234.87	6.328
235.24	7.072
235.62	6.322
236.00	6.181
236.37	7.136
236.75	7.655
237.13	7.589
237.50	7.899
237.88	8.257
238.26	8.804
238.63	8.458
239.01	7.342
239.39	6.630
239.76	7.997
240.14	8.412
240.52	8.431
240.89	9.205
241.27	9.739
241.65	10.191
242.02	10.634
242.40	11.027
242.77	11.554
243.15	12.173
243.53	12.541
243.90	12.501
244.28	12.701
244.66	12.421
245.03	12.190
245.41	12.292
245.78	11.373
246.16	11.239
246.54	11.015
246.91	10.745
247.29	10.634
247.66	10.542
248.04	10.583
248.41	10.296
248.79	10.526
249.17	10.404
249.54	9.712
249.92	10.034
250.29	9.952
250.67	9.920
251.04	9.547
251.42	9.478
251.80	9.386
252.17	9.390
252.55	9.437
252.92	9.335
253.30	9.313
253.67	9.594
254.05	9.877
254.42	9.500
254.80	9.210
255.17	10.017
255.55	10.468
255.92	10.277
256.30	10.437
256.67	10.587
257.05	10.611
257.42	10.598
257.80	10.774
258.17	10.985
258.55	11.269
258.92	11.360
259.30	11.173
259.67	10.967
260.05	11.133
260.42	10.957
260.80	10.854
261.17	10.761
261.55	10.797
261.92	10.871
262.30	11.059
262.67	10.906
263.05	10.789
263.42	10.789
263.79	10.908
264.17	10.949
264.54	11.016
264.92	11.149
265.29	11.025
265.67	11.211
266.04	11.110
266.42	11.196
266.79	11.423
267.16	11.274
267.54	11.238
267.91	11.210
268.29	11.077
268.66	11.141
269.03	11.103
269.41	11.401
269.78	11.019
270.16	10.886
270.53	10.254
270.90	10.031
271.28	10.000
271.65	10.172
272.03	10.044
272.40	10.039
272.77	10.000
273.15	9.947
273.52	9.761
273.89	9.855
274.27	9.593
274.64	9.663
275.01	9.757
275.39	9.738
275.76	9.624
276.14	9.854
276.51	9.832
276.88	9.747
277.26	9.843
277.63	10.164
278.00	10.372
278.38	10.819
278.75	10.979
279.12	10.829
279.49	10.846
279.87	10.678
280.24	10.733
280.61	10.615
280.99	10.737
281.36	10.620
281.73	10.283
282.11	10.325
282.48	10.274
282.85	10.007
283.22	10.101
283.60	10.168
283.97	10.360
284.34	10.217
284.71	10.209
285.09	10.211
285.46	10.308
285.83	10.385
286.21	10.282
286.58	10.191
286.95	10.416
287.32	10.573
287.70	10.613
288.07	10.534
288.44	10.539
288.81	10.568
289.18	10.432
289.56	10.429
289.93	10.380
290.30	10.212
290.67	10.419
291.05	10.418
291.42	10.265
291.79	10.292
292.16	10.308
292.53	10.397
292.91	10.571
293.28	10.641
293.65	10.639
294.02	10.845
294.39	10.948
294.76	10.936
295.14	10.945
295.51	10.988
295.88	11.105
296.25	11.229
296.62	11.217
297.00	11.310
297.37	11.542
297.74	11.706
298.11	11.833
298.48	12.066
298.85	12.288
299.22	12.684
299.60	12.999
299.97	13.189
300.34	13.741
300.71	14.377
301.08	14.739
301.45	15.029
301.82	15.510
302.19	16.073
302.56	16.747
302.94	17.339
303.31	18.048
303.68	18.719
304.05	19.448
304.42	20.116
304.79	20.681
305.16	21.423
305.53	22.296
305.90	23.158
306.27	23.734
306.64	24.286
307.02	24.794
307.39	25.317
307.76	26.123
308.13	26.745
308.50	27.256
308.87	27.838
309.24	28.569
309.61	29.045
309.98	29.431
310.35	29.931
310.72	30.486
311.09	31.111
311.46	31.728
311.83	31.898
312.20	32.273
312.57	32.596
312.94	33.052
313.31	33.265
313.68	33.600
314.05	33.759
314.42	34.093
314.79	34.373
315.16	34.421
315.53	34.254
315.90	34.512
316.27	34.828
316.64	35.209
317.01	35.364
317.38	35.544
317.75	35.751
318.12	36.182
318.49	36.320
318.86	36.545
319.23	36.886
319.60	37.262
319.97	37.384
320.34	37.508
320.71	37.517
321.08	37.566
321.45	37.547
321.82	37.438
322.19	37.426
322.55	37.478
322.92	37.180
323.29	37.209
323.66	37.164
324.03	37.274
324.40	37.198
324.77	36.845
325.14	36.876
325.51	36.916
325.88	36.951
326.25	37.095
326.61	37.100
326.98	37.261
327.35	37.120
327.72	37.322
328.09	37.421
328.46	37.605
328.83	37.794
329.20	37.701
329.56	37.495
329.93	37.718
330.30	37.441
330.67	37.498
331.04	37.671
331.41	37.778
331.78	37.771
332.14	37.750
332.51	37.606
332.88	37.592
333.25	37.641
333.62	37.822
333.99	37.714
334.35	37.795
334.72	37.813
335.09	37.639
335.46	37.595
335.83	37.668
336.19	37.721
336.56	37.637
336.93	37.513
337.30	37.651
337.67	37.678
338.03	37.576
338.40	37.653
338.77	37.679
339.14	37.859
339.50	38.028
339.87	37.990
340.24	38.021
340.61	37.984
340.97	38.154
341.34	37.806
341.71	37.905
342.08	38.062
342.44	38.021
342.81	37.895
343.18	37.630
343.55	37.505
343.91	37.330
344.28	37.307
344.65	37.404
345.02	37.608
345.38	37.940
345.75	37.920
346.12	37.955
346.48	37.862
346.85	37.839
347.22	38.198
347.59	38.210
347.95	38.232
348.32	38.268
348.69	38.383
349.05	38.251
349.42	38.283
349.79	38.098
350.15	38.021
350.52	37.985
350.89	37.998
351.25	37.803
351.62	37.819
351.99	37.865
352.35	37.698
352.72	37.654
353.09	37.707
353.45	37.563
353.82	37.570
354.18	37.540
354.55	37.587
354.92	37.520
355.28	37.547
355.65	37.444
356.02	37.337
356.38	37.203
356.75	37.187
357.11	37.057
357.48	37.060
357.85	37.181
358.21	36.920
358.58	36.830
358.94	36.712
359.31	36.675
359.67	36.538
360.04	36.494
360.41	36.520
360.77	36.464
361.14	36.391
361.50	36.358
361.87	36.277
362.23	36.599
362.60	36.692
362.97	36.896
363.33	36.943
363.70	37.130
364.06	37.254
364.43	37.285
364.79	37.474
365.16	37.556
365.52	37.505
365.89	37.510
366.25	37.328
366.62	37.438
366.98	37.499
367.35	37.325
367.71	37.317
368.08	37.358
368.44	37.491
368.81	37.446
369.17	37.548
369.54	37.766
369.90	37.746
370.27	37.593
370.63	37.550
371.00	37.523
371.36	37.658
371.73	37.683
372.09	37.602
372.45	37.430
372.82	37.233
373.18	37.141
373.55	37.037
373.91	36.999
374.28	37.059
374.64	36.834
375.01	36.691
375.37	36.633
375.73	36.588
376.10	36.643
376.46	36.637
376.83	36.715
377.19	36.731
377.55	36.686
377.92	36.695
378.28	36.605
378.65	36.650
379.01	36.601
379.37	36.521
379.74	36.419
380.10	36.247
380.47	36.335
380.83	36.240
381.19	36.240
381.56	36.174
381.92	35.914
382.28	35.875
382.65	35.755
383.01	35.660
383.37	35.592
383.74	35.524
384.10	35.443
384.46	35.394
384.83	35.350
385.19	35.229
385.55	35.098
385.92	35.188
386.28	34.996
386.64	35.019
387.01	34.912
387.37	34.751
387.73	34.559
388.10	34.522
388.46	34.340
388.82	34.239
389.18	33.980
389.55	33.862
389.91	33.665
390.27	33.665
390.64	33.585
391.00	33.513
391.36	33.372
391.72	33.260
392.09	33.009
392.45	32.870
392.81	32.729
393.17	32.714
393.54	32.545
393.90	32.502
394.26	32.357
394.62	32.129
394.99	32.010
395.35	31.887
395.71	31.884
396.07	31.746
396.43	31.485
396.80	31.335
397.16	31.174
397.52	31.089
397.88	30.917
398.24	30.806
398.61	30.677
398.97	30.582
399.33	30.553
399.69	30.342
400.05	30.421
400.42	30.540
400.78	30.234
401.14	30.098
401.50	29.948
401.86	29.764
402.22	29.555
402.59	29.249
402.95	28.995
403.31	28.832
403.67	28.704
404.03	28.481
404.39	28.217
404.75	28.052
405.12	27.864
405.48	27.642
405.84	27.526
406.20	27.504
406.56	27.473
406.92	27.390
407.28	27.217
407.64	27.109
408.00	26.953
408.36	26.826
408.73	26.759
409.09	26.665
409.45	26.673
409.81	26.485
410.17	26.387
410.53	26.248
410.89	26.084
411.25	25.872
411.61	25.715
411.97	25.640
412.33	25.615
412.69	25.547
413.05	25.467
413.41	25.295
413.77	25.204
414.13	24.967
414.50	24.841
414.86	24.673
415.22	24.604
415.58	24.386
415.94	24.229
416.30	23.958
416.66	23.795
417.02	23.520
417.38	23.345
417.74	23.168
418.10	22.979
418.46	22.876
418.82	22.744
419.18	22.593
419.54	22.594
419.90	22.526
420.26	22.516
420.61	22.479
420.97	22.457
421.33	22.452
421.69	22.470
422.05	22.462
422.41	22.463
422.77	22.507
423.13	22.561
423.49	22.513
423.85	22.457
424.21	22.423
424.57	22.440
424.93	22.545
425.29	22.498
425.65	22.419
426.01	22.510
426.36	22.602
426.72	22.645
427.08	22.772
427.44	22.857
427.80	23.016
428.16	23.117
428.52	23.286
428.88	23.224
429.24	23.458
429.59	23.574
429.95	23.607
430.31	23.678
430.67	23.863
431.03	23.968
431.39	24.120
431.75	24.198
432.10	24.310
432.46	24.344
432.82	24.546
433.18	24.625
433.54	24.807
433.90	24.948
434.25	24.996
434.61	25.096
434.97	25.151
435.33	25.243
435.69	25.330
436.04	25.429
436.40	25.488
436.76	25.577
437.12	25.751
437.48	25.845
437.83	25.958
438.19	26.059
438.55	25.991
438.91	26.038
439.27	26.052
439.62	26.145
439.98	26.213
440.34	26.262
440.70	26.352
441.05	26.370
441.41	26.424
441.77	26.478
442.13	26.602
442.48	26.720
442.84	26.779
443.20	26.841
443.56	26.845
443.91	26.815
444.27	26.887
444.63	26.843
444.98	26.769
445.34	26.807
445.70	26.872
446.05	26.734
446.41	26.719
446.77	26.666
447.13	26.689
447.48	26.756
447.84	26.807
448.20	26.841
448.55	26.870
448.91	26.884
449.27	26.916
449.62	26.846
449.98	26.899
450.34	26.835
450.69	26.887
451.05	26.915
451.40	26.862
451.76	26.907
452.12	26.897
452.47	26.878
452.83	26.895
453.19	26.855
453.54	26.808
453.90	26.772
454.25	26.840
454.61	26.898
454.97	26.803
455.32	26.782
455.68	26.723
456.03	26.627
456.39	26.524
456.75	26.429
457.10	26.436
457.46	26.515
457.81	26.538
458.17	26.525
458.52	26.506
458.88	26.558
459.24	26.517
459.59	26.570
459.95	26.539
460.30	26.652
460.66	26.744
461.01	26.786
461.37	26.755
461.72	26.883
462.08	26.963
462.43	26.927
462.79	27.004
463.14	27.193
463.50	27.251
463.85	27.398
464.21	27.438
464.56	27.443
464.92	27.436
465.27	27.548
465.63	27.472
465.98	27.463
466.34	27.545
466.69	27.598
467.05	27.536
467.40	27.590
467.76	27.616
468.11	27.722
468.47	27.801
468.82	27.839
469.18	27.822
469.53	27.960
469.88	28.137
470.24	28.130
470.59	28.098
470.95	28.172
471.30	28.138
471.66	28.163
472.01	28.144
472.36	28.157
472.72	28.108
473.07	28.184
473.43	28.213
473.78	28.138
474.13	28.186
474.49	28.248
474.84	28.271
475.19	28.253
475.55	28.285
475.90	28.197
476.26	28.132
476.61	28.158
476.96	28.083
477.32	28.078
477.67	28.076
478.02	28.053
478.38	27.984
478.73	27.896
479.08	27.973
479.44	27.948
479.79	27.985
480.14	27.953
480.50	27.890
480.85	27.817
481.20	27.683
481.56	27.596
481.91	27.561
482.26	27.542
482.62	27.546
482.97	27.507
483.32	27.478
483.67	27.448
484.03	27.424
484.38	27.418
484.73	27.415
485.08	27.407
485.44	27.420
485.79	27.398
486.14	27.375
486.49	27.318
486.85	27.282
487.20	27.285
487.55	27.300
487.90	27.321
488.26	27.343
488.61	27.421
488.96	27.462
489.31	27.527
489.67	27.569
490.02	27.689
490.37	27.792
490.72	27.793
491.07	27.829
491.43	27.912
491.78	27.996
492.13	28.093
492.48	28.137
492.83	28.223
493.19	28.246
493.54	28.400
493.89	28.379
494.24	28.527
494.59	28.700
494.94	28.882
495.29	28.958
495.65	29.092
496.00	29.144
496.35	29.152
496.70	29.202
497.05	29.344
497.40	29.439
497.75	29.589
498.11	29.612
498.46	29.700
498.81	29.713
499.16	29.791
499.51	29.803
499.86	29.949
500.21	30.066
500.56	30.159
500.91	30.170
501.26	30.148
501.62	30.164
501.97	30.254
502.32	30.426
502.67	30.531
503.02	30.564
503.37	30.712
503.72	30.788
504.07	30.920
504.42	31.103
504.77	31.359
505.12	31.612
505.47	31.764
505.82	31.893
506.17	31.973
506.52	32.054
506.87	32.292
507.22	32.340
507.57	32.331
507.92	32.411
508.27	32.474
508.62	32.484
508.97	32.456
509.32	32.594
509.67	32.720
510.02	32.708
510.37	32.790
510.72	32.787
511.07	32.834
511.42	33.000
511.77	33.105
512.12	33.105
512.47	33.196
512.82	33.265
513.17	33.285
513.52	33.364
513.87	33.481
514.22	33.605
514.57	33.669
514.91	33.672
515.26	33.701
515.61	33.735
515.96	33.830
516.31	33.819
516.66	33.960
517.01	33.984
517.36	33.916
517.71	33.926
518.06	33.902
518.41	33.987
518.75	34.167
519.10	34.245
519.45	34.278
519.80	34.297
520.15	34.313
520.50	34.242
520.85	34.305
521.19	34.362
521.54	34.436
521.89	34.457
522.24	34.381
522.59	34.358
522.94	34.327
523.28	34.309
523.63	34.246
523.98	34.204
524.33	34.263
524.68	34.321
525.03	34.413
525.37	34.348
525.72	34.376
526.07	34.367
526.42	34.309
526.76	34.369
527.11	34.349
527.46	34.369
527.81	34.428
528.16	34.441
528.50	34.361
528.85	34.343
529.20	34.383
529.55	34.378
529.89	34.370
530.24	34.411
530.59	34.358
530.94	34.369
531.28	34.413
531.63	34.369
531.98	34.349
532.32	34.363
532.67	34.332
533.02	34.360
533.37	34.345
533.71	34.418
534.06	34.474
534.41	34.435
534.75	34.449
535.10	34.464
535.45	34.488
535.79	34.445
536.14	34.476
536.49	34.450
536.83	34.447
537.18	34.463
537.53	34.453
537.87	34.320
538.22	34.368
538.57	34.433
538.91	34.393
539.26	34.368
539.61	34.399
539.95	34.333
540.30	34.303
540.64	34.244
540.99	34.240
541.34	34.249
541.68	34.301
542.03	34.238
542.37	34.151
542.72	34.150
543.07	34.166
543.41	34.173
543.76	34.200
544.10	34.211
544.45	34.207
544.80	34.207
545.14	34.246
545.49	34.268
545.83	34.306
546.18	34.395
546.52	34.458
546.87	34.584
547.21	34.622
547.56	34.713
547.90	34.780
548.25	34.926
548.59	34.950
548.94	34.915
549.29	34.923
549.63	34.915
549.98	34.871
550.32	34.821
550.67	34.690
551.01	34.633
551.35	34.607
551.70	34.520
552.04	34.444
552.39	34.532
552.73	34.493
553.08	34.344
553.42	34.448
553.77	34.466
554.11	34.444
554.46	34.443
554.80	34.383
555.15	34.349
555.49	34.490
555.83	34.440
556.18	34.344
556.52	34.343
556.87	34.492
557.21	34.505
557.56	34.516
557.90	34.452
558.24	34.512
558.59	34.549
558.93	34.559
559.28	34.451
559.62	34.508
559.96	34.534
560.31	34.566
560.65	34.593
560.99	34.478
561.34	34.425
561.68	34.447
562.02	34.323
562.37	34.203
562.71	34.272
563.06	34.339
563.40	34.187
563.74	34.062
564.09	33.975
564.43	33.857
564.77	33.966
565.11	34.001
565.46	33.996
565.80	34.027
566.14	34.118
566.49	34.100
566.83	34.047
567.17	34.069
567.52	34.208
567.86	34.238
568.20	34.282
568.54	34.271
568.89	34.220
569.23	34.189
569.57	34.178
569.91	34.156
570.26	34.159
570.60	34.139
570.94	34.107
571.28	34.010
571.63	34.086
571.97	33.988
572.31	33.924
572.65	33.880
573.00	33.887
573.34	33.857
573.68	33.876
574.02	33.770
574.36	33.785
574.71	33.875
575.05	33.889
575.39	33.806
575.73	33.885
576.07	33.837
576.42	33.786
576.76	33.841
577.10	33.846
577.44	33.824
577.78	33.884
578.12	33.932
578.46	33.954
578.81	33.904
579.15	33.964
579.49	33.996
579.83	34.057
580.17	34.337
580.51	34.362
580.85	34.409
581.20	34.433
581.54	34.426
581.88	34.410
582.22	34.444
582.56	34.516
582.90	34.599
583.24	34.691
583.58	34.670
583.92	34.530
584.26	34.561
584.60	34.608
584.95	34.724
585.29	34.614
585.63	34.634
585.97	34.596
586.31	34.790
586.65	34.662
586.99	34.628
587.33	34.773
587.67	34.897
588.01	34.996
588.35	35.084
588.69	35.114
589.03	35.341
589.37	35.391
589.71	35.539
590.05	35.425
590.39	35.498
590.73	35.602
591.07	35.659
591.41	35.642
591.75	35.640
592.09	35.671
592.43	35.724
592.77	35.630
593.11	35.647
593.45	35.623
593.79	35.685
594.13	35.694
594.47	35.608
594.81	35.694
595.14	35.667
595.48	35.684
595.82	35.702
596.16	35.667
596.50	35.657
596.84	35.704
597.18	35.692
597.52	35.835
597.86	35.780
598.20	35.920
598.54	35.980
598.87	36.115
599.21	36.227
599.55	36.187
599.89	36.354
600.23	36.530
600.57	36.482
600.91	36.552
601.25	36.346
601.58	36.482
601.92	36.393
602.26	36.338
602.60	36.276
602.94	36.154
603.28	36.207
603.61	36.140
603.95	36.181
604.29	36.286
604.63	36.322
604.97	36.359
605.30	36.289
605.64	36.399
605.98	36.400
606.32	36.500
606.66	36.521
606.99	36.407
607.33	36.458
607.67	36.479
608.01	36.434
608.34	36.454
608.68	36.531
609.02	36.612
609.36	36.692
609.69	36.681
610.03	36.608
610.37	36.788
610.71	36.871
611.04	36.749
611.38	36.678
611.72	36.571
612.06	36.510
612.39	36.465
612.73	36.474
613.07	36.376
613.40	36.305
613.74	36.290
614.08	36.156
614.41	36.182
614.75	36.198
615.09	36.180
615.42	36.214
615.76	36.134
616.10	36.242
616.43	36.197
616.77	36.195
617.11	36.207
617.44	36.242
617.78	36.257
618.12	36.342
618.45	36.489
618.79	36.516
619.13	36.721
619.46	37.029
619.80	36.826
620.13	36.849
620.47	36.874
620.81	36.994
621.14	37.060
621.48	36.871
621.81	36.818
622.15	36.729
622.48	36.753
622.82	36.682
623.16	36.525
623.49	36.732
623.83	36.816
624.16	36.691
624.50	36.519
624.83	36.465
625.17	36.484
625.50	36.447
625.84	36.554
626.18	36.590
626.51	36.552
626.85	36.502
627.18	36.292
627.52	36.152
627.85	36.167
628.19	36.104
628.52	36.037
628.86	36.138
629.19	36.179
629.53	36.044
629.86	35.928
630.19	35.735
630.53	35.756
630.86	35.896
631.20	35.964
631.53	35.912
631.87	35.898
632.20	36.035
632.54	35.945
632.87	35.855
633.20	35.836
633.54	35.914
633.87	36.041
634.21	35.811
634.54	35.778
634.88	35.752
635.21	35.774
635.54	35.900
635.88	35.647
636.21	35.528
636.55	35.562
636.88	35.564
637.21	35.569
637.55	35.511
637.88	35.734
638.21	35.652
638.55	35.628
638.88	35.570
639.21	35.508
639.55	35.450
639.88	35.499
640.21	35.409
640.55	35.301
640.88	35.088
641.21	35.246
641.55	35.133
641.88	35.093
642.21	35.225
642.55	35.261
642.88	35.224
643.21	35.412
643.55	35.393
643.88	35.231
644.21	35.350
644.54	35.502
644.88	35.513
645.21	35.519
645.54	35.478
645.87	35.216
646.21	35.242
646.54	35.246
646.87	34.959
647.20	35.320
647.54	35.516
647.87	35.487
648.20	35.418
648.53	35.203
648.87	35.064
649.20	35.093
649.53	35.150
649.86	35.074
650.19	35.124
650.53	35.468
650.86	35.133
651.19	35.114
651.52	34.929
651.85	34.781
652.18	34.842
652.52	35.019
652.85	35.198
653.18	35.271
653.51	35.267
653.84	35.255
654.17	35.245
654.51	35.349
654.84	35.338
655.17	35.465
655.50	35.607
655.83	35.396
656.16	35.268
656.49	34.902
656.82	34.805
657.15	34.619
657.49	34.418
657.82	34.156
658.15	34.022
658.48	33.940
658.81	33.814
659.14	33.824
659.47	33.903
659.80	33.923
660.13	34.080
660.46	33.887
660.79	33.946
661.12	34.183
661.45	34.190
661.78	34.119
662.11	34.151
662.44	34.122
662.77	33.907
663.10	33.915
663.43	33.734
663.76	33.660
664.09	34.087
664.42	33.882
664.75	33.687
665.08	33.854
665.41	33.888
665.74	33.743
666.07	33.660
666.40	33.717
666.73	33.617
667.06	33.587
667.39	33.706
667.72	33.135
668.05	33.173
668.38	33.030
668.71	32.813
669.04	32.767
669.37	32.484
669.70	32.410
670.03	32.316
670.36	32.138
670.69	32.128
671.01	31.743
671.34	31.865
671.67	31.870
672.00	31.558
672.33	31.276
672.66	31.216
672.99	31.449
673.32	31.368
673.64	31.369
673.97	31.316
674.30	31.203
674.63	31.040
674.96	30.959
675.29	30.970
675.62	31.371
675.94	31.663
676.27	31.454
676.60	31.163
676.93	31.415
677.26	31.235
677.58	31.225
677.91	30.878
678.24	30.946
678.57	30.618
678.90	30.519
679.22	30.077
679.55	29.765
679.88	29.830
680.21	29.834
680.54	29.709
680.86	29.402
681.19	29.133
681.52	29.071
681.85	28.757
682.17	28.883
682.50	28.691
682.83	28.627
683.16	28.787
683.48	28.681
683.81	28.650
684.14	28.082
684.46	28.165
684.79	28.200
685.12	28.340
685.45	28.474
685.77	28.337
686.10	28.375
686.43	28.452
686.75	28.073
687.08	27.751
687.41	27.346
687.73	27.166
688.06	27.192
688.39	27.199
688.71	27.239
689.04	26.850
689.36	26.773
689.69	26.677
690.02	26.298
690.34	26.329
690.67	26.362
691.00	26.566
691.32	26.825
691.65	26.644
691.97	26.216
692.30	26.329
692.63	26.769
692.95	26.447
693.28	26.225
693.60	26.473
693.93	26.521
694.26	26.305
694.58	26.367
694.91	26.124
695.23	26.122
695.56	25.828
695.88	25.061
696.21	24.601
696.53	24.729
696.86	24.659
697.18	24.108
697.51	23.417
697.83	23.347
698.16	22.787
698.48	22.884
698.81	22.507
699.13	22.626
699.46	22.466
699.78	22.127
700.11	21.550
700.43	20.890
700.76	20.964
701.08	21.148
701.41	20.900
701.73	21.063
702.06	20.634
702.38	20.769
702.71	20.978
703.03	20.959
703.35	21.008
703.68	21.394
704.00	21.581
704.33	21.419
704.65	21.232
704.98	21.622
705.30	21.636
705.62	21.278
705.95	20.693
706.27	20.079
706.60	19.314
706.92	19.496
707.24	19.248
707.57	18.935
707.89	18.616
708.21	18.375
708.54	17.888
708.86	17.468
709.18	17.667
709.51	17.333
709.83	17.327
710.15	18.092
710.48	17.732
710.80	17.977
711.12	18.206
711.45	18.359
711.77	18.596
712.09	18.260
712.42	17.897
712.74	17.772
713.06	17.660
713.38	17.394
713.71	17.350
714.03	17.355
714.35	16.877
714.68	16.660
715.00	15.965
715.32	15.604
715.64	15.252
715.97	15.332
716.29	14.634
716.61	14.383
716.93	14.288
717.25	13.939
717.58	13.429
717.90	12.952
718.22	12.206
718.54	12.434
718.87	12.376
719.19	12.618
719.51	13.006
719.83	13.438
720.15	13.835
720.47	14.168
720.80	14.154
721.12	14.743
721.44	14.885
721.76	15.788
722.08	15.788
722.40	15.395
722.73	15.490
723.05	14.531
723.37	13.828
723.69	13.950
724.01	13.416
724.33	13.460
724.65	12.548
724.97	12.657
725.30	12.653
725.62	12.465
725.94	12.293
726.26	11.750
726.58	11.965
726.90	12.735
727.22	12.885
727.54	13.120
727.86	12.513
728.18	13.055
728.50	12.864
728.82	12.328
729.14	12.387
729.46	12.555
729.78	12.760
730.10	12.888
730.42	13.067
730.74	13.358
731.07	12.856
731.39	13.672
731.71	13.783
732.03	13.379
732.35	13.341
732.66	13.197
732.98	12.322
733.30	12.174
733.62	12.036
733.94	11.531
734.26	10.436
734.58	10.739
734.90	10.622
735.22	10.443
735.54	11.112
735.86	11.764
736.18	11.473
736.50	12.010
736.82	12.387
737.14	12.790
737.46	12.251
737.78	12.817
738.10	12.811
738.41	12.219
738.73	12.538
739.05	12.230
739.37	11.497
739.69	11.414
740.01	11.715
740.33	11.316
740.65	10.799
740.96	11.644
741.28	10.910
741.60	10.345
741.92	10.164
742.24	9.698
742.56	10.337
742.88	10.529
743.19	11.360
743.51	10.986
743.83	10.864
744.15	11.017
744.47	9.820
744.78	10.087
745.10	10.203
745.42	9.692
745.74	8.681
746.06	7.565
746.37	8.203
746.69	7.939
747.01	9.150
747.33	8.479
747.64	7.841
747.96	8.847
748.28	9.358
748.60	9.417
748.91	9.698
749.23	9.873
749.55	9.427
749.87	8.317
750.18	8.366
750.50	7.524
750.82	7.455
751.13	8.039
751.45	7.325
751.77	6.848
752.08	6.701
752.40	6.426
752.72	8.548
753.03	9.117
753.35	10.059
753.67	9.295
753.98	9.807
754.30	10.311
754.62	9.821
754.93	10.355
755.25	10.528
755.57	9.460
755.88	9.498
756.20	8.386
756.51	8.827
756.83	8.067
757.15	7.981
757.46	7.532
757.78	7.159
758.09	6.766
758.41	6.319
758.73	5.673
759.04	7.056
759.36	7.749
759.67	7.518
759.99	6.044
760.30	5.113
760.62	5.549
760.94	5.384
761.25	5.653
761.57	6.451
761.88	6.509
762.20	6.974
762.51	6.923
762.83	5.546
763.14	4.911
763.46	5.200
763.77	5.647
764.09	5.107
764.40	4.544
764.72	4.405
765.03	4.753
765.35	5.110
765.66	5.238
765.98	5.387
766.29	6.632
766.61	6.500
766.92	7.417
767.23	7.390
767.55	8.830
767.86	9.805
768.18	11.011
768.49	10.947
768.81	10.782
769.12	10.008
769.43	8.961
769.75	8.524
770.06	7.858
770.38	6.620
770.69	7.148
771.00	6.993
771.32	6.594
771.63	6.708
771.94	5.897
772.26	5.772
772.57	6.127
772.89	8.018
773.20	7.139
773.51	8.968
773.83	8.956
774.14	8.469
774.45	7.929
774.77	7.090
775.08	5.086
775.39	5.710
775.70	5.037
776.02	5.275
776.33	5.080
776.64	5.783
776.96	3.011
777.27	2.945
777.58	3.499
777.89	4.355
778.21	4.632
778.52	5.784
778.83	5.331
779.14	5.742
779.46	7.096
779.77	6.788
780.08	6.350
780.39	7.656
780.71	9.561
781.02	9.415
781.33	8.794
781.64	7.839
781.95	7.291
782.27	8.178
782.58	7.097
782.89	4.976
783.20	3.506
783.51	3.718
783.83	4.122
784.14	3.321
784.45	4.149
784.76	4.822
785.07	3.668
785.38	4.492
785.70	3.156
786.01	5.423
786.32	5.840
786.63	6.912
786.94	7.618
787.25	7.525
787.56	7.182
787.87	5.425
788.18	3.253
788.50	5.978
788.81	6.447
789.12	5.286
789.43	3.003
789.74	3.511
790.05	3.618
790.36	2.456
790.67	2.165
790.98	1.694
791.29	3.709
791.60	5.399
791.91	5.126
792.22	2.042
792.53	3.501
792.84	4.769
793.15	3.146
793.46	1.674
793.77	1.287
794.08	1.547
794.39	0.138
794.70	-1.596
795.01	-5.250
795.32	-3.376
795.63	-0.323
795.94	-0.133
796.25	1.140
796.56	1.128
796.87	2.983
797.18	5.210
797.49	6.153
797.80	6.842
798.11	5.276
798.42	8.024
798.73	6.985
799.04	5.734
799.35	6.276
799.65	4.654
799.96	7.434
800.27	7.002
800.58	6.915
800.89	5.784
801.20	4.339
801.51	5.994
801.82	5.639
802.13	3.800
802.43	3.237
802.74	2.323
803.05	2.715
803.36	2.010
803.67	1.943
803.98	0.161
804.28	1.742
804.59	2.376
804.90	1.447
805.21	-2.274
805.52	-2.791
805.83	-2.449
806.13	-1.735
806.44	-2.141
806.75	-3.449
807.06	-11.334
807.36	-11.901
807.67	-15.315
807.98	-14.254
808.29	-11.898
808.60	-8.281
808.90	-6.505
809.21	-6.636
809.52	-7.893
809.83	-8.913
810.13	-11.331
810.44	-3.313
810.75	-5.373
811.05	-4.061
811.36	-0.254
811.67	-1.562
811.98	-0.307
812.28	-1.092
812.59	-0.700
812.90	0.526
813.20	1.347
813.51	-0.565
813.82	0.548
814.12	1.400
814.43	3.470
814.74	-3.067
815.04	-0.082
815.35	0.583
815.65	2.023
815.96	2.058
816.27	0.757
816.57	1.835
816.88	5.228
817.19	1.436
817.49	3.090
817.80	0.965
818.10	2.915
818.41	0.358
818.72	-0.727
819.02	1.456
819.33	0.762
819.63	0.754
819.94	0.514
820.24	4.435
820.55	6.488
820.85	7.225
821.16	6.957
821.47	7.243
821.77	7.699
822.08	7.790
822.38	7.176
822.69	7.479
822.99	7.328
823.30	7.632
823.60	6.855
823.91	6.723
824.21	6.008
824.52	6.102
824.82	5.650
825.13	5.282
825.43	5.008
825.73	5.292
826.04	4.956
826.34	5.827
826.65	5.076
826.95	4.648
827.26	3.982
827.56	5.027
827.87	5.331
828.17	6.109
828.47	6.575
828.78	6.239
829.08	4.463
829.39	4.179
829.69	2.365
829.99	1.928
830.30	0.336
830.60	2.781
830.90	3.557
831.21	0.522
831.51	1.337
831.82	-1.132
832.12	0.776
832.42	0.521
832.73	3.898
833.03	4.082
833.33	3.858
833.64	3.691
833.94	0.689
834.24	0.742
834.54	3.903
834.85	2.678
835.15	2.540
835.45	3.208
835.76	4.316
836.06	2.087
836.36	2.853
836.66	5.408
836.97	9.375
837.27	8.532
837.57	9.622
837.87	6.407
838.18	7.489
838.48	12.460
838.78	9.115
839.08	8.141
839.39	9.251
839.69	7.247
839.99	2.675
840.29	-2.928
840.59	3.517
840.90	-0.841
841.20	4.074
841.50	5.359
841.80	1.193
842.10	6.093
842.41	6.443
842.71	1.744
843.01	-0.298
843.31	-2.621
843.61	-4.469
843.91	-7.946
844.21	-8.893
844.52	-23.288
844.82	-32.731
845.12	-48.331
845.42	-71.599
845.72	-78.098
846.02	-73.813
846.32	-76.235
846.62	-74.231
846.92	-60.052
847.22	-51.042
847.52	-57.597
847.83	-53.157
848.13	-54.167
848.43	-33.974
848.73	-27.239
849.03	-19.859
849.33	-23.394
849.63	-10.230
849.93	-8.333
850.23	-5.137
850.53	-4.291
850.83	-0.715
851.13	8.758
851.43	9.389
851.73	2.349
852.03	-1.094
852.33	-7.031
852.63	-11.303
852.93	-14.880
853.23	-18.290
853.53	-12.854
853.83	-21.537
854.13	-10.283
854.43	-16.621
854.73	-17.237
855.03	-14.413
855.32	-14.878
855.62	-12.344
855.92	-8.235
856.22	-10.287
856.52	-20.036
856.82	-42.831
857.12	-20.398
857.42	-31.341
857.72	-32.110
858.02	-19.075
858.31	-22.154
858.61	-21.915
858.91	-32.258
859.21	-22.338
859.51	-43.488
859.81	-30.152
860.11	-18.610
860.40	-21.826
860.70	-31.169
861.00	-32.243
861.30	-57.143
861.60	-39.588
861.90	-14.016
862.19	-3.561
862.49	-8.116
862.79	-1.189
863.09	-0.644
863.39	-2.880
863.68	-21.548
863.98	-10.393
864.28	-5.450
864.58	-3.089
864.87	-7.402
865.17	-16.156
865.47	-13.742
865.77	-4.785
866.06	-11.893
866.36	-13.173
866.66	-7.313
866.96	3.339
867.25	13.986
867.55	9.930
867.85	8.426
868.14	8.819
868.44	4.628
868.74	-7.448
869.03	-16.460
869.33	0.262
869.63	-3.102
869.92	-8.712
870.22	-15.143
870.52	-25.850
870.81	-29.023
871.11	-33.277
871.41	-39.450
871.70	-53.023
872.00	-36.667
872.30	-23.048
872.59	-21.849
872.89	-8.333
873.18	-17.917
873.48	6.195
873.78	1.803
874.07	8.006
874.37	19.155
874.66	11.510
874.96	10.763
875.25	8.431
875.55	1.834
875.85	-11.747
876.14	-23.207
876.44	-9.125
876.73	-26.667
877.03	-22.414
877.32	-41.983
877.62	-79.808
877.91	-57.658
878.21	-45.055
878.50	-74.315
878.80	-70.550
879.09	-65.449
879.39	-45.455
879.68	-55.928
879.98	-41.880
880.27	-40.148
880.57	-37.877
880.86	-23.231
881.16	-13.201
881.45	-13.117
881.74	-8.919
882.04	-9.673
882.33	-5.797
882.63	-5.790
882.92	-5.051
883.22	-8.166
883.51	-8.256
883.80	-6.366
884.10	-10.044
884.39	-15.506
884.69	-16.733
884.98	-25.181
885.27	-23.665
885.57	-34.025
885.86	-41.030
886.15	-55.955
886.45	-52.139
886.74	-47.591
887.03	-55.159
887.33	-66.522
887.62	-72.654
887.91	10.000
888.21	15.929
888.50	-35.211
888.79	1357.143
889.09	710.000
