190.56	277.273
190.94	277.273
191.32	277.273
191.70	-56.075
192.08	360.000
192.46	1622.500
192.84	-2350.943
193.22	-1012.712
193.60	-903.175
193.98	-28575.000
194.36	-2247.917
194.74	-1603.077
195.13	-6300.000
195.51	-1378.261
195.89	-1525.373
196.27	-13650.000
196.65	6547.059
197.03	792.157
197.40	619.905
197.78	693.659
198.16	700.922
198.54	635.686
198.92	910.734
199.30	1092.361
199.68	1395.455
200.06	4317.143
200.44	-4180.000
200.82	-1675.000
201.20	-713.402
201.58	-685.859
201.96	-352.149
202.34	-245.238
202.72	-182.056
203.10	-173.641
203.48	-178.049
203.86	-226.488
204.24	-225.934
204.62	-160.104
205.00	-157.645
205.38	-137.898
205.76	-121.345
206.13	-157.360
206.51	-198.606
206.89	-240.275
207.27	-315.385
207.65	-379.808
208.03	-354.006
208.41	-370.760
208.79	-575.720
209.17	-676.818
209.55	-1105.674
209.93	-1086.111
210.30	-926.220
210.68	-703.271
211.06	-653.125
211.44	-542.803
211.82	-568.110
212.20	-422.289
212.58	-359.459
212.96	-365.067
213.33	-266.595
213.71	-255.745
214.09	-288.863
214.47	-242.977
214.85	-221.344
215.23	-207.343
215.61	-204.491
215.98	-192.230
216.36	-217.486
216.74	-253.082
217.12	-230.839
217.50	-219.730
217.88	-236.047
218.25	-223.737
218.63	-256.866
219.01	-278.694
219.39	-241.951
219.77	-206.497
220.14	-182.197
220.52	-156.813
220.90	-140.188
221.28	-129.604
221.66	-134.800
222.03	-115.775
222.41	-98.108
222.79	-96.496
223.17	-97.088
223.55	-97.756
223.92	-85.154
224.30	-69.349
224.68	-67.502
225.06	-56.522
225.43	-54.195
225.81	-46.575
226.19	-41.199
226.57	-34.123
226.95	-24.201
227.32	-19.071
227.70	-16.519
228.08	-16.126
228.46	-16.465
228.83	-15.328
229.21	-15.806
229.59	-13.975
229.96	-14.948
230.34	-14.630
230.72	-16.020
231.10	-17.901
231.47	-19.314
231.85	-21.381
232.23	-22.633
232.60	-21.693
232.98	-22.917
233.36	-21.447
233.74	-20.974
234.11	-21.163
234.49	-21.594
234.87	-19.849
235.24	-20.924
235.62	-19.280
236.00	-19.417
236.37	-20.389
236.75	-19.503
237.13	-18.498
237.50	-19.765
237.88	-19.853
238.26	-18.931
238.63	-18.477
239.01	-18.932
239.39	-16.674
239.76	-15.920
240.14	-13.852
240.52	-11.918
240.89	-11.441
241.27	-9.740
241.65	-8.486
242.02	-7.855
242.40	-7.343
242.77	-6.750
243.15	-6.242
243.53	-5.819
243.90	-5.644
244.28	-5.254
244.66	-5.420
245.03	-5.275
245.41	-5.333
245.78	-4.883
246.16	-4.991
246.54	-4.634
246.91	-4.373
247.29	-4.272
247.66	-4.198
248.04	-4.300
248.41	-4.668
248.79	-4.744
249.17	-5.034
249.54	-5.265
249.92	-5.819
250.29	-6.034
250.67	-6.150
251.04	-6.446
251.42	-7.064
251.80	-7.514
252.17	-7.572
252.55	-7.305
252.92	-6.794
253.30	-6.824
253.67	-6.643
254.05	-6.867
254.42	-7.097
254.80	-7.247
255.17	-7.577
255.55	-7.045
255.92	-7.250
256.30	-6.858
256.67	-6.422
257.05	-6.589
257.42	-5.900
257.80	-5.782
258.17	-4.855
258.55	-3.824
258.92	-3.473
259.30	-3.178
259.67	-3.013
260.05	-2.722
260.42	-2.775
260.80	-2.637
261.17	-2.211
261.55	-2.288
261.92	-2.575
262.30	-2.909
262.67	-3.378
263.05	-3.841
263.42	-4.271
263.79	-4.343
264.17	-4.343
264.54	-4.039
264.92	-4.083
265.29	-4.252
265.67	-4.295
266.04	-3.959
266.42	-3.778
266.79	-3.834
267.16	-3.620
267.54	-3.151
267.91	-3.019
268.29	-2.930
268.66	-3.013
269.03	-3.063
269.41	-3.046
269.78	-2.846
270.16	-2.624
270.53	-2.594
270.90	-2.617
271.28	-2.469
271.65	-2.647
272.03	-2.638
272.40	-2.445
272.77	-2.650
273.15	-2.598
273.52	-2.768
273.89	-2.694
274.27	-2.779
274.64	-2.664
275.01	-2.540
275.39	-2.544
275.76	-2.219
276.14	-2.214
276.51	-2.537
276.88	-2.317
277.26	-2.368
277.63	-2.122
278.00	-2.325
278.38	-2.436
278.75	-2.521
279.12	-2.621
279.49	-2.660
279.87	-2.744
280.24	-2.585
280.61	-2.324
280.99	-2.179
281.36	-1.947
281.73	-2.016
282.11	-1.790
282.48	-1.790
282.85	-1.664
283.22	-1.408
283.60	-1.578
283.97	-1.604
284.34	-1.672
284.71	-1.874
285.09	-1.859
285.46	-2.049
285.83	-1.889
286.21	-2.118
286.58	-1.973
286.95	-2.156
287.32	-2.301
287.70	-2.245
288.07	-2.187
288.44	-2.043
288.81	-1.902
289.18	-1.849
289.56	-1.570
289.93	-1.731
290.30	-1.298
290.67	-1.272
291.05	-1.108
291.42	-1.082
291.79	-0.799
292.16	-0.771
292.53	-0.745
292.91	-0.597
293.28	-0.616
293.65	-0.666
294.02	-0.515
294.39	-0.459
294.76	-0.333
295.14	-0.271
295.51	-0.193
295.88	-0.273
296.25	-0.126
296.62	-0.210
297.00	-0.211
297.37	-0.379
297.74	-0.313
298.11	-0.431
298.48	-0.523
298.85	-0.600
299.22	-0.593
299.60	-0.488
299.97	-0.501
300.34	-0.726
300.71	-0.649
301.08	-0.700
301.45	-0.436
301.82	-0.432
302.19	-0.222
302.56	-0.431
302.94	-0.279
303.31	-0.386
303.68	-0.415
304.05	-0.583
304.42	-0.676
304.79	-0.806
305.16	-0.900
305.53	-1.041
305.90	-1.302
306.27	-1.304
306.64	-1.077
307.02	-1.182
307.39	-1.215
307.76	-1.374
308.13	-0.786
308.50	-0.571
308.87	-0.667
309.24	-0.309
309.61	-0.216
309.98	-0.111
310.35	-0.277
310.72	-0.388
311.09	-0.337
311.46	-0.491
311.83	-0.397
312.20	-0.668
312.57	-0.748
312.94	-0.547
313.31	-0.698
313.68	-0.795
314.05	-0.814
314.42	-0.825
314.79	-0.753
315.16	-0.832
315.53	-0.612
315.90	-0.626
316.27	-0.691
316.64	-0.623
317.01	-0.763
317.38	-0.965
317.75	-0.919
318.12	-1.095
318.49	-0.958
318.86	-1.036
319.23	-1.022
319.60	-1.078
319.97	-1.414
320.34	-1.581
320.71	-1.635
321.08	-1.509
321.45	-1.410
321.82	-1.262
322.19	-1.075
322.55	-1.146
322.92	-1.054
323.29	-1.096
323.66	-1.011
324.03	-0.747
324.40	-0.820
324.77	-0.833
325.14	-0.732
325.51	-0.796
325.88	-0.819
326.25	-0.886
326.61	-0.892
326.98	-1.132
327.35	-0.923
327.72	-0.942
328.09	-0.912
328.46	-0.825
328.83	-0.704
329.20	-0.736
329.56	-0.668
329.93	-0.672
330.30	-0.662
330.67	-0.384
331.04	-0.079
331.41	-0.173
331.78	-0.077
332.14	-0.301
332.51	-0.135
332.88	-0.373
333.25	-0.443
333.62	-0.453
333.99	-0.418
334.35	-0.443
334.72	-0.656
335.09	-0.790
335.46	-0.754
335.83	-0.758
336.19	-0.503
336.56	-0.715
336.93	-0.672
337.30	-0.683
337.67	-0.735
338.03	-0.696
338.40	-0.633
338.77	-0.652
339.14	-0.595
339.50	-0.809
339.87	-0.865
340.24	-1.104
340.61	-0.944
340.97	-0.976
341.34	-1.068
341.71	-0.940
342.08	-1.131
342.44	-1.238
342.81	-1.291
343.18	-1.279
343.55	-1.031
343.91	-1.120
344.28	-0.931
344.65	-1.006
345.02	-1.011
345.38	-0.947
345.75	-1.104
346.12	-0.989
346.48	-1.026
346.85	-0.960
347.22	-0.970
347.59	-1.201
347.95	-1.346
348.32	-1.479
348.69	-1.318
349.05	-1.211
349.42	-1.237
349.79	-1.311
350.15	-1.328
350.52	-1.280
350.89	-1.331
351.25	-1.513
351.62	-1.468
351.99	-1.446
352.35	-1.516
352.72	-1.762
353.09	-1.615
353.45	-1.648
353.82	-1.521
354.18	-1.534
354.55	-1.460
354.92	-1.452
355.28	-1.426
355.65	-1.291
356.02	-1.259
356.38	-1.203
356.75	-1.085
357.11	-1.275
357.48	-1.263
357.85	-1.283
358.21	-1.272
358.58	-1.215
358.94	-1.187
359.31	-1.088
359.67	-1.163
360.04	-1.094
360.41	-0.986
360.77	-1.054
361.14	-0.903
361.50	-0.818
361.87	-0.791
362.23	-0.782
362.60	-0.872
362.97	-0.946
363.33	-0.971
363.70	-1.100
364.06	-1.224
364.43	-1.438
364.79	-1.447
365.16	-1.491
365.52	-1.547
365.89	-1.643
366.25	-1.641
366.62	-1.694
366.98	-1.636
367.35	-1.651
367.71	-1.624
368.08	-1.532
368.44	-1.520
368.81	-1.373
369.17	-1.507
369.54	-1.566
369.90	-1.534
370.27	-1.522
370.63	-1.469
371.00	-1.465
371.36	-1.408
371.73	-1.283
372.09	-1.383
372.45	-1.133
372.82	-1.298
373.18	-1.332
373.55	-1.260
373.91	-1.215
374.28	-1.268
374.64	-1.340
375.01	-1.205
375.37	-1.212
375.73	-1.152
376.10	-1.095
376.46	-1.175
376.83	-1.073
377.19	-1.054
377.55	-1.061
377.92	-1.070
378.28	-0.997
378.65	-0.802
379.01	-0.865
379.37	-0.867
379.74	-0.946
380.10	-0.970
380.47	-0.991
380.83	-0.994
381.19	-0.832
381.56	-0.908
381.92	-0.840
382.28	-0.732
382.65	-0.700
383.01	-0.672
383.37	-0.606
383.74	-0.451
384.10	-0.324
384.46	-0.244
384.83	-0.221
385.19	-0.220
385.55	-0.104
385.92	0.033
386.28	-0.002
386.64	-0.072
387.01	-0.041
387.37	-0.097
387.73	-0.045
388.10	0.017
388.46	0.091
388.82	0.188
389.18	0.188
389.55	0.270
389.91	0.212
390.27	0.209
390.64	0.398
391.00	0.432
391.36	0.468
391.72	0.410
392.09	0.447
392.45	0.406
392.81	0.402
393.17	0.432
393.54	0.351
393.90	0.368
394.26	0.480
394.62	0.370
394.99	0.384
395.35	0.426
395.71	0.408
396.07	0.308
396.43	0.357
396.80	0.336
397.16	0.342
397.52	0.370
397.88	0.388
398.24	0.253
398.61	0.205
398.97	0.173
399.33	0.224
399.69	0.304
400.05	0.301
400.42	0.234
400.78	0.251
401.14	0.214
401.50	0.318
401.86	0.418
402.22	0.461
402.59	0.536
402.95	0.601
403.31	0.653
403.67	0.715
404.03	0.884
404.39	1.006
404.75	1.052
405.12	1.167
405.48	1.092
405.84	1.126
406.20	1.219
406.56	1.351
406.92	1.360
407.28	1.388
407.64	1.355
408.00	1.323
408.36	1.266
408.73	1.261
409.09	1.171
409.45	1.323
409.81	1.264
410.17	1.206
410.53	1.132
410.89	1.202
411.25	1.205
411.61	1.236
411.97	1.331
412.33	1.419
412.69	1.490
413.05	1.590
413.41	1.516
413.77	1.506
414.13	1.549
414.50	1.589
414.86	1.554
415.22	1.559
415.58	1.583
415.94	1.527
416.30	1.581
416.66	1.651
417.02	1.740
417.38	1.764
417.74	1.888
418.10	1.931
418.46	1.950
418.82	2.026
419.18	2.098
419.54	2.151
419.90	2.242
420.26	2.290
420.61	2.319
420.97	2.248
421.33	2.288
421.69	2.266
422.05	2.264
422.41	2.303
422.77	2.278
423.13	2.279
423.49	2.251
423.85	2.231
424.21	2.223
424.57	2.197
424.93	2.243
425.29	2.242
425.65	2.272
426.01	2.284
426.36	2.312
426.72	2.368
427.08	2.362
427.44	2.429
427.80	2.505
428.16	2.417
428.52	2.405
428.88	2.365
429.24	2.403
429.59	2.337
429.95	2.360
430.31	2.321
430.67	2.300
431.03	2.349
431.39	2.295
431.75	2.211
432.10	2.244
432.46	2.318
432.82	2.348
433.18	2.358
433.54	2.385
433.90	2.402
434.25	2.379
434.61	2.454
434.97	2.420
435.33	2.485
435.69	2.466
436.04	2.518
436.40	2.547
436.76	2.622
437.12	2.655
437.48	2.714
437.83	2.749
438.19	2.806
438.55	2.762
438.91	2.799
439.27	2.812
439.62	2.891
439.98	2.839
440.34	2.780
440.70	2.755
441.05	2.723
441.41	2.784
441.77	2.810
442.13	2.843
442.48	2.840
442.84	2.862
443.20	2.803
443.56	2.851
443.91	2.914
444.27	2.923
444.63	2.970
444.98	3.031
445.34	2.958
445.70	2.916
446.05	2.899
446.41	2.938
446.77	2.963
447.13	3.001
447.48	2.947
447.84	2.891
448.20	2.879
448.55	2.795
448.91	2.774
449.27	2.772
449.62	2.743
449.98	2.739
450.34	2.706
450.69	2.620
451.05	2.588
451.40	2.547
451.76	2.599
452.12	2.590
452.47	2.673
452.83	2.598
453.19	2.575
453.54	2.591
453.90	2.567
454.25	2.603
454.61	2.624
454.97	2.594
455.32	2.624
455.68	2.640
456.03	2.670
456.39	2.658
456.75	2.687
457.10	2.739
457.46	2.764
457.81	2.811
458.17	2.783
458.52	2.815
458.88	2.878
459.24	2.872
459.59	2.860
459.95	2.879
460.30	2.870
460.66	2.901
461.01	2.887
461.37	2.888
461.72	2.870
462.08	2.873
462.43	2.848
462.79	2.823
463.14	2.833
463.50	2.842
463.85	2.789
464.21	2.769
464.56	2.750
464.92	2.726
465.27	2.684
465.63	2.675
465.98	2.645
466.34	2.623
466.69	2.658
467.05	2.663
467.40	2.690
467.76	2.728
468.11	2.754
468.47	2.740
468.82	2.777
469.18	2.770
469.53	2.724
469.88	2.757
470.24	2.758
470.59	2.697
470.95	2.664
471.30	2.639
471.66	2.655
472.01	2.691
472.36	2.766
472.72	2.773
473.07	2.819
473.43	2.873
473.78	2.849
474.13	2.865
474.49	2.904
474.84	2.935
475.19	2.945
475.55	2.921
475.90	2.900
476.26	2.827
476.61	2.796
476.96	2.795
477.32	2.828
477.67	2.882
478.02	2.917
478.38	2.928
478.73	2.926
479.08	2.924
479.44	2.948
479.79	2.977
480.14	2.995
480.50	3.035
480.85	3.066
481.20	3.045
481.56	3.040
481.91	3.014
482.26	3.048
482.62	3.118
482.97	3.165
483.32	3.193
483.67	3.195
484.03	3.214
484.38	3.229
484.73	3.210
485.08	3.228
485.44	3.211
485.79	3.252
486.14	3.239
486.49	3.210
486.85	3.194
487.20	3.188
487.55	3.202
487.90	3.215
488.26	3.233
488.61	3.263
488.96	3.247
489.31	3.262
489.67	3.251
490.02	3.246
490.37	3.241
490.72	3.245
491.07	3.247
491.43	3.240
491.78	3.220
492.13	3.182
492.48	3.184
492.83	3.195
493.19	3.198
493.54	3.176
493.89	3.192
494.24	3.162
494.59	3.120
494.94	3.036
495.29	3.002
495.65	3.005
496.00	2.985
496.35	2.964
496.70	2.904
497.05	2.963
497.40	2.956
497.75	2.980
498.11	3.006
498.46	3.013
498.81	3.047
499.16	3.093
499.51	3.050
499.86	3.068
500.21	3.039
500.56	3.077
500.91	3.039
501.26	3.057
501.62	3.092
501.97	3.074
502.32	3.056
502.67	3.106
503.02	3.052
503.37	3.105
503.72	3.087
504.07	3.115
504.42	3.134
504.77	3.129
505.12	3.190
505.47	3.132
505.82	3.163
506.17	3.210
506.52	3.145
506.87	3.098
507.22	3.080
507.57	3.097
507.92	3.112
508.27	3.115
508.62	3.093
508.97	3.045
509.32	3.096
509.67	3.069
510.02	3.025
510.37	3.065
510.72	3.123
511.07	3.163
511.42	3.192
511.77	3.193
512.12	3.203
512.47	3.221
512.82	3.231
513.17	3.185
513.52	3.194
513.87	3.188
514.22	3.176
514.57	3.181
514.91	3.137
515.26	3.123
515.61	3.143
515.96	3.094
516.31	3.143
516.66	3.124
517.01	3.104
517.36	3.132
517.71	3.159
518.06	3.180
518.41	3.222
518.75	3.247
519.10	3.230
519.45	3.211
519.80	3.246
520.15	3.260
520.50	3.265
520.85	3.304
521.19	3.269
521.54	3.292
521.89	3.282
522.24	3.228
522.59	3.211
522.94	3.247
523.28	3.240
523.63	3.295
523.98	3.259
524.33	3.286
524.68	3.306
525.03	3.351
525.37	3.338
525.72	3.333
526.07	3.354
526.42	3.359
526.76	3.397
527.11	3.429
527.46	3.437
527.81	3.473
528.16	3.516
528.50	3.518
528.85	3.543
529.20	3.570
529.55	3.603
529.89	3.613
530.24	3.648
530.59	3.650
530.94	3.637
531.28	3.627
531.63	3.582
531.98	3.564
532.32	3.558
532.67	3.584
533.02	3.577
533.37	3.554
533.71	3.562
534.06	3.578
534.41	3.591
534.75	3.647
535.10	3.680
535.45	3.728
535.79	3.731
536.14	3.746
536.49	3.660
536.83	3.693
537.18	3.739
537.53	3.772
537.87	3.742
538.22	3.731
538.57	3.689
538.91	3.680
539.26	3.678
539.61	3.686
539.95	3.713
540.30	3.782
540.64	3.812
540.99	3.827
541.34	3.828
541.68	3.867
542.03	3.875
542.37	3.903
542.72	3.914
543.07	3.916
543.41	3.957
543.76	3.943
544.10	3.935
544.45	3.869
544.80	3.826
545.14	3.802
545.49	3.829
545.83	3.837
546.18	3.831
546.52	3.816
546.87	3.849
547.21	3.866
547.56	3.918
547.90	3.936
548.25	3.991
548.59	4.070
548.94	4.067
549.29	4.016
549.63	4.013
549.98	4.004
550.32	4.032
550.67	4.081
551.01	3.946
551.35	3.962
551.70	3.960
552.04	3.897
552.39	3.880
552.73	3.966
553.08	4.015
553.42	4.006
553.77	4.029
554.11	4.007
554.46	3.977
554.80	4.015
555.15	3.976
555.49	3.945
555.83	4.041
556.18	3.990
556.52	3.937
556.87	3.877
557.21	3.886
557.56	3.864
557.90	3.946
558.24	3.977
558.59	4.043
558.93	4.038
559.28	4.063
559.62	4.041
559.96	4.037
560.31	4.061
560.65	4.040
560.99	4.046
561.34	4.097
561.68	4.078
562.02	4.016
562.37	4.000
562.71	4.046
563.06	4.057
563.40	4.055
563.74	4.133
564.09	4.173
564.43	4.233
564.77	4.235
565.11	4.195
565.46	4.192
565.80	4.222
566.14	4.234
566.49	4.223
566.83	4.244
567.17	4.292
567.52	4.279
567.86	4.248
568.20	4.290
568.54	4.319
568.89	4.354
569.23	4.371
569.57	4.364
569.91	4.333
570.26	4.380
570.60	4.427
570.94	4.405
571.28	4.404
571.63	4.374
571.97	4.374
572.31	4.363
572.65	4.379
573.00	4.361
573.34	4.407
573.68	4.507
574.02	4.449
574.36	4.451
574.71	4.411
575.05	4.421
575.39	4.436
575.73	4.400
576.07	4.414
576.42	4.464
576.76	4.541
577.10	4.506
577.44	4.453
577.78	4.434
578.12	4.357
578.46	4.394
578.81	4.331
579.15	4.366
579.49	4.384
579.83	4.364
580.17	4.322
580.51	4.256
580.85	4.210
581.20	4.172
581.54	4.218
581.88	4.227
582.22	4.276
582.56	4.390
582.90	4.368
583.24	4.336
583.58	4.292
583.92	4.256
584.26	4.238
584.60	4.318
584.95	4.308
585.29	4.310
585.63	4.328
585.97	4.285
586.31	4.234
586.65	4.247
586.99	4.238
587.33	4.333
587.67	4.396
588.01	4.416
588.35	4.366
588.69	4.424
589.03	4.462
589.37	4.507
589.71	4.477
590.05	4.475
590.39	4.441
590.73	4.446
591.07	4.442
591.41	4.434
591.75	4.450
592.09	4.466
592.43	4.482
592.77	4.491
593.11	4.445
593.45	4.469
593.79	4.519
594.13	4.640
594.47	4.734
594.81	4.725
595.14	4.703
595.48	4.760
595.82	4.750
596.16	4.788
596.50	4.791
596.84	4.769
597.18	4.761
597.52	4.743
597.86	4.729
598.20	4.661
598.54	4.685
598.87	4.708
599.21	4.656
599.55	4.663
599.89	4.487
600.23	4.390
600.57	4.375
600.91	4.360
601.25	4.365
601.58	4.327
601.92	4.294
602.26	4.309
602.60	4.304
602.94	4.326
603.28	4.333
603.61	4.423
603.95	4.504
604.29	4.585
604.63	4.656
604.97	4.633
605.30	4.629
605.64	4.703
605.98	4.681
606.32	4.652
606.66	4.648
606.99	4.707
607.33	4.785
607.67	4.780
608.01	4.790
608.34	4.745
608.68	4.740
609.02	4.705
609.36	4.677
609.69	4.609
610.03	4.643
610.37	4.645
610.71	4.663
611.04	4.578
611.38	4.598
611.72	4.583
612.06	4.593
612.39	4.578
612.73	4.594
613.07	4.634
613.40	4.618
613.74	4.635
614.08	4.632
614.41	4.557
614.75	4.595
615.09	4.581
615.42	4.499
615.76	4.581
616.10	4.612
616.43	4.710
616.77	4.701
617.11	4.752
617.44	4.755
617.78	4.743
618.12	4.780
618.45	4.880
618.79	4.851
619.13	4.902
619.46	4.857
619.80	4.867
620.13	4.849
620.47	4.766
620.81	4.829
621.14	4.882
621.48	4.922
621.81	4.887
622.15	4.754
622.48	4.756
622.82	4.818
623.16	4.806
623.49	4.830
623.83	4.805
624.16	4.884
624.50	4.833
624.83	4.796
625.17	4.797
625.50	4.725
625.84	4.803
626.18	4.788
626.51	4.659
626.85	4.691
627.18	4.709
627.52	4.685
627.85	4.688
628.19	4.824
628.52	4.849
628.86	4.818
629.19	4.962
629.53	4.881
629.86	4.893
630.19	4.912
630.53	4.867
630.86	4.777
631.20	4.789
631.53	4.773
631.87	4.613
632.20	4.599
632.54	4.582
632.87	4.500
633.20	4.471
633.54	4.591
633.87	4.579
634.21	4.579
634.54	4.727
634.88	4.748
635.21	4.731
635.54	4.748
635.88	4.735
636.21	4.782
636.55	4.749
636.88	4.775
637.21	4.636
637.55	4.538
637.88	4.517
638.21	4.463
638.55	4.468
638.88	4.424
639.21	4.350
639.55	4.257
639.88	4.195
640.21	4.238
640.55	4.141
640.88	4.155
641.21	4.216
641.55	4.170
641.88	3.985
642.21	3.940
642.55	3.933
642.88	4.043
643.21	4.060
643.55	4.026
643.88	4.039
644.21	4.104
644.54	3.969
644.88	3.978
645.21	4.083
645.54	4.144
645.87	4.259
646.21	4.273
646.54	4.261
646.87	4.125
647.20	3.996
647.54	3.984
647.87	4.028
648.20	4.059
648.53	4.148
648.87	4.001
649.20	3.991
649.53	3.926
649.86	3.873
650.19	3.735
650.53	3.964
650.86	4.005
651.19	3.865
651.52	3.816
651.85	3.867
652.18	3.815
652.52	3.897
652.85	3.921
653.18	3.803
653.51	3.928
653.84	4.015
654.17	3.861
654.51	3.821
654.84	3.981
655.17	3.793
655.50	3.714
655.83	3.725
656.16	3.574
656.49	3.363
656.82	3.216
657.15	3.088
657.49	3.018
657.82	3.072
658.15	3.125
658.48	2.922
658.81	3.260
659.14	3.207
659.47	3.394
659.80	3.450
660.13	3.564
660.46	3.568
660.79	3.571
661.12	3.524
661.45	3.450
661.78	3.423
662.11	3.456
662.44	3.200
662.77	3.086
663.10	2.657
663.43	2.502
663.76	2.363
664.09	2.287
664.42	2.199
664.75	2.213
665.08	1.978
665.41	1.904
665.74	1.962
666.07	1.855
666.40	1.940
666.73	1.859
667.06	1.842
667.39	1.946
667.72	1.955
668.05	1.980
668.38	1.887
668.71	1.748
669.04	1.750
669.37	1.613
669.70	1.636
670.03	1.540
670.36	1.574
670.69	1.465
671.01	1.219
671.34	0.965
671.67	0.895
672.00	0.727
672.33	0.782
672.66	0.528
672.99	0.444
673.32	0.234
673.64	0.162
673.97	-0.032
674.30	0.048
674.63	0.060
674.96	0.172
675.29	-0.051
675.62	-0.119
675.94	-0.173
676.27	-0.089
676.60	-0.299
676.93	-0.154
677.26	-0.203
677.58	-0.230
677.91	-0.523
678.24	-0.774
678.57	-0.973
678.90	-0.958
679.22	-1.016
679.55	-1.036
679.88	-1.257
680.21	-1.233
680.54	-1.472
680.86	-1.475
681.19	-1.462
681.52	-1.432
681.85	-1.368
682.17	-1.391
682.50	-1.619
682.83	-1.788
683.16	-1.907
683.48	-2.129
683.81	-2.365
684.14	-2.563
684.46	-3.006
684.79	-3.104
685.12	-3.374
685.45	-3.641
685.77	-3.869
686.10	-3.988
686.43	-4.098
686.75	-4.263
687.08	-4.260
687.41	-4.416
687.73	-4.389
688.06	-4.467
688.39	-4.832
688.71	-4.980
689.04	-5.101
689.36	-5.156
689.69	-5.568
690.02	-5.615
690.34	-5.761
690.67	-5.911
691.00	-5.945
691.32	-6.330
691.65	-6.617
691.97	-6.729
692.30	-7.240
692.63	-7.561
692.95	-7.994
693.28	-8.152
693.60	-8.580
693.93	-8.683
694.26	-9.010
694.58	-9.375
694.91	-9.627
695.23	-9.788
695.56	-9.840
695.88	-9.673
696.21	-9.747
696.53	-9.723
696.86	-9.649
697.18	-9.731
697.51	-10.020
697.83	-9.990
698.16	-10.086
698.48	-10.343
698.81	-10.330
699.13	-10.624
699.46	-10.986
699.78	-11.147
700.11	-11.421
700.43	-11.976
700.76	-12.513
701.08	-13.034
701.41	-13.681
701.73	-13.978
702.06	-14.281
702.38	-14.585
702.71	-15.148
703.03	-15.468
703.35	-16.137
703.68	-16.676
704.00	-16.924
704.33	-16.942
704.65	-17.276
704.98	-17.386
705.30	-17.730
705.62	-18.070
705.95	-18.726
706.27	-18.542
706.60	-18.716
706.92	-19.057
707.24	-19.174
707.57	-19.366
707.89	-19.668
708.21	-19.581
708.54	-19.799
708.86	-19.889
709.18	-20.077
709.51	-20.768
709.83	-21.467
710.15	-21.835
710.48	-22.012
710.80	-22.369
711.12	-22.679
711.45	-23.146
711.77	-23.885
712.09	-23.855
712.42	-24.337
712.74	-24.842
713.06	-24.520
713.38	-25.035
713.71	-25.196
714.03	-25.153
714.35	-25.198
714.68	-25.662
715.00	-26.065
715.32	-25.984
715.64	-26.850
715.97	-27.392
716.29	-27.719
716.61	-27.669
716.93	-27.890
717.25	-28.050
717.58	-28.678
717.90	-28.920
718.22	-28.851
718.54	-28.990
718.87	-29.708
719.19	-29.612
719.51	-30.077
719.83	-30.086
720.15	-31.422
720.47	-31.199
720.80	-31.622
721.12	-32.114
721.44	-32.637
721.76	-32.998
722.08	-33.268
722.40	-33.764
722.73	-34.569
723.05	-34.143
723.37	-34.904
723.69	-34.638
724.01	-35.426
724.33	-36.150
724.65	-36.329
724.97	-37.100
725.30	-37.759
725.62	-38.246
725.94	-38.669
726.26	-39.391
726.58	-39.971
726.90	-39.997
727.22	-40.283
727.54	-40.791
727.86	-41.313
728.18	-41.392
728.50	-41.212
728.82	-41.018
729.14	-40.879
729.46	-40.663
729.78	-41.415
730.10	-42.738
730.42	-42.472
730.74	-43.092
731.07	-43.431
731.39	-43.393
731.71	-44.120
732.03	-44.052
732.35	-45.343
732.66	-45.806
732.98	-45.498
733.30	-45.192
733.62	-44.927
733.94	-46.313
734.26	-46.928
734.58	-47.336
734.90	-47.894
735.22	-48.259
735.54	-48.706
735.86	-47.790
736.18	-48.965
736.50	-49.796
736.82	-48.865
737.14	-48.913
737.46	-48.427
737.78	-48.028
738.10	-47.418
738.41	-47.386
738.73	-47.766
739.05	-48.215
739.37	-48.798
739.69	-47.376
740.01	-47.888
740.33	-49.547
740.65	-49.698
740.96	-50.120
741.28	-50.457
741.60	-50.753
741.92	-51.298
742.24	-50.504
742.56	-51.210
742.88	-51.623
743.19	-53.808
743.51	-53.958
743.83	-55.661
744.15	-55.501
744.47	-55.942
744.78	-55.514
745.10	-57.603
745.42	-57.498
745.74	-57.135
746.06	-56.985
746.37	-57.903
746.69	-57.846
747.01	-57.691
747.33	-55.821
747.64	-56.475
747.96	-57.220
748.28	-59.540
748.60	-57.510
748.91	-57.569
749.23	-58.026
749.55	-58.825
749.87	-58.193
750.18	-57.931
750.50	-58.058
750.82	-58.236
751.13	-57.585
751.45	-57.860
751.77	-57.639
752.08	-58.868
752.40	-59.842
752.72	-60.684
753.03	-62.618
753.35	-62.830
753.67	-61.357
753.98	-62.424
754.30	-64.285
754.62	-67.032
754.93	-65.333
755.25	-64.203
755.57	-64.747
755.88	-63.849
756.20	-63.053
756.51	-60.275
756.83	-59.698
757.15	-61.372
757.46	-59.683
757.78	-56.864
758.09	-55.885
758.41	-57.712
758.73	-58.107
759.04	-58.782
759.36	-60.488
759.67	-63.529
759.99	-63.767
760.30	-65.263
760.62	-64.905
760.94	-65.012
761.25	-65.554
761.57	-65.650
761.88	-63.022
762.20	-61.898
762.51	-61.658
762.83	-60.939
763.14	-58.991
763.46	-58.728
763.77	-57.439
764.09	-57.205
764.40	-58.345
764.72	-57.681
765.03	-56.838
765.35	-59.326
765.66	-60.768
765.98	-60.852
766.29	-61.562
766.61	-62.637
766.92	-64.677
767.23	-66.229
767.55	-67.899
767.86	-68.713
768.18	-70.237
768.49	-71.451
768.81	-70.849
769.12	-70.726
769.43	-69.780
769.75	-69.169
770.06	-69.759
770.38	-68.717
770.69	-70.138
771.00	-67.502
771.32	-67.975
771.63	-69.091
771.94	-69.229
772.26	-68.274
772.57	-67.911
772.89	-68.819
773.20	-69.239
773.51	-68.913
773.83	-69.329
774.14	-66.323
774.45	-67.261
774.77	-65.032
775.08	-68.132
775.39	-70.428
775.70	-70.527
776.02	-71.121
776.33	-70.860
776.64	-70.272
776.96	-71.900
777.27	-72.619
777.58	-74.153
777.89	-78.029
778.21	-81.787
778.52	-81.212
778.83	-79.116
779.14	-79.367
779.46	-80.211
779.77	-79.503
780.08	-79.748
780.39	-78.255
780.71	-78.623
781.02	-78.299
781.33	-75.046
781.64	-71.480
781.95	-67.426
782.27	-67.046
782.58	-66.267
782.89	-64.173
783.20	-64.193
783.51	-64.478
783.83	-66.862
784.14	-68.276
784.45	-69.705
784.76	-69.242
785.07	-70.094
785.38	-69.199
785.70	-71.050
786.01	-72.855
786.32	-75.106
786.63	-75.225
786.94	-76.954
787.25	-73.356
787.56	-74.995
787.87	-77.778
788.18	-80.222
788.50	-82.109
788.81	-86.377
789.12	-86.917
789.43	-86.236
789.74	-84.142
790.05	-86.396
790.36	-86.300
790.67	-90.634
790.98	-90.422
791.29	-87.265
791.60	-87.887
791.91	-90.296
792.22	-91.239
792.53	-91.507
792.84	-91.653
793.15	-95.072
793.46	-95.955
793.77	-93.682
794.08	-91.077
794.39	-89.217
794.70	-88.596
795.01	-85.718
795.32	-82.748
795.63	-80.639
795.94	-79.589
796.25	-80.220
796.56	-79.423
796.87	-78.288
797.18	-79.204
797.49	-79.207
797.80	-77.113
798.11	-77.148
798.42	-80.194
798.73	-79.051
799.04	-82.931
799.35	-81.813
799.65	-85.210
799.96	-85.691
800.27	-86.174
800.58	-85.818
800.89	-87.809
801.20	-87.552
801.51	-87.124
801.82	-90.750
802.13	-94.118
802.43	-91.902
802.74	-93.271
803.05	-86.385
803.36	-86.492
803.67	-84.409
803.98	-83.386
804.28	-81.396
804.59	-80.586
804.90	-83.592
805.21	-78.992
805.52	-75.775
805.83	-75.081
806.13	-72.266
806.44	-76.190
806.75	-75.951
807.06	-79.421
807.36	-82.255
807.67	-85.161
807.98	-88.312
808.29	-89.210
808.60	-93.232
808.90	-98.835
809.21	-100.303
809.52	-107.678
809.83	-109.332
810.13	-108.989
810.44	-106.529
810.75	-102.893
811.05	-100.714
811.36	-95.731
811.67	-92.779
811.98	-87.419
812.28	-86.235
812.59	-87.125
812.90	-80.707
813.20	-82.314
813.51	-89.739
813.82	-92.288
814.12	-97.102
814.43	-95.870
814.74	-107.018
815.04	-107.590
815.35	-108.708
815.65	-108.948
815.96	-103.544
816.27	-109.002
816.57	-104.003
816.88	-98.951
817.19	-98.516
817.49	-93.978
817.80	-93.338
818.10	-88.532
818.41	-88.418
818.72	-89.463
819.02	-84.755
819.33	-84.220
819.63	-80.930
819.94	-79.417
820.24	-76.456
820.55	-73.218
820.85	-70.491
821.16	-68.296
821.47	-64.162
821.77	-61.299
822.08	-59.146
822.38	-59.916
822.69	-58.987
822.99	-58.310
823.30	-58.234
823.60	-57.648
823.91	-58.404
824.21	-58.410
824.52	-58.354
824.82	-58.944
825.13	-62.470
825.43	-64.113
825.73	-64.321
826.04	-66.013
826.34	-68.620
826.65	-68.597
826.95	-68.594
827.26	-67.255
827.56	-67.704
827.87	-68.381
828.17	-67.933
828.47	-65.722
828.78	-66.319
829.08	-66.754
829.39	-67.298
829.69	-69.240
829.99	-71.158
830.30	-76.501
830.60	-80.841
830.90	-85.095
831.21	-87.756
831.51	-92.772
831.82	-95.851
832.12	-95.281
832.42	-96.177
832.73	-94.409
833.03	-92.289
833.33	-91.718
833.64	-89.264
833.94	-85.475
834.24	-83.270
834.54	-84.481
834.85	-84.550
835.15	-85.678
835.45	-86.759
835.76	-83.790
836.06	-90.995
836.36	-91.952
836.66	-95.120
836.97	-101.083
837.27	-105.840
837.57	-105.551
837.87	-98.455
838.18	-107.823
838.48	-114.838
838.78	-119.722
839.08	-131.629
839.39	-114.219
839.69	-118.032
839.99	-119.766
840.29	-113.871
840.59	-108.712
840.90	-117.781
841.20	-122.860
841.50	-115.189
841.80	-109.332
842.10	-111.612
842.41	-106.426
842.71	-118.323
843.01	-114.161
843.31	-112.446
843.61	-111.582
843.91	-115.097
844.21	-111.055
844.52	-121.438
844.82	-130.865
845.12	-139.383
845.42	-150.742
845.72	-159.603
846.02	-150.321
846.32	-154.309
846.62	-166.189
846.92	-179.982
847.22	-188.064
847.52	-183.920
847.83	-180.725
848.13	-167.677
848.43	-166.940
848.73	-161.195
849.03	-161.802
849.33	-173.213
849.63	-178.223
849.93	-175.646
850.23	-189.068
850.53	-190.118
850.83	-203.118
851.13	-190.899
851.43	-185.654
851.73	-160.214
852.03	-142.385
852.33	-152.372
852.63	-161.630
852.93	-153.980
853.23	-146.740
853.53	-142.354
853.83	-140.238
854.13	-147.154
854.43	-150.894
854.73	-170.068
855.03	-218.218
855.32	-271.272
855.62	-246.377
855.92	-232.645
856.22	-272.543
856.52	-274.316
856.82	-237.981
857.12	-233.202
857.42	-236.226
857.72	-279.167
858.02	-299.649
858.31	-225.698
858.61	-194.514
858.91	-214.555
859.21	-206.980
859.51	-192.219
859.81	-195.426
860.11	-232.659
860.40	-236.031
860.70	-240.785
861.00	-217.053
861.30	-201.931
861.60	-207.724
861.90	-219.915
862.19	-241.605
862.49	-270.752
862.79	-262.696
863.09	-255.916
863.39	-200.692
863.68	-228.571
863.98	-204.149
864.28	-187.789
864.58	-191.909
864.87	-195.975
865.17	-186.529
865.47	-171.777
865.77	-175.919
866.06	-176.914
866.36	-175.933
866.66	-200.946
866.96	-190.544
867.25	-186.393
867.55	-170.894
867.85	-160.870
868.14	-172.032
868.44	-190.327
868.74	-161.211
869.03	-149.516
869.33	-151.332
869.63	-195.978
869.92	-228.062
870.22	-236.098
870.52	-265.052
870.81	-353.728
871.11	-388.578
871.41	-468.700
871.70	-462.564
872.00	-549.850
872.30	-687.687
872.59	-689.773
872.89	-641.367
873.18	-544.343
873.48	-596.117
873.78	-559.875
874.07	-411.250
874.37	-356.278
874.66	-275.499
874.96	-251.607
875.25	-262.637
875.55	-232.667
875.85	-272.171
876.14	-233.559
876.44	-235.875
876.73	-209.091
877.03	-190.441
877.32	-202.907
877.62	-243.811
877.91	-263.985
878.21	-331.197
878.50	-296.813
878.80	-362.108
879.09	-287.823
879.39	-258.185
879.68	-216.849
879.98	-196.638
880.27	-197.183
880.57	-178.766
880.86	-137.252
881.16	-120.314
881.45	-100.691
881.74	-97.207
882.04	-84.843
882.33	-81.758
882.63	-76.883
882.92	-74.745
883.22	-72.455
883.51	-73.470
883.80	-72.352
884.10	-73.975
884.39	-78.766
884.69	-81.508
884.98	-85.709
885.27	-91.537
885.57	-96.168
885.86	-116.427
886.15	-144.348
886.45	-181.627
886.74	-203.623
887.03	-255.980
887.33	-317.337
887.62	-292.716
887.91	-350.000
888.21	-315.714
888.50	-310.909
888.79	-555.263
889.09	-117.045
