190.56	17.073
190.94	17.073
191.32	17.073
191.7	46.667
192.08	-91.667
192.46	-72.656
192.84	-71.429
193.22	-220
193.6	629.032
193.98	251.961
194.36	113.93
194.74	140.909
195.13	145
195.51	248
195.89	312.698
196.27	148.889
196.65	115.287
197.03	81.25
197.4	59.533
197.78	80.667
198.16	122.785
198.54	4100
198.92	-1250
199.3	1017.647
199.68	-1345.455
200.06	-481.818
200.44	-860
200.82	-13050
201.2	-191.176
201.58	-106.579
201.96	-96.711
202.34	-14.591
202.72	5.833
203.1	18.694
203.48	26.946
203.86	15.882
204.24	39.05
204.62	49.149
205	42.285
205.38	28.959
205.76	28.491
206.13	11.891
206.51	-2.609
206.89	-6.236
207.27	-15.012
207.65	-3.406
208.03	-17.632
208.41	-46.296
208.79	-59.644
209.17	-37.656
209.55	-9.312
209.93	-10.256
210.3	9.292
210.68	7.363
211.06	-12.805
211.44	-14.133
211.82	-18.4
212.2	-36.334
212.58	-21.053
212.96	-46
213.33	-62.14
213.71	-206.522
214.09	-290.833
214.47	-294.531
214.85	-233.537
215.23	-161.674
215.61	-167.978
215.98	-132.941
216.36	-96.831
216.74	-148
217.12	-90.21
217.5	-76.705
217.88	-38.81
218.25	-28.452
218.63	-20.578
219.01	-10.277
219.39	-0.332
219.77	2.242
220.14	12.121
220.52	15.526
220.9	11.03
221.28	8.859
221.66	16.054
222.03	0.985
222.41	5.215
222.79	1.049
223.17	-1.581
223.55	-2.126
223.92	-4.039
224.3	-4.248
224.68	-7.421
225.06	-1.524
225.43	-0.938
225.81	-0.382
226.19	3.54
226.57	2.237
226.95	3.625
227.32	4.098
227.7	3.584
228.08	4.003
228.46	3.737
228.83	4.583
229.21	4.971
229.59	4.698
229.96	4.556
230.34	3.22
230.72	3.357
231.1	3.23
231.47	3.287
231.85	3.505
232.23	2.022
232.6	1.104
232.98	0.32
233.36	-1.114
233.74	-0.2
234.11	-1.436
234.49	0.83
234.87	1.317
235.24	1.456
235.62	1.814
236	1.474
236.37	1.802
236.75	2.781
237.13	3.483
237.5	4.076
237.88	4.182
238.26	5.327
238.63	4.18
239.01	2.975
239.39	1.806
239.76	1.081
240.14	0.681
240.52	0.59
240.89	0.777
241.27	0.456
241.65	0.953
242.02	0.686
242.4	0.537
242.77	0.904
243.15	1.22
243.53	1.504
243.9	1.364
244.28	1.943
244.66	2.673
245.03	2.572
245.41	2.825
245.78	2.856
246.16	2.787
246.54	3.11
246.91	2.93
247.29	3.084
247.66	3.322
248.04	3.781
248.41	3.638
248.79	3.37
249.17	3.147
249.54	3.235
249.92	2.839
250.29	3.073
250.67	2.838
251.04	3.183
251.42	2.93
251.8	2.481
252.17	2.146
252.55	1.841
252.92	1.747
253.3	1.655
253.67	1.522
254.05	1.464
254.42	1.188
254.8	0.673
255.17	0.412
255.55	0.726
255.92	1.04
256.3	0.855
256.67	2.097
257.05	2.602
257.42	2.947
257.8	2.672
258.17	2.899
258.55	3.252
258.92	3.237
259.3	3.282
259.67	3.184
260.05	3.143
260.42	3.194
260.8	2.616
261.17	2.399
261.55	2.444
261.92	2.464
262.3	2.345
262.67	1.753
263.05	1.838
263.42	1.719
263.79	1.601
264.17	1.615
264.54	1.761
264.92	2.221
265.29	2.374
265.67	2.293
266.04	2.53
266.42	2.402
266.79	2.71
267.16	2.869
267.54	2.798
267.91	2.868
268.29	2.735
268.66	2.56
269.03	2.519
269.41	2.379
269.78	2.457
270.16	2.196
270.53	2.073
270.9	1.968
271.28	1.743
271.65	1.65
272.03	1.606
272.4	1.468
272.77	1.574
273.15	1.547
273.52	1.602
273.89	1.563
274.27	1.794
274.64	2.088
275.01	1.991
275.39	2.052
275.76	2.257
276.14	2.281
276.51	2.63
276.88	2.533
277.26	2.466
277.63	2.506
278	2.421
278.38	2.01
278.75	1.909
279.12	2.073
279.49	2.07
279.87	1.908
280.24	1.886
280.61	1.671
280.99	1.685
281.36	1.627
281.73	1.278
282.11	1.359
282.48	1.434
282.85	1.484
283.22	1.291
283.6	1.302
283.97	1.499
284.34	1.701
284.71	1.837
285.09	1.831
285.46	1.927
285.83	2.271
286.21	2.313
286.58	2.66
286.95	2.588
287.32	2.619
287.7	2.555
288.07	2.617
288.44	2.572
288.81	2.73
289.18	2.852
289.56	2.727
289.93	2.7
290.3	2.582
290.67	2.581
291.05	2.589
291.42	2.836
291.79	2.94
292.16	2.772
292.53	2.829
292.91	2.682
293.28	2.693
293.65	2.94
294.02	2.996
294.39	3.165
294.76	3.111
295.14	3.082
295.51	3.076
295.88	3.091
296.25	3.19
296.62	3.182
297	3.244
297.37	3.254
297.74	3.205
298.11	3.122
298.48	2.932
298.85	2.874
299.22	3.037
299.6	3.02
299.97	3.062
300.34	2.973
300.71	2.776
301.08	2.546
301.45	2.489
301.82	2.409
302.19	2.589
302.56	2.852
302.94	3.031
303.31	2.815
303.68	2.858
304.05	2.621
304.42	2.728
304.79	2.851
305.16	3.158
305.53	2.976
305.9	3.08
306.27	3.116
306.64	2.796
307.02	2.716
307.39	2.845
307.76	2.751
308.13	3.126
308.5	3.208
308.87	3.068
309.24	3.247
309.61	3.352
309.98	3.354
310.35	3.292
310.72	3.341
311.09	3.377
311.46	3.517
311.83	3.399
312.2	3.281
312.57	3.085
312.94	3.094
313.31	2.778
313.68	2.892
314.05	2.831
314.42	2.903
314.79	2.892
315.16	2.735
315.53	2.582
315.9	2.649
316.27	2.503
316.64	2.647
317.01	2.764
317.38	2.818
317.75	2.667
318.12	2.599
318.49	2.312
318.86	2.432
319.23	2.391
319.6	2.372
319.97	2.184
320.34	2.095
320.71	1.852
321.08	1.737
321.45	1.9
321.82	1.872
322.19	1.754
322.55	1.468
322.92	1.421
323.29	1.6
323.66	1.505
324.03	1.613
324.4	1.626
324.77	1.68
325.14	1.62
325.51	1.201
325.88	1.295
326.25	1.393
326.61	1.645
326.98	1.598
327.35	1.314
327.72	1.428
328.09	1.439
328.46	1.39
328.83	1.299
329.2	1.406
329.56	1.575
329.93	1.512
330.3	1.497
330.67	1.496
331.04	1.608
331.41	1.638
331.78	1.547
332.14	1.475
332.51	1.452
332.88	1.612
333.25	1.439
333.62	1.444
333.99	1.285
334.35	1.057
334.72	1.027
335.09	0.808
335.46	0.733
335.83	0.862
336.19	0.943
336.56	0.954
336.93	0.845
337.3	0.744
337.67	0.84
338.03	0.847
338.4	0.865
338.77	0.731
339.14	0.75
339.5	0.672
339.87	0.606
340.24	0.457
340.61	0.516
340.97	0.403
341.34	0.589
341.71	0.349
342.08	0.278
342.44	0.261
342.81	0.135
343.18	0.076
343.55	-0.004
343.91	-0.177
344.28	-0.05
344.65	-0.162
345.02	-0.136
345.38	-0.308
345.75	-0.348
346.12	-0.353
346.48	-0.414
346.85	-0.433
347.22	-0.446
347.59	-0.42
347.95	-0.456
348.32	-0.71
348.69	-0.684
349.05	-0.973
349.42	-0.93
349.79	-0.963
350.15	-1.032
350.52	-0.921
350.89	-0.697
351.25	-0.617
351.62	-0.588
351.99	-0.734
352.35	-0.716
352.72	-1.008
353.09	-1.024
353.45	-1.157
353.82	-1.092
354.18	-1.085
354.55	-1.11
354.92	-1.156
355.28	-1.456
355.65	-1.43
356.02	-1.424
356.38	-1.49
356.75	-1.298
357.11	-1.226
357.48	-1.075
357.85	-1.052
358.21	-1.158
358.58	-1.332
358.94	-1.488
359.31	-1.331
359.67	-1.416
360.04	-1.473
360.41	-1.496
360.77	-1.56
361.14	-1.599
361.5	-1.65
361.87	-1.733
362.23	-1.686
362.6	-1.569
362.97	-1.649
363.33	-1.695
363.7	-1.805
364.06	-1.839
364.43	-1.86
364.79	-1.844
365.16	-1.862
365.52	-1.95
365.89	-1.901
366.25	-1.726
366.62	-1.861
366.98	-1.72
367.35	-1.78
367.71	-1.698
368.08	-1.556
368.44	-1.643
368.81	-1.731
369.17	-1.668
369.54	-1.668
369.9	-1.618
370.27	-1.842
370.63	-1.736
371	-1.702
371.36	-1.547
371.73	-1.293
372.09	-1.162
372.45	-0.968
372.82	-0.809
373.18	-0.852
373.55	-0.82
373.91	-0.995
374.28	-0.91
374.64	-0.821
375.01	-0.869
375.37	-0.925
375.73	-0.98
376.1	-1.004
376.46	-1.016
376.83	-0.969
377.19	-0.89
377.55	-0.858
377.92	-0.757
378.28	-0.637
378.65	-0.749
379.01	-0.553
379.37	-0.554
379.74	-0.574
380.1	-0.643
380.47	-0.57
380.83	-0.584
381.19	-0.535
381.56	-0.481
381.92	-0.405
382.28	-0.562
382.65	-0.36
383.01	-0.484
383.37	-0.478
383.74	-0.454
384.1	-0.354
384.46	-0.386
384.83	-0.282
385.19	-0.239
385.55	-0.232
385.92	-0.269
386.28	-0.197
386.64	-0.225
387.01	-0.119
387.37	-0.059
387.73	0.036
388.1	0.12
388.46	0.205
388.82	0.143
389.18	0.135
389.55	0.204
389.91	0.246
390.27	0.407
390.64	0.5
391	0.534
391.36	0.549
391.72	0.487
392.09	0.437
392.45	0.468
392.81	0.572
393.17	0.603
393.54	0.552
393.9	0.615
394.26	0.591
394.62	0.474
394.99	0.579
395.35	0.701
395.71	0.779
396.07	0.874
396.43	0.877
396.8	0.914
397.16	1.096
397.52	1.325
397.88	1.44
398.24	1.532
398.61	1.707
398.97	1.571
399.33	1.624
399.69	1.724
400.05	1.743
400.42	1.769
400.78	1.744
401.14	1.67
401.5	1.649
401.86	1.62
402.22	1.633
402.59	1.621
402.95	1.795
403.31	1.964
403.67	1.979
404.03	1.951
404.39	1.936
404.75	2.039
405.12	2.147
405.48	2.097
405.84	2.145
406.2	2.303
406.56	2.354
406.92	2.285
407.28	2.2
407.64	2.131
408	2.144
408.36	2.29
408.73	2.298
409.09	2.413
409.45	2.48
409.81	2.482
410.17	2.346
410.53	2.535
410.89	2.697
411.25	2.658
411.61	2.748
411.97	2.83
412.33	2.896
412.69	2.892
413.05	2.789
413.41	2.892
413.77	2.938
414.13	3.05
414.5	2.927
414.86	2.946
415.22	3.107
415.58	3.141
415.94	3.174
416.3	3.199
416.66	3.271
417.02	3.341
417.38	3.267
417.74	3.395
418.1	3.391
418.46	3.5
418.82	3.534
419.18	3.53
419.54	3.565
419.9	3.568
420.26	3.616
420.61	3.623
420.97	3.609
421.33	3.686
421.69	3.654
422.05	3.672
422.41	3.685
422.77	3.699
423.13	3.724
423.49	3.814
423.85	3.872
424.21	3.868
424.57	3.879
424.93	3.911
425.29	3.93
425.65	4.035
426.01	4.056
426.36	4.075
426.72	4.104
427.08	4.177
427.44	4.223
427.8	4.237
428.16	4.213
428.52	4.288
428.88	4.313
429.24	4.389
429.59	4.333
429.95	4.394
430.31	4.369
430.67	4.374
431.03	4.311
431.39	4.33
431.75	4.423
432.1	4.489
432.46	4.465
432.82	4.578
433.18	4.672
433.54	4.774
433.9	4.768
434.25	4.877
434.61	4.979
434.97	5.018
435.33	4.942
435.69	5.015
436.04	5.104
436.4	5.189
436.76	5.19
437.12	5.134
437.48	5.126
437.83	5.28
438.19	5.313
438.55	5.293
438.91	5.298
439.27	5.465
439.62	5.476
439.98	5.533
440.34	5.617
440.7	5.672
441.05	5.736
441.41	5.832
441.77	5.774
442.13	5.822
442.48	5.831
442.84	5.957
443.2	5.921
443.56	5.991
443.91	6.072
444.27	6.154
444.63	6.202
444.98	6.311
445.34	6.32
445.7	6.424
446.05	6.461
446.41	6.634
446.77	6.673
447.13	6.773
447.48	6.864
447.84	6.941
448.2	6.931
448.55	7.032
448.91	6.97
449.27	7.066
449.62	7.128
449.98	7.261
450.34	7.28
450.69	7.351
451.05	7.424
451.4	7.463
451.76	7.494
452.12	7.539
452.47	7.562
452.83	7.689
453.19	7.762
453.54	7.806
453.9	7.852
454.25	7.879
454.61	7.946
454.97	8.005
455.32	8.105
455.68	8.154
456.03	8.339
456.39	8.462
456.75	8.606
457.1	8.656
457.46	8.748
457.81	8.751
458.17	8.822
458.52	8.919
458.88	8.99
459.24	9.025
459.59	9.103
459.95	9.106
460.3	9.186
460.66	9.193
461.01	9.22
461.37	9.275
461.72	9.362
462.08	9.442
462.43	9.505
462.79	9.563
463.14	9.589
463.5	9.566
463.85	9.604
464.21	9.604
464.56	9.681
464.92	9.747
465.27	9.803
465.63	9.832
465.98	9.842
466.34	9.873
466.69	9.951
467.05	10.069
467.4	10.186
467.76	10.24
468.11	10.368
468.47	10.407
468.82	10.491
469.18	10.574
469.53	10.635
469.88	10.699
470.24	10.81
470.59	10.829
470.95	10.849
471.3	10.988
471.66	11.071
472.01	11.052
472.36	11.17
472.72	11.276
473.07	11.292
473.43	11.397
473.78	11.569
474.13	11.572
474.49	11.581
474.84	11.579
475.19	11.511
475.55	11.512
475.9	11.47
476.26	11.391
476.61	11.413
476.96	11.508
477.32	11.522
477.67	11.521
478.02	11.614
478.38	11.688
478.73	11.748
479.08	11.804
479.44	11.842
479.79	11.953
480.14	12.061
480.5	12.1
480.85	12.037
481.2	12.077
481.56	12.063
481.91	12.022
482.26	12.003
482.62	11.995
482.97	11.993
483.32	12.072
483.67	12.138
484.03	12.128
484.38	12.121
484.73	12.186
485.08	12.168
485.44	12.181
485.79	12.218
486.14	12.306
486.49	12.363
486.85	12.454
487.2	12.47
487.55	12.427
487.9	12.483
488.26	12.502
488.61	12.491
488.96	12.566
489.31	12.641
489.67	12.661
490.02	12.662
490.37	12.713
490.72	12.706
491.07	12.709
491.43	12.761
491.78	12.804
492.13	12.866
492.48	12.906
492.83	12.914
493.19	12.943
493.54	13.044
493.89	13.093
494.24	13.105
494.59	13.118
494.94	13.152
495.29	13.17
495.65	13.196
496	13.18
496.35	13.236
496.7	13.289
497.05	13.311
497.4	13.33
497.75	13.363
498.11	13.45
498.46	13.549
498.81	13.562
499.16	13.539
499.51	13.602
499.86	13.661
500.21	13.678
500.56	13.649
500.91	13.628
501.26	13.587
501.62	13.563
501.97	13.567
502.32	13.509
502.67	13.491
503.02	13.601
503.37	13.543
503.72	13.588
504.07	13.671
504.42	13.726
504.77	13.756
505.12	13.827
505.47	13.944
505.82	13.959
506.17	14.078
506.52	14.142
506.87	14.157
507.22	14.212
507.57	14.212
507.92	14.222
508.27	14.287
508.62	14.334
508.97	14.363
509.32	14.352
509.67	14.392
510.02	14.418
510.37	14.448
510.72	14.462
511.07	14.572
511.42	14.61
511.77	14.667
512.12	14.674
512.47	14.795
512.82	14.902
513.17	15.016
513.52	15.119
513.87	15.113
514.22	15.22
514.57	15.33
514.91	15.278
515.26	15.352
515.61	15.391
515.96	15.443
516.31	15.486
516.66	15.495
517.01	15.495
517.36	15.525
517.71	15.648
518.06	15.756
518.41	15.84
518.75	16.017
519.1	16.133
519.45	16.253
519.8	16.354
520.15	16.479
520.5	16.598
520.85	16.694
521.19	16.875
521.54	16.992
521.89	17.111
522.24	17.203
522.59	17.242
522.94	17.363
523.28	17.455
523.63	17.574
523.98	17.734
524.33	17.844
524.68	18.1
525.03	18.197
525.37	18.34
525.72	18.456
526.07	18.657
526.42	18.845
526.76	18.993
527.11	19.178
527.46	19.439
527.81	19.572
528.16	19.742
528.5	19.87
528.85	20.013
529.2	20.157
529.55	20.327
529.89	20.464
530.24	20.658
530.59	20.9
530.94	21.087
531.28	21.247
531.63	21.466
531.98	21.711
532.32	21.922
532.67	22.127
533.02	22.305
533.37	22.507
533.71	22.738
534.06	22.942
534.41	23.149
534.75	23.45
535.1	23.73
535.45	24.005
535.79	24.214
536.14	24.462
536.49	24.701
536.83	25.033
537.18	25.249
537.53	25.495
537.87	25.757
538.22	25.997
538.57	26.298
538.91	26.516
539.26	26.765
539.61	27.118
539.95	27.378
540.3	27.682
540.64	27.875
540.99	28.162
541.34	28.41
541.68	28.617
542.03	28.893
542.37	29.092
542.72	29.375
543.07	29.724
543.41	29.971
543.76	30.289
544.1	30.599
544.45	30.908
544.8	31.168
545.14	31.507
545.49	31.815
545.83	32.106
546.18	32.431
546.52	32.692
546.87	32.936
547.21	33.215
547.56	33.395
547.9	33.584
548.25	33.873
548.59	34.108
548.94	34.295
549.29	34.582
549.63	34.794
549.98	35.08
550.32	35.421
550.67	35.624
551.01	35.967
551.35	36.225
551.7	36.523
552.04	36.75
552.39	37.14
552.73	37.416
553.08	37.655
553.42	37.889
553.77	38.085
554.11	38.398
554.46	38.645
554.8	38.948
555.15	39.215
555.49	39.483
555.83	39.621
556.18	39.794
556.52	40.015
556.87	40.216
557.21	40.438
557.56	40.694
557.9	40.729
558.24	40.871
558.59	41.077
558.93	41.371
559.28	41.478
559.62	41.826
559.96	42.035
560.31	42.251
560.65	42.45
560.99	42.701
561.34	42.874
561.68	43.178
562.02	43.398
562.37	43.459
562.71	43.543
563.06	43.819
563.4	43.993
563.74	44.103
564.09	44.08
564.43	44.278
564.77	44.363
565.11	44.456
565.46	44.584
565.8	44.814
566.14	44.926
566.49	45.117
566.83	45.245
567.17	45.319
567.52	45.498
567.86	45.763
568.2	45.911
568.54	46.042
568.89	46.244
569.23	46.353
569.57	46.437
569.91	46.635
570.26	46.887
570.6	47.058
570.94	47.174
571.28	47.389
571.63	47.608
571.97	47.701
572.31	47.868
572.65	47.969
573	48.189
573.34	48.293
573.68	48.477
574.02	48.481
574.36	48.489
574.71	48.635
575.05	48.629
575.39	48.645
575.73	48.725
576.07	48.78
576.42	48.9
576.76	48.888
577.1	49.092
577.44	49.137
577.78	49.306
578.12	49.629
578.46	49.764
578.81	49.753
579.15	49.719
579.49	49.894
579.83	49.992
580.17	50.005
580.51	50.124
580.85	50.092
581.2	50.096
581.54	50.119
581.88	50.06
582.22	50.153
582.56	50.382
582.9	50.451
583.24	50.325
583.58	50.467
583.92	50.581
584.26	50.573
584.6	50.646
584.95	50.742
585.29	50.767
585.63	50.748
585.97	50.718
586.31	50.887
586.65	51.043
586.99	51.286
587.33	51.234
587.67	51.396
588.01	51.555
588.35	51.608
588.69	51.664
589.03	51.756
589.37	51.909
589.71	52.194
590.05	52.019
590.39	52.103
590.73	52.235
591.07	52.464
591.41	52.37
591.75	52.509
592.09	52.662
592.43	52.667
592.77	52.741
593.11	52.664
593.45	52.535
593.79	52.693
594.13	52.807
594.47	52.694
594.81	52.578
595.14	52.803
595.48	52.799
595.82	52.82
596.16	52.822
596.5	52.851
596.84	52.983
597.18	52.988
597.52	53.076
597.86	53.118
598.2	53.295
598.54	53.488
598.87	53.404
599.21	53.38
599.55	53.439
599.89	53.598
600.23	53.712
600.57	53.853
600.91	53.997
601.25	53.978
601.58	54.003
601.92	54.053
602.26	54.088
602.6	54.121
602.94	54.204
603.28	54.206
603.61	54.244
603.95	54.34
604.29	54.329
604.63	54.327
604.97	54.384
605.3	54.47
605.64	54.383
605.98	54.34
606.32	54.446
606.66	54.359
606.99	54.367
607.33	54.408
607.67	54.513
608.01	54.633
608.34	54.824
608.68	54.914
609.02	54.907
609.36	54.939
609.69	54.99
610.03	54.985
610.37	55.118
610.71	55.214
611.04	55.245
611.38	55.187
611.72	55.1
612.06	55.129
612.39	55.026
612.73	55.032
613.07	55.118
613.4	55.064
613.74	55.201
614.08	55.333
614.41	55.448
614.75	55.485
615.09	55.353
615.42	55.512
615.76	55.52
616.1	55.595
616.43	55.776
616.77	55.967
617.11	56.124
617.44	56.151
617.78	56.144
618.12	56.006
618.45	56.103
618.79	56.301
619.13	56.142
619.46	55.954
619.8	55.94
620.13	55.853
620.47	55.802
620.81	55.666
621.14	55.552
621.48	55.455
621.81	55.589
622.15	55.682
622.48	55.599
622.82	55.634
623.16	55.872
623.49	55.966
623.83	56.168
624.16	56.085
624.5	56.185
624.83	56.201
625.17	56.365
625.5	56.418
625.84	56.274
626.18	56.32
626.51	56.54
626.85	56.657
627.18	56.605
627.52	56.493
627.85	56.765
628.19	57.034
628.52	57.124
628.86	57.127
629.19	57.3
629.53	57.307
629.86	57.336
630.19	57.205
630.53	56.988
630.86	57.042
631.2	56.934
631.53	56.826
631.87	56.798
632.2	56.827
632.54	56.806
632.87	56.624
633.2	56.464
633.54	56.336
633.87	56.23
634.21	56.118
634.54	56.157
634.88	56.065
635.21	55.876
635.54	55.643
635.88	55.476
636.21	55.511
636.55	55.448
636.88	55.645
637.21	56.039
637.55	56.267
637.88	56.609
638.21	56.583
638.55	56.884
638.88	56.941
639.21	57.018
639.55	57.228
639.88	57.02
640.21	56.785
640.55	56.892
640.88	56.723
641.21	56.558
641.55	56.292
641.88	56.28
642.21	56.242
642.55	56.192
642.88	56.195
643.21	56.005
643.55	55.949
643.88	56.201
644.21	56.228
644.54	56.125
644.88	56.287
645.21	56.487
645.54	56.79
645.87	56.699
646.21	56.802
646.54	56.881
646.87	57.019
647.2	57.248
647.54	57.096
647.87	57.092
648.2	57.238
648.53	57.226
648.87	56.923
649.2	56.661
649.53	56.7
649.86	56.637
650.19	56.425
650.53	56.339
650.86	56.266
651.19	56.308
651.52	56.072
651.85	55.842
652.18	55.78
652.52	56.08
652.85	56.184
653.18	56.178
653.51	56.365
653.84	56.505
654.17	56.586
654.51	56.537
654.84	56.564
655.17	56.648
655.5	56.759
655.83	56.859
656.16	56.529
656.49	56.237
656.82	55.972
657.15	55.671
657.49	55.703
657.82	55.515
658.15	55.457
658.48	55.58
658.81	55.578
659.14	55.671
659.47	55.478
659.8	55.406
660.13	55.506
660.46	55.646
660.79	55.703
661.12	55.769
661.45	55.904
661.78	56.036
662.11	56.107
662.44	56.067
662.77	55.973
663.1	56.009
663.43	56.423
663.76	56.48
664.09	56.551
664.42	56.728
664.75	56.637
665.08	56.432
665.41	56.513
665.74	56.256
666.07	56.266
666.4	56.383
666.73	56.395
667.06	55.902
667.39	55.872
667.72	56.106
668.05	56.134
668.38	55.828
668.71	55.689
669.04	55.722
669.37	55.572
669.7	55.473
670.03	55.462
670.36	55.423
670.69	55.8
671.01	55.968
671.34	55.424
671.67	55.03
672	55.245
672.33	55.604
672.66	54.969
672.99	55.128
673.32	54.972
673.64	54.412
673.97	54.286
674.3	54.177
674.63	53.94
674.96	54.19
675.29	54.018
675.62	53.729
675.94	53.808
676.27	53.847
676.6	53.879
676.93	53.997
677.26	53.962
677.58	53.859
677.91	53.708
678.24	53.767
678.57	53.508
678.9	53.669
679.22	53.884
679.55	53.367
679.88	53.464
680.21	53.372
680.54	53.477
680.86	53.642
681.19	53.689
681.52	53.675
681.85	53.494
682.17	53.728
682.5	53.904
682.83	53.754
683.16	53.869
683.48	53.745
683.81	53.564
684.14	53.224
684.46	53.15
684.79	52.985
685.12	52.897
685.45	52.871
685.77	52.703
686.1	52.34
686.43	52.136
686.75	52.133
687.08	52.311
687.41	52.103
687.73	52.065
688.06	52.123
688.39	52.324
688.71	52.266
689.04	52.067
689.36	51.876
689.69	51.997
690.02	52.094
690.34	52.023
690.67	51.892
691	51.8
691.32	51.949
691.65	51.361
691.97	50.605
692.3	50.49
692.63	50.347
692.95	50.273
693.28	50.01
693.6	49.661
693.93	49.467
694.26	49.443
694.58	49.508
694.91	49.272
695.23	49.707
695.56	50.121
695.88	50.051
696.21	49.828
696.53	49.642
696.86	49.308
697.18	49.434
697.51	49.278
697.83	48.967
698.16	48.926
698.48	48.988
698.81	48.766
699.13	48.538
699.46	48.236
699.78	48.125
700.11	47.843
700.43	47.911
700.76	47.903
701.08	47.905
701.41	48.126
701.73	47.89
702.06	47.798
702.38	47.399
702.71	47.368
703.03	47.134
703.35	47.536
703.68	47.063
704	46.771
704.33	46.601
704.65	46.049
704.98	45.41
705.3	45.238
705.62	44.613
705.95	44.435
706.27	43.959
706.6	43.791
706.92	43.188
707.24	43.27
707.57	42.776
707.89	41.938
708.21	42.213
708.54	42.086
708.86	41.639
709.18	41.49
709.51	41.408
709.83	41.583
710.15	42.128
710.48	41.957
710.8	42.172
711.12	42.569
711.45	42.681
711.77	42.204
712.09	42.218
712.42	42.008
712.74	41.886
713.06	41.86
713.38	41.587
713.71	41.022
714.03	40.567
714.35	40.174
714.68	39.558
715	39.6
715.32	39.559
715.64	39.63
715.97	40.008
716.29	39.996
716.61	38.997
716.93	38.607
717.25	38.068
717.58	38.281
717.9	37.454
718.22	37.544
718.54	37.308
718.87	36.976
719.19	36.275
719.51	36.223
719.83	36.495
720.15	37.122
720.47	36.72
720.8	37.252
721.12	37.038
721.44	37.262
721.76	37.375
722.08	37.555
722.4	37.406
722.73	37.275
723.05	36.132
723.37	36.064
723.69	35.964
724.01	36.284
724.33	35.271
724.65	34.874
724.97	34.928
725.3	34.387
725.62	33.757
725.94	32.576
726.26	32.117
726.58	32.32
726.9	31.537
727.22	31.023
727.54	30.915
727.86	30.403
728.18	29.535
728.5	29.507
728.82	28.369
729.14	27.825
729.46	28.649
729.78	28.439
730.1	28.092
730.42	28.221
730.74	28.236
731.07	27.616
731.39	27.863
731.71	28.126
732.03	27.503
732.35	29.09
732.66	29.067
732.98	28.683
733.3	28.509
733.62	28.841
733.94	28.328
734.26	27.469
734.58	27.018
734.9	26.742
735.22	26.188
735.54	25.822
735.86	24.02
736.18	23.396
736.5	23.875
736.82	23.466
737.14	23.446
737.46	23.984
737.78	24.481
738.1	24.523
738.41	24.443
738.73	24.763
739.05	25.149
739.37	25.211
739.69	25.494
740.01	25.283
740.33	26.316
740.65	25.101
740.96	24.612
741.28	23.963
741.6	23.965
741.92	22.993
742.24	23.406
742.56	23.823
742.88	23.952
743.19	23.989
743.51	22.476
743.83	21.804
744.15	22.481
744.47	21.249
744.78	22.11
745.1	22.318
745.42	22.646
745.74	21.739
746.06	20.646
746.37	21.157
746.69	21.111
747.01	21.952
747.33	20.66
747.64	19.507
747.96	18.857
748.28	18.835
748.6	18.479
748.91	19.278
749.23	19.441
749.55	20.029
749.87	19.14
750.18	18.777
750.5	18.096
750.82	18.94
751.13	19.775
751.45	21.326
751.77	19.311
752.08	18.419
752.4	18.829
752.72	18.393
753.03	18.862
753.35	19.465
753.67	18.68
753.98	18.086
754.3	17.321
754.62	17.037
754.93	16.413
755.25	18.526
755.57	19.775
755.88	19.947
756.2	21.027
756.51	21.694
756.83	22.048
757.15	22.891
757.46	23.876
757.78	23.55
758.09	23.017
758.41	22.824
758.73	21.993
759.04	21.664
759.36	21.244
759.67	20.75
759.99	19.721
760.3	18.564
760.62	17.495
760.94	16.828
761.25	17.381
761.57	18.566
761.88	17.238
762.2	16.793
762.51	15.693
762.83	15.542
763.14	15.23
763.46	14.211
763.77	15.413
764.09	15.377
764.4	15.966
764.72	15.63
765.03	13.601
765.35	14.024
765.66	12.797
765.98	14.652
766.29	13.581
766.61	12.673
766.92	12.728
767.23	10.746
767.55	10.763
767.86	10.225
768.18	10.67
768.49	11.71
768.81	11.504
769.12	14.077
769.43	11.717
769.75	12.146
770.06	12.602
770.38	13.744
770.69	15.044
771	15.099
771.32	14.503
771.63	13.787
771.94	13.588
772.26	14.322
772.57	13.243
772.89	14.452
773.2	14.456
773.51	15.688
773.83	15.471
774.14	16.339
774.45	16.83
774.77	18.971
775.08	18.823
775.39	17.818
775.7	17.792
776.02	17.713
776.33	15.095
776.64	15.997
776.96	14.048
777.27	14.418
777.58	13.538
777.89	14.604
778.21	12.732
778.52	11.545
778.83	13.719
779.14	16.085
779.46	17.141
779.77	19.195
780.08	18.648
780.39	19.319
780.71	19.559
781.02	18.299
781.33	15.753
781.64	16.35
781.95	17.022
782.27	14.381
782.58	10.085
782.89	9.117
783.2	6.769
783.51	3.522
783.83	4.077
784.14	1.494
784.45	4.63
784.76	5.656
785.07	3.285
785.38	5.114
785.7	8.66
786.01	7.975
786.32	8.033
786.63	8.211
786.94	9.179
787.25	8.529
787.56	7.344
787.87	5.268
788.18	4.749
788.5	6.086
788.81	7.141
789.12	8.056
789.43	10.024
789.74	10.814
790.05	11.152
790.36	10.368
790.67	9.748
790.98	9.738
791.29	9.796
791.6	10.623
791.91	13.595
792.22	12.509
792.53	12.278
792.84	11.843
793.15	12.341
793.46	13.242
793.77	14.543
794.08	17.819
794.39	18.212
794.7	17.069
795.01	17.291
795.32	14.625
795.63	13.935
795.94	12.347
796.25	14.72
796.56	11.016
796.87	12.676
797.18	12.954
797.49	11.157
797.8	11.308
798.11	13.417
798.42	10.805
798.73	10.191
799.04	10.342
799.35	10.705
799.65	9.471
799.96	13.769
800.27	12.823
800.58	14.903
800.89	10.14
801.2	9.649
801.51	7.461
801.82	6.544
802.13	6.369
802.43	6.979
802.74	4.779
803.05	1.811
803.36	-3.929
803.67	-5.848
803.98	-10.144
804.28	-6.029
804.59	-5.448
804.9	-2.389
805.21	0.366
805.52	3.361
805.83	2.103
806.13	3.339
806.44	2.137
806.75	4.974
807.06	6.33
807.36	8.489
807.67	12.666
807.98	16.135
808.29	14.558
808.6	17.049
808.9	17.794
809.21	17.748
809.52	14.831
809.83	17.546
810.13	13.327
810.44	13.739
810.75	15.136
811.05	12.946
811.36	6.714
811.67	4.008
811.98	3.818
812.28	0.943
812.59	0.978
812.9	1.933
813.2	3.548
813.51	10.777
813.82	8.119
814.12	6.075
814.43	5.549
814.74	7.272
815.04	8.447
815.35	0.215
815.65	0.54
815.96	4.585
816.27	5.782
816.57	4.179
816.88	-1.101
817.19	-2.794
817.49	-7.01
817.8	-9.638
818.1	-10.345
818.41	-7.169
818.72	-1.669
819.02	-3.458
819.33	-8.173
819.63	-6.834
819.94	-3.563
820.24	-5.458
820.55	-0.933
820.85	-0.678
821.16	2.416
821.47	3.96
821.77	3.813
822.08	2.609
822.38	4.508
822.69	4.604
822.99	4.069
823.3	3.389
823.6	4.22
823.91	3.548
824.21	3.977
824.52	2.692
824.82	1.583
825.13	1.599
825.43	3.057
825.73	0.528
826.04	2.307
826.34	3.153
826.65	2.825
826.95	2.987
827.26	2.989
827.56	3.184
827.87	4.042
828.17	4.214
828.47	4.4
828.78	2.852
829.08	2.921
829.39	0.691
829.69	0.31
829.99	1.332
830.3	1.592
830.6	0.412
830.9	3.267
831.21	4.893
831.51	5.12
831.82	6.613
832.12	6.926
832.42	8.644
832.73	11.613
833.03	11.047
833.33	12.112
833.64	12.029
833.94	15.453
834.24	14.566
834.54	12.527
834.85	11.495
835.15	10.202
835.45	13.408
835.76	14.473
836.06	13.85
836.36	17.22
836.66	15.391
836.97	14.685
837.27	10.705
837.57	9.306
837.87	7.269
838.18	6.219
838.48	-1.157
838.78	-8.729
839.08	-7.751
839.39	-13.53
839.69	-17.356
839.99	-17.603
840.29	-12.088
840.59	-7.722
840.9	-8.498
841.2	-8.552
841.5	-8.045
841.8	-4.535
842.1	1.078
842.41	-2.857
842.71	3.093
843.01	2.924
843.31	9.431
843.61	10.366
843.91	7.425
844.21	9.489
844.52	11.47
844.82	12.731
845.12	16.403
845.42	12.198
845.72	18.961
846.02	17.758
846.32	21.125
846.62	15.85
846.92	13.163
847.22	14.342
847.52	14.981
847.83	10.326
848.13	7.558
848.43	4.71
848.73	11.014
849.03	0.41
849.33	-1.44
849.63	-5.394
849.93	-21.337
850.23	-44.767
850.53	-43.881
850.83	-60
851.13	-22.426
851.43	-8.667
851.73	2.92
852.03	-15.957
852.33	-13.043
852.63	-23.737
852.93	-61.017
853.23	-29.444
853.53	-6.684
853.83	-17.697
854.13	-7.506
854.43	-46.526
854.73	-36.628
855.03	-62.422
855.32	-57.5
855.62	-56.204
855.92	-53.219
856.22	-13.218
856.52	-15.19
856.82	-23.631
857.12	-3.235
857.42	-11.747
857.72	-1.429
858.02	1.617
858.31	3.299
858.61	14.035
858.91	8.192
859.21	0.998
859.51	20.823
859.81	20.705
860.11	16.667
860.4	2.697
860.7	7.953
861	14.414
861.3	17.445
861.6	22.953
861.9	12.195
862.19	5.598
862.49	13.75
862.79	11.562
863.09	4.054
863.39	8.507
863.68	13.222
863.98	4.29
864.28	-5.088
864.58	-4.072
864.87	-18.115
865.17	-17.433
865.47	-16.192
865.77	-19.395
866.06	-38.866
866.36	-37.341
866.66	-43.594
866.96	-55.533
867.25	-105.172
867.55	-76.567
867.85	-138.306
868.14	-81.329
868.44	-100.683
868.74	-97.407
869.03	-142.731
869.33	-112
869.63	-98.473
869.92	-136.022
870.22	-122.485
870.52	-106.818
870.81	-213.636
871.11	-263.115
871.41	-483.784
871.7	-174.444
872	-172.472
872.3	-98.122
872.59	-141.611
872.89	-238.679
873.18	-221.552
873.48	-163.855
873.78	-72.727
874.07	-28.873
874.37	-14.493
874.66	-12.865
874.96	0.375
875.25	-0.403
875.55	-0.725
875.85	-13.06
876.14	17.69
876.44	37.931
876.73	61.261
877.03	43.767
877.32	26.453
877.62	13.068
877.91	29.318
878.21	29.638
878.5	29.55
878.8	18.24
879.09	18.412
879.39	-4.959
879.68	-19.825
879.98	-32.635
880.27	-26.679
880.57	-19.371
880.86	-3.785
881.16	-15.933
881.45	-18.163
881.74	-11.276
882.04	-9.684
882.33	-6.42
882.63	-1.84
882.92	4.199
883.22	2.815
883.51	0.712
883.8	-3.226
884.1	-4.494
884.39	-4.606
884.69	-6.861
884.98	-9.669
885.27	-2.507
885.57	-6.75
885.86	-24.025
886.15	-34.906
886.45	-50.939
886.74	-45.939
887.03	-69.401
887.33	-89.493
887.62	-118.919
887.91	-97.436
888.21	-1500
888.5	-1287.5
888.79	-54.545
889.09	-177.273
