190.56	-400
190.94	-400
191.32	-400
191.7	91.111
192.08	230
192.46	926.923
192.84	-938.889
193.22	-223.636
193.6	-358.065
193.98	14.458
194.36	67.347
194.74	102.143
195.13	101.128
195.51	149.778
195.89	124.345
196.27	119.118
196.65	118.082
197.03	123.276
197.4	148.214
197.78	168.966
198.16	254.487
198.54	4340
198.92	-1728.571
199.3	-120.69
199.68	-85.149
200.06	-29.952
200.44	-40.426
200.82	-25.806
201.2	-17.347
201.58	-8.009
201.96	2.444
202.34	6.517
202.72	10.442
203.1	14.833
203.48	22.101
203.86	28.103
204.24	24.03
204.62	32.206
205	39.292
205.38	46.557
205.76	51.786
206.13	42.707
206.51	53.018
206.89	57.765
207.27	55.048
207.65	44.084
208.03	48.509
208.41	61.713
208.79	26.393
209.17	11.376
209.55	-1.603
209.93	14.286
210.3	6.997
210.68	4.505
211.06	-3.125
211.44	18.005
211.82	14.675
212.2	12.287
212.58	-9.483
212.96	-5.823
213.33	-13.793
213.71	-21.779
214.09	-45.014
214.47	-57.971
214.85	-46.455
215.23	-59.259
215.61	-63.303
215.98	-65.166
216.36	-48.546
216.74	-22.735
217.12	-8.563
217.5	-2.551
217.88	6.622
218.25	13.858
218.63	24.656
219.01	22.476
219.39	25.432
219.77	20.158
220.14	22.506
220.52	7.72
220.9	3.388
221.28	7.737
221.66	8.501
222.03	3.021
222.41	5.524
222.79	3.606
223.17	1.176
223.55	0.157
223.92	3.621
224.3	3.583
224.68	7.235
225.06	9.797
225.43	6.279
225.81	5.353
226.19	3.62
226.57	2.892
226.95	1.946
227.32	1.41
227.7	2.928
228.08	2.552
228.46	2.873
228.83	3.233
229.21	2.646
229.59	2.32
229.96	2.993
230.34	3.431
230.72	2.652
231.1	3.285
231.47	2.353
231.85	2.329
232.23	1.861
232.6	1.788
232.98	1.442
233.36	1.608
233.74	3.09
234.11	2.947
234.49	2.808
234.87	3.857
235.24	3.526
235.62	5.548
236	5.719
236.37	4.857
236.75	3.633
237.13	3.16
237.5	2.489
237.88	2.141
238.26	1.176
238.63	1.266
239.01	1.905
239.39	2.182
239.76	1.666
240.14	1.37
240.52	2.625
240.89	3.214
241.27	3.974
241.65	3.87
242.02	4.087
242.4	4.169
242.77	4.091
243.15	3.69
243.53	3.538
243.9	3.225
244.28	2.951
244.66	2.391
245.03	2.127
245.41	2.085
245.78	2.365
246.16	2.101
246.54	2.159
246.91	2.052
247.29	1.829
247.66	1.844
248.04	2.135
248.41	2.017
248.79	2.231
249.17	2.802
249.54	2.222
249.92	1.958
250.29	2.239
250.67	2.416
251.04	2.421
251.42	3.05
251.8	2.832
252.17	2.376
252.55	3.012
252.92	2.768
253.3	1.855
253.67	1.927
254.05	1.449
254.42	0.417
254.8	-0.027
255.17	-0.334
255.55	-0.666
255.92	-0.109
256.3	0.269
256.67	-0.26
257.05	-0.425
257.42	-0.268
257.8	0.091
258.17	0.764
258.55	0.714
258.92	0.998
259.3	1.271
259.67	1.108
260.05	0.961
260.42	0.994
260.8	1.059
261.17	1.085
261.55	1.256
261.92	0.959
262.3	0.646
262.67	1.048
263.05	0.815
263.42	0.714
263.79	0.737
264.17	1.061
264.54	0.999
264.92	0.958
265.29	1.444
265.67	1.465
266.04	2.146
266.42	2.106
266.79	1.83
267.16	1.732
267.54	1.418
267.91	1.206
268.29	0.761
268.66	0.715
269.03	0.927
269.41	0.502
269.78	0.455
270.16	0.442
270.53	0.72
270.9	0.759
271.28	0.967
271.65	1.107
272.03	1.445
272.4	1.764
272.77	1.802
273.15	1.85
273.52	1.959
273.89	2.131
274.27	1.971
274.64	1.885
275.01	1.741
275.39	1.6
275.76	1.692
276.14	1.553
276.51	1.153
276.88	1.292
277.26	1.135
277.63	1.159
278	0.862
278.38	0.847
278.75	0.984
279.12	1.146
279.49	1.24
279.87	1.195
280.24	0.829
280.61	0.971
280.99	0.915
281.36	1.009
281.73	0.946
282.11	1.151
282.48	1.267
282.85	1.081
283.22	1.016
283.6	0.999
283.97	0.968
284.34	1.278
284.71	1.371
285.09	1.325
285.46	1.22
285.83	1.314
286.21	1.059
286.58	0.947
286.95	1.221
287.32	1.419
287.7	1.421
288.07	1.584
288.44	1.543
288.81	1.583
289.18	1.429
289.56	1.513
289.93	1.477
290.3	1.776
290.67	1.902
291.05	1.581
291.42	1.43
291.79	1.424
292.16	1.379
292.53	1.325
292.91	1.36
293.28	1.593
293.65	1.513
294.02	1.388
294.39	1.282
294.76	1.383
295.14	1.543
295.51	1.652
295.88	1.629
296.25	1.695
296.62	1.847
297	1.666
297.37	1.568
297.74	1.603
298.11	1.652
298.48	1.775
298.85	1.671
299.22	1.591
299.6	1.437
299.97	1.529
300.34	1.493
300.71	1.425
301.08	1.624
301.45	1.86
301.82	1.833
302.19	2.036
302.56	2.175
302.94	2.257
303.31	2.335
303.68	2.592
304.05	2.597
304.42	2.567
304.79	2.487
305.16	2.506
305.53	2.324
305.9	2.592
306.27	2.456
306.64	2.139
307.02	2.226
307.39	2.285
307.76	2.175
308.13	1.884
308.5	1.733
308.87	1.878
309.24	1.811
309.61	1.939
309.98	1.704
310.35	1.821
310.72	2.036
311.09	2.038
311.46	1.893
311.83	1.883
312.2	2.186
312.57	2.276
312.94	2.428
313.31	2.429
313.68	2.338
314.05	2.261
314.42	2.272
314.79	2.057
315.16	1.843
315.53	1.693
315.9	1.639
316.27	1.663
316.64	1.747
317.01	1.432
317.38	1.581
317.75	1.705
318.12	1.887
318.49	1.813
318.86	1.846
319.23	1.854
319.6	1.986
319.97	1.976
320.34	1.684
320.71	1.506
321.08	1.541
321.45	1.311
321.82	1.07
322.19	1.041
322.55	1.087
322.92	1.016
323.29	0.994
323.66	1.261
324.03	1.175
324.4	1.229
324.77	1.302
325.14	1.443
325.51	1.43
325.88	1.525
326.25	1.406
326.61	1.377
326.98	1.437
327.35	1.38
327.72	1.205
328.09	1.069
328.46	0.982
328.83	0.734
329.2	0.597
329.56	0.576
329.93	0.43
330.3	0.731
330.67	0.668
331.04	0.69
331.41	0.807
331.78	0.68
332.14	0.902
332.51	0.973
332.88	1.017
333.25	0.878
333.62	0.814
333.99	0.97
334.35	0.701
334.72	0.65
335.09	0.532
335.46	0.522
335.83	0.473
336.19	0.375
336.56	0.333
336.93	0.497
337.3	0.508
337.67	0.492
338.03	0.28
338.4	0.287
338.77	0.125
339.14	0.019
339.5	-0.133
339.87	-0.177
340.24	-0.079
340.61	-0.149
340.97	-0.297
341.34	-0.416
341.71	-0.173
342.08	-0.272
342.44	-0.453
342.81	-0.445
343.18	-0.486
343.55	-0.615
343.91	-0.617
344.28	-0.682
344.65	-0.754
345.02	-0.85
345.38	-0.943
345.75	-1.161
346.12	-1.013
346.48	-0.929
346.85	-0.909
347.22	-0.933
347.59	-0.832
347.95	-0.799
348.32	-0.749
348.69	-0.772
349.05	-0.763
349.42	-0.698
349.79	-0.898
350.15	-1.208
350.52	-1.375
350.89	-1.441
351.25	-1.408
351.62	-1.573
351.99	-1.852
352.35	-2.084
352.72	-2.096
353.09	-2.037
353.45	-2.134
353.82	-2.064
354.18	-2.03
354.55	-2.1
354.92	-2.147
355.28	-2.385
355.65	-2.377
356.02	-2.345
356.38	-2.403
356.75	-2.399
357.11	-2.503
357.48	-2.595
357.85	-2.775
358.21	-2.871
358.58	-2.974
358.94	-3.069
359.31	-3.022
359.67	-3.16
360.04	-3.16
360.41	-3.185
360.77	-3.316
361.14	-3.36
361.5	-3.321
361.87	-3.272
362.23	-3.32
362.6	-3.294
362.97	-3.398
363.33	-3.443
363.7	-3.491
364.06	-3.579
364.43	-3.623
364.79	-3.622
365.16	-3.665
365.52	-3.732
365.89	-3.73
366.25	-3.734
366.62	-3.76
366.98	-3.707
367.35	-3.664
367.71	-3.587
368.08	-3.53
368.44	-3.567
368.81	-3.552
369.17	-3.515
369.54	-3.46
369.9	-3.541
370.27	-3.562
370.63	-3.72
371	-3.616
371.36	-3.696
371.73	-3.799
372.09	-3.793
372.45	-3.778
372.82	-3.929
373.18	-4.166
373.55	-4.202
373.91	-4.22
374.28	-4.232
374.64	-3.942
375.01	-4.027
375.37	-4.032
375.73	-4.014
376.1	-4.093
376.46	-4.138
376.83	-4.122
377.19	-3.98
377.55	-3.936
377.92	-3.898
378.28	-3.875
378.65	-3.973
379.01	-3.866
379.37	-3.862
379.74	-3.871
380.1	-3.845
380.47	-3.884
380.83	-3.922
381.19	-3.929
381.56	-4.087
381.92	-4.084
382.28	-4.055
382.65	-4.095
383.01	-4.189
383.37	-4.211
383.74	-4.035
384.1	-3.982
384.46	-3.933
384.83	-3.877
385.19	-3.826
385.55	-3.673
385.92	-3.687
386.28	-3.59
386.64	-3.54
387.01	-3.595
387.37	-3.571
387.73	-3.685
388.1	-3.684
388.46	-3.649
388.82	-3.54
389.18	-3.59
389.55	-3.578
389.91	-3.534
390.27	-3.556
390.64	-3.511
391	-3.396
391.36	-3.319
391.72	-3.191
392.09	-3.092
392.45	-3.031
392.81	-2.89
393.17	-2.821
393.54	-2.828
393.9	-2.752
394.26	-2.71
394.62	-2.747
394.99	-2.707
395.35	-2.647
395.71	-2.62
396.07	-2.582
396.43	-2.53
396.8	-2.571
397.16	-2.489
397.52	-2.47
397.88	-2.434
398.24	-2.304
398.61	-2.066
398.97	-1.924
399.33	-1.883
399.69	-1.899
400.05	-1.865
400.42	-1.812
400.78	-1.804
401.14	-1.745
401.5	-1.669
401.86	-1.582
402.22	-1.651
402.59	-1.782
402.95	-1.761
403.31	-1.649
403.67	-1.565
404.03	-1.518
404.39	-1.428
404.75	-1.385
405.12	-1.414
405.48	-1.36
405.84	-1.414
406.2	-1.33
406.56	-1.219
406.92	-1.229
407.28	-1.286
407.64	-1.314
408	-1.365
408.36	-1.252
408.73	-1.157
409.09	-0.997
409.45	-0.928
409.81	-0.858
410.17	-0.833
410.53	-0.699
410.89	-0.585
411.25	-0.546
411.61	-0.366
411.97	-0.299
412.33	-0.347
412.69	-0.248
413.05	-0.209
413.41	-0.165
413.77	-0.045
414.13	0.027
414.5	-0.017
414.86	0.045
415.22	0.14
415.58	0.227
415.94	0.363
416.3	0.433
416.66	0.467
417.02	0.551
417.38	0.676
417.74	0.748
418.1	0.866
418.46	1.024
418.82	1.142
419.18	1.229
419.54	1.325
419.9	1.419
420.26	1.539
420.61	1.642
420.97	1.723
421.33	1.798
421.69	1.821
422.05	1.922
422.41	1.972
422.77	1.961
423.13	2.062
423.49	2.121
423.85	2.131
424.21	2.09
424.57	2.046
424.93	2.031
425.29	2.078
425.65	2.168
426.01	2.149
426.36	2.178
426.72	2.261
427.08	2.247
427.44	2.192
427.8	2.276
428.16	2.351
428.52	2.46
428.88	2.594
429.24	2.647
429.59	2.643
429.95	2.682
430.31	2.735
430.67	2.82
431.03	2.876
431.39	3.02
431.75	3.058
432.1	3.133
432.46	3.168
432.82	3.127
433.18	3.138
433.54	3.21
433.9	3.201
434.25	3.263
434.61	3.222
434.97	3.296
435.33	3.306
435.69	3.352
436.04	3.384
436.4	3.51
436.76	3.584
437.12	3.636
437.48	3.616
437.83	3.806
438.19	3.882
438.55	3.962
438.91	4.009
439.27	4.08
439.62	4.148
439.98	4.244
440.34	4.304
440.7	4.38
441.05	4.46
441.41	4.608
441.77	4.589
442.13	4.671
442.48	4.793
442.84	4.869
443.2	4.997
443.56	5.179
443.91	5.28
444.27	5.32
444.63	5.442
444.98	5.524
445.34	5.67
445.7	5.884
446.05	6.015
446.41	6.125
446.77	6.262
447.13	6.384
447.48	6.501
447.84	6.619
448.2	6.77
448.55	6.913
448.91	7.077
449.27	7.205
449.62	7.293
449.98	7.411
450.34	7.544
450.69	7.675
451.05	7.759
451.4	7.829
451.76	7.935
452.12	8.052
452.47	8.175
452.83	8.307
453.19	8.46
453.54	8.578
453.9	8.703
454.25	8.758
454.61	8.888
454.97	9.037
455.32	9.159
455.68	9.326
456.03	9.418
456.39	9.489
456.75	9.576
457.1	9.653
457.46	9.782
457.81	9.878
458.17	10.039
458.52	10.13
458.88	10.254
459.24	10.335
459.59	10.443
459.95	10.601
460.3	10.72
460.66	10.879
461.01	10.959
461.37	11.072
461.72	11.237
462.08	11.385
462.43	11.587
462.79	11.745
463.14	11.86
463.5	11.954
463.85	12.062
464.21	12.211
464.56	12.263
464.92	12.437
465.27	12.557
465.63	12.562
465.98	12.694
466.34	12.797
466.69	12.831
467.05	12.919
467.4	13.068
467.76	13.142
468.11	13.198
468.47	13.356
468.82	13.494
469.18	13.581
469.53	13.807
469.88	13.968
470.24	14.091
470.59	14.168
470.95	14.339
471.3	14.573
471.66	14.804
472.01	15.045
472.36	15.211
472.72	15.339
473.07	15.497
473.43	15.662
473.78	15.718
474.13	15.892
474.49	16.161
474.84	16.43
475.19	16.608
475.55	16.865
475.9	16.983
476.26	17.101
476.61	17.26
476.96	17.471
477.32	17.667
477.67	17.944
478.02	18.074
478.38	18.271
478.73	18.443
479.08	18.585
479.44	18.651
479.79	18.878
480.14	19.081
480.5	19.345
480.85	19.508
481.2	19.701
481.56	19.931
481.91	20.15
482.26	20.364
482.62	20.555
482.97	20.736
483.32	20.917
483.67	21.078
484.03	21.182
484.38	21.295
484.73	21.432
485.08	21.579
485.44	21.684
485.79	21.841
486.14	22.037
486.49	22.201
486.85	22.322
487.2	22.466
487.55	22.553
487.9	22.7
488.26	22.822
488.61	22.954
488.96	23.055
489.31	23.227
489.67	23.417
490.02	23.506
490.37	23.641
490.72	23.757
491.07	23.851
491.43	23.965
491.78	24.086
492.13	24.199
492.48	24.292
492.83	24.464
493.19	24.649
493.54	24.743
493.89	24.945
494.24	25.05
494.59	25.258
494.94	25.389
495.29	25.521
495.65	25.725
496	25.792
496.35	25.993
496.7	26.085
497.05	26.159
497.4	26.3
497.75	26.351
498.11	26.54
498.46	26.651
498.81	26.786
499.16	26.913
499.51	26.944
499.86	27.082
500.21	27.152
500.56	27.193
500.91	27.243
501.26	27.381
501.62	27.574
501.97	27.676
502.32	27.793
502.67	27.916
503.02	28.012
503.37	28.116
503.72	28.239
504.07	28.312
504.42	28.463
504.77	28.596
505.12	28.705
505.47	28.715
505.82	28.806
506.17	28.876
506.52	29.006
506.87	29.163
507.22	29.327
507.57	29.363
507.92	29.532
508.27	29.666
508.62	29.731
508.97	29.787
509.32	29.963
509.67	30.134
510.02	30.336
510.37	30.451
510.72	30.556
511.07	30.656
511.42	30.905
511.77	30.954
512.12	31.067
512.47	31.279
512.82	31.452
513.17	31.567
513.52	31.572
513.87	31.681
514.22	31.814
514.57	31.973
514.91	32.188
515.26	32.359
515.61	32.578
515.96	32.759
516.31	32.969
516.66	33.244
517.01	33.38
517.36	33.623
517.71	33.782
518.06	34.033
518.41	34.247
518.75	34.425
519.1	34.514
519.45	34.733
519.8	34.93
520.15	35.053
520.5	35.135
520.85	35.36
521.19	35.55
521.54	35.744
521.89	35.852
522.24	36.009
522.59	36.146
522.94	36.363
523.28	36.587
523.63	36.741
523.98	37.004
524.33	37.216
524.68	37.479
525.03	37.735
525.37	37.949
525.72	38.208
526.07	38.401
526.42	38.601
526.76	38.819
527.11	39.055
527.46	39.327
527.81	39.533
528.16	39.76
528.5	39.956
528.85	40.139
529.2	40.328
529.55	40.505
529.89	40.79
530.24	41.111
530.59	41.422
530.94	41.733
531.28	42.109
531.63	42.315
531.98	42.621
532.32	42.856
532.67	43.171
533.02	43.391
533.37	43.627
533.71	43.791
534.06	43.997
534.41	44.344
534.75	44.579
535.1	44.742
535.45	45.192
535.79	45.532
536.14	45.837
536.49	46.112
536.83	46.434
537.18	46.759
537.53	47.15
537.87	47.594
538.22	47.817
538.57	48.173
538.91	48.536
539.26	48.93
539.61	49.301
539.95	49.714
540.3	49.973
540.64	50.334
540.99	50.589
541.34	50.753
541.68	50.893
542.03	51.184
542.37	51.428
542.72	51.755
543.07	52
543.41	52.285
543.76	52.477
544.1	52.865
544.45	53.096
544.8	53.441
545.14	53.798
545.49	54.14
545.83	54.428
546.18	54.82
546.52	55.06
546.87	55.412
547.21	55.677
547.56	56.072
547.9	56.245
548.25	56.568
548.59	56.821
548.94	57.095
549.29	57.366
549.63	57.642
549.98	57.819
550.32	58.196
550.67	58.416
551.01	58.605
551.35	58.762
551.7	58.967
552.04	59.232
552.39	59.456
552.73	59.747
553.08	59.945
553.42	60.198
553.77	60.294
554.11	60.499
554.46	60.746
554.8	60.937
555.15	61.199
555.49	61.463
555.83	61.691
556.18	61.914
556.52	62.133
556.87	62.411
557.21	62.58
557.56	62.945
557.9	63.1
558.24	63.164
558.59	63.379
558.93	63.561
559.28	63.76
559.62	63.931
559.96	64.154
560.31	64.194
560.65	64.272
560.99	64.477
561.34	64.666
561.68	64.832
562.02	65.038
562.37	65.333
562.71	65.531
563.06	65.646
563.4	65.667
563.74	65.838
564.09	66.257
564.43	66.584
564.77	66.761
565.11	66.964
565.46	67.156
565.8	67.317
566.14	67.408
566.49	67.734
566.83	68.025
567.17	68.336
567.52	68.644
567.86	68.754
568.2	68.867
568.54	69.001
568.89	69.172
569.23	69.367
569.57	69.634
569.91	69.78
570.26	69.789
570.6	69.854
570.94	69.974
571.28	70.126
571.63	70.305
571.97	70.387
572.31	70.567
572.65	70.67
573	70.893
573.34	71.027
573.68	71.218
574.02	71.406
574.36	71.587
574.71	71.703
575.05	71.665
575.39	71.718
575.73	71.829
576.07	71.907
576.42	72.023
576.76	72.033
577.1	72.021
577.44	72.101
577.78	72.155
578.12	72.241
578.46	72.403
578.81	72.474
579.15	72.536
579.49	72.593
579.83	72.724
580.17	72.852
580.51	72.722
580.85	72.664
581.2	72.603
581.54	72.672
581.88	72.958
582.22	72.985
582.56	73.161
582.9	73.296
583.24	73.546
583.58	73.56
583.92	73.543
584.26	73.832
584.6	74.058
584.95	74.324
585.29	74.521
585.63	74.376
585.97	74.54
586.31	74.671
586.65	74.78
586.99	74.855
587.33	74.844
587.67	74.774
588.01	74.818
588.35	74.951
588.69	74.97
589.03	74.906
589.37	75.01
589.71	74.996
590.05	74.897
590.39	75.067
590.73	75.044
591.07	75.274
591.41	75.602
591.75	75.764
592.09	75.79
592.43	75.767
592.77	75.817
593.11	75.958
593.45	76.083
593.79	76.288
594.13	76.308
594.47	76.445
594.81	76.449
595.14	76.601
595.48	76.71
595.82	76.838
596.16	76.953
596.5	77.024
596.84	77.086
597.18	77.154
597.52	77.194
597.86	77.064
598.2	77.296
598.54	77.328
598.87	77.373
599.21	77.328
599.55	77.359
599.89	77.488
600.23	77.617
600.57	77.408
600.91	77.339
601.25	77.346
601.58	77.522
601.92	77.357
602.26	77.489
602.6	77.583
602.94	77.753
603.28	77.939
603.61	77.989
603.95	77.993
604.29	78.301
604.63	78.482
604.97	78.658
605.3	78.919
605.64	78.996
605.98	79.091
606.32	78.956
606.66	78.938
606.99	78.844
607.33	78.844
607.67	78.966
608.01	78.793
608.34	78.887
608.68	78.805
609.02	78.639
609.36	78.843
609.69	78.862
610.03	78.945
610.37	79.028
610.71	79.056
611.04	79.153
611.38	79.094
611.72	79.239
612.06	79.364
612.39	79.403
612.73	79.473
613.07	79.326
613.4	79.593
613.74	79.672
614.08	79.625
614.41	79.84
614.75	80.03
615.09	80.188
615.42	80.047
615.76	79.685
616.1	79.712
616.43	79.765
616.77	79.811
617.11	79.616
617.44	79.749
617.78	79.96
618.12	79.86
618.45	79.979
618.79	80.005
619.13	80.379
619.46	80.619
619.8	80.694
620.13	80.564
620.47	80.587
620.81	80.449
621.14	80.345
621.48	80.102
621.81	80.163
622.15	79.968
622.48	80.089
622.82	80.007
623.16	79.819
623.49	79.883
623.83	79.796
624.16	79.778
624.5	79.795
624.83	79.816
625.17	79.878
625.5	79.954
625.84	80.025
626.18	79.99
626.51	80.156
626.85	80.271
627.18	80.225
627.52	80.446
627.85	80.469
628.19	80.598
628.52	80.572
628.86	80.672
629.19	80.542
629.53	80.424
629.86	80.413
630.19	80.249
630.53	80.285
630.86	80.363
631.2	80.39
631.53	80.388
631.87	80.381
632.2	80.482
632.54	80.624
632.87	80.581
633.2	80.795
633.54	80.763
633.87	80.804
634.21	81.01
634.54	80.969
634.88	80.859
635.21	81.087
635.54	81.132
635.88	81.385
636.21	81.103
636.55	81.289
636.88	81.14
637.21	81.155
637.55	80.883
637.88	80.935
638.21	80.938
638.55	81.066
638.88	80.858
639.21	80.907
639.55	80.653
639.88	80.609
640.21	80.656
640.55	80.555
640.88	80.508
641.21	80.873
641.55	80.61
641.88	80.525
642.21	80.305
642.55	80.489
642.88	80.361
643.21	80.299
643.55	80.511
643.88	80.452
644.21	80.635
644.54	80.446
644.88	80.195
645.21	80.438
645.54	80.511
645.87	80.64
646.21	80.553
646.54	80.377
646.87	80.292
647.2	80.404
647.54	80.348
647.87	80.161
648.2	80.219
648.53	80.165
648.87	79.974
649.2	79.855
649.53	80.001
649.86	79.68
650.19	80.026
650.53	80.124
650.86	79.881
651.19	79.736
651.52	79.895
651.85	80.046
652.18	80.147
652.52	80.078
652.85	80.293
653.18	79.984
653.51	80.281
653.84	80.055
654.17	80.009
654.51	79.976
654.84	80.156
655.17	80.244
655.5	80.359
655.83	80.545
656.16	80.543
656.49	80.274
656.82	80.552
657.15	80.24
657.49	80.298
657.82	80.175
658.15	80.348
658.48	80.438
658.81	80.289
659.14	80.317
659.47	80.033
659.8	80.015
660.13	80.228
660.46	79.869
660.79	80.083
661.12	80.305
661.45	80.274
661.78	80.102
662.11	79.802
662.44	79.666
662.77	79.445
663.1	79.66
663.43	79.381
663.76	79.304
664.09	79.465
664.42	79.369
664.75	79.078
665.08	79.077
665.41	79.041
665.74	78.947
666.07	78.8
666.4	78.731
666.73	78.694
667.06	78.852
667.39	78.536
667.72	78.287
668.05	78.201
668.38	77.868
668.71	77.655
669.04	77.733
669.37	77.803
669.7	77.706
670.03	77.673
670.36	77.404
670.69	77.36
671.01	77.424
671.34	77.326
671.67	77.372
672	77.738
672.33	77.912
672.66	77.85
672.99	77.839
673.32	78.019
673.64	77.739
673.97	77.652
674.3	77.621
674.63	77.411
674.96	77.58
675.29	77.023
675.62	76.553
675.94	76.516
676.27	76.618
676.6	76.647
676.93	76.909
677.26	76.753
677.58	76.908
677.91	77.101
678.24	77.11
678.57	77.046
678.9	77.669
679.22	78.042
679.55	78.09
679.88	77.599
680.21	77.226
680.54	76.723
680.86	77.014
681.19	76.758
681.52	76.187
681.85	76.076
682.17	75.803
682.5	75.274
682.83	75.031
683.16	74.778
683.48	75.072
683.81	75.161
684.14	75.043
684.46	75.046
684.79	74.809
685.12	74.867
685.45	74.872
685.77	74.78
686.1	74.949
686.43	74.863
686.75	74.861
687.08	74.5
687.41	74.451
687.73	74.347
688.06	73.895
688.39	74.211
688.71	74.117
689.04	74.395
689.36	74.347
689.69	73.686
690.02	73.378
690.34	72.716
690.67	72.31
691	72.07
691.32	71.831
691.65	71.588
691.97	70.961
692.3	70.792
692.63	70.463
692.95	70.697
693.28	70.856
693.6	70.919
693.93	71.572
694.26	71.983
694.58	71.873
694.91	72.052
695.23	72.338
695.56	72.651
695.88	72.6
696.21	72.227
696.53	71.834
696.86	71.876
697.18	71.583
697.51	70.995
697.83	70.691
698.16	70.359
698.48	69.911
698.81	69.883
699.13	69.501
699.46	69.178
699.78	68.903
700.11	68.753
700.43	68.464
700.76	68.279
701.08	68.311
701.41	68.276
701.73	68.49
702.06	68.312
702.38	67.876
702.71	67.314
703.03	67.561
703.35	67.847
703.68	68.268
704	68.579
704.33	68.796
704.65	68.703
704.98	68.751
705.3	68.618
705.62	68.539
705.95	67.768
706.27	67.877
706.6	67.448
706.92	66.928
707.24	66.449
707.57	66.549
707.89	65.798
708.21	65.407
708.54	64.821
708.86	64.039
709.18	63.634
709.51	64.548
709.83	65.278
710.15	65.14
710.48	65.172
710.8	64.693
711.12	64.361
711.45	63.999
711.77	64.283
712.09	64.941
712.42	65.125
712.74	64.878
713.06	64.35
713.38	63.531
713.71	63.697
714.03	63.539
714.35	63.732
714.68	63.197
715	63.633
715.32	63.05
715.64	62.43
715.97	62.524
716.29	62.671
716.61	62.761
716.93	62.606
717.25	62.178
717.58	61.237
717.9	61.417
718.22	61.234
718.54	61.363
718.87	61.334
719.19	60.303
719.51	60.366
719.83	61.186
720.15	60.351
720.47	60.37
720.8	59.931
721.12	60.122
721.44	58.744
721.76	58.726
722.08	57.429
722.4	57.345
722.73	58.104
723.05	57.913
723.37	56.6
723.69	56.813
724.01	57.135
724.33	57.72
724.65	57.692
724.97	58.573
725.3	57.978
725.62	59.175
725.94	59.669
726.26	58.22
726.58	57.309
726.9	58.194
727.22	58.158
727.54	57.746
727.86	57.563
728.18	57.492
728.5	56.856
728.82	57.563
729.14	56.454
729.46	55.663
729.78	56.999
730.1	57.371
730.42	57.264
730.74	57.762
731.07	58.28
731.39	58.032
731.71	58.303
732.03	58.268
732.35	57.403
732.66	57.426
732.98	57.279
733.3	57.35
733.62	57.276
733.94	56.651
734.26	54.29
734.58	53.155
734.9	52.443
735.22	52.47
735.54	52.62
735.86	52.197
736.18	50.916
736.5	51.393
736.82	48.999
737.14	48.987
737.46	48.883
737.78	49.404
738.1	49.613
738.41	49.867
738.73	50.023
739.05	49.591
739.37	50.66
739.69	51.548
740.01	50.404
740.33	51.589
740.65	50.149
740.96	49.408
741.28	49.734
741.6	50.348
741.92	50.092
742.24	48.868
742.56	48.343
742.88	48.753
743.19	49.278
743.51	48.589
743.83	48.055
744.15	49.664
744.47	49.729
744.78	50.027
745.1	48.187
745.42	48.272
745.74	49.144
746.06	49.986
746.37	48.584
746.69	47.51
747.01	47.952
747.33	48.61
747.64	48.543
747.96	48.008
748.28	47.744
748.6	47.579
748.91	48.345
749.23	47.592
749.55	47.435
749.87	46.591
750.18	46.793
750.5	47.215
750.82	45.67
751.13	44.088
751.45	46.185
751.77	46.932
752.08	47.268
752.4	45.573
752.72	45.233
753.03	44.084
753.35	45.179
753.67	45.711
753.98	45.058
754.3	46.37
754.62	48.198
754.93	46.959
755.25	46.14
755.57	45.978
755.88	47.855
756.2	47.877
756.51	48.47
756.83	47.747
757.15	47.638
757.46	49.548
757.78	49.603
758.09	47.244
758.41	47.375
758.73	48.27
759.04	48.352
759.36	47.593
759.67	49.102
759.99	49.892
760.3	49.899
760.62	48.425
760.94	46.264
761.25	46.661
761.57	47.5
761.88	47.323
762.2	46.308
762.51	47.433
762.83	47.595
763.14	46.481
763.46	45.977
763.77	46.2
764.09	47.174
764.4	48.143
764.72	47.993
765.03	48.886
765.35	49.108
765.66	49.225
765.98	49.113
766.29	49.386
766.61	49.963
766.92	49.163
767.23	49.937
767.55	49.148
767.86	48.286
768.18	48.249
768.49	46.944
768.81	46.029
769.12	46.573
769.43	45.448
769.75	44.877
770.06	44.388
770.38	45.004
770.69	44.603
771	45.149
771.32	45.729
771.63	43.756
771.94	43.419
772.26	44.316
772.57	43.906
772.89	44.663
773.2	44.88
773.51	44.848
773.83	44.549
774.14	41.925
774.45	43.047
774.77	42.009
775.08	42.803
775.39	41.113
775.7	40.648
776.02	41.212
776.33	40.246
776.64	36.611
776.96	34.251
777.27	34.013
777.58	35.798
777.89	32.789
778.21	33.264
778.52	32.442
778.83	34.993
779.14	36.119
779.46	34.054
779.77	34.887
780.08	36.447
780.39	38.049
780.71	39.445
781.02	38.934
781.33	38.967
781.64	41.396
781.95	42.329
782.27	41.448
782.58	40.256
782.89	40.171
783.2	40.617
783.51	39.434
783.83	39.314
784.14	36.271
784.45	35.642
784.76	37.378
785.07	36.092
785.38	35.018
785.7	35.419
786.01	35.737
786.32	35.586
786.63	34.848
786.94	36.259
787.25	36.401
787.56	36.996
787.87	37.038
788.18	36.423
788.5	33.625
788.81	32.634
789.12	31.085
789.43	30.661
789.74	31.46
790.05	32.053
790.36	33.391
790.67	33.265
790.98	35.006
791.29	31.828
791.6	31.463
791.91	32.793
792.22	34.497
792.53	37.058
792.84	38.393
793.15	39.329
793.46	37.88
793.77	36.44
794.08	35.043
794.39	33.111
794.7	35.727
795.01	36.498
795.32	36.458
795.63	34.95
795.94	32.991
796.25	31.022
796.56	29.264
796.87	30.132
797.18	27.597
797.49	31.779
797.8	32.347
798.11	33.215
798.42	33.149
798.73	34.979
799.04	36.309
799.35	39.129
799.65	39.478
799.96	42.353
800.27	43.125
800.58	45.576
800.89	42.006
801.2	42.947
801.51	43.914
801.82	43.794
802.13	40.949
802.43	39.118
802.74	38.278
803.05	38.127
803.36	35.683
803.67	34.671
803.98	33.718
804.28	34.341
804.59	33.088
804.9	32.962
805.21	31.878
805.52	33.533
805.83	36.906
806.13	37.654
806.44	35.645
806.75	33.847
807.06	32.001
807.36	33.121
807.67	30.341
807.98	28.933
808.29	27.097
808.6	25.84
808.9	27.624
809.21	25.041
809.52	22.534
809.83	22.725
810.13	23.775
810.44	25.258
810.75	22.945
811.05	24.697
811.36	24.024
811.67	24.293
811.98	26.974
812.28	22.701
812.59	25.155
812.9	28.994
813.2	29.75
813.51	31.796
813.82	31.407
814.12	36.463
814.43	38.292
814.74	41.87
815.04	40.341
815.35	39.304
815.65	41.255
815.96	32.827
816.27	25.873
816.57	25.597
816.88	24.247
817.19	22.403
817.49	20.283
817.8	20.873
818.1	19.305
818.41	19.875
818.72	16.868
819.02	15.008
819.33	18.612
819.63	19.928
819.94	21.849
820.24	22.519
820.55	25.197
820.85	24.561
821.16	26.342
821.47	26.78
821.77	27.169
822.08	27.816
822.38	28.181
822.69	28.075
822.99	28.868
823.3	28.328
823.6	29.105
823.91	28.317
824.21	29.255
824.52	27.883
824.82	28.264
825.13	28.204
825.43	28.851
825.73	29.04
826.04	29.691
826.34	29.557
826.65	30.712
826.95	28.463
827.26	30.129
827.56	28.87
827.87	30.743
828.17	30.486
828.47	30.506
828.78	29.156
829.08	28.973
829.39	28.083
829.69	25.65
829.99	24.543
830.3	24.814
830.6	26.617
830.9	26.029
831.21	24.665
831.51	24.671
831.82	26.543
832.12	29.508
832.42	29.791
832.73	32.332
833.03	35.986
833.33	37.205
833.64	35.481
833.94	30.843
834.24	30.631
834.54	28.353
834.85	25.505
835.15	24.591
835.45	22.35
835.76	20.573
836.06	20.264
836.36	16.593
836.66	13.672
836.97	15.428
837.27	14.743
837.57	17.571
837.87	23.318
838.18	26.443
838.48	27.538
838.78	28.461
839.08	30.324
839.39	31.332
839.69	35.067
839.99	31.421
840.29	27.117
840.59	24.888
840.9	24.815
841.2	15.921
841.5	23.823
841.8	16.876
842.1	15.774
842.41	19.668
842.71	20.511
843.01	18.795
843.31	26.551
843.61	32.384
843.91	40.691
844.21	38.003
844.52	48.936
844.82	48.808
845.12	53.877
845.42	55.537
845.72	52.605
846.02	49.089
846.32	49.341
846.62	36.627
846.92	36.223
847.22	32.575
847.52	36.927
847.83	36.089
848.13	31.31
848.43	33.333
848.73	33.387
849.03	35.091
849.33	44.279
849.63	42.285
849.93	52.544
850.23	47.2
850.53	47.401
850.83	41.521
851.13	37.203
851.43	32.267
851.73	27.762
852.03	45.64
852.33	42.576
852.63	30.091
852.93	25.405
853.23	22.222
853.53	20
853.83	24.721
854.13	24.014
854.43	22.374
854.73	30.018
855.03	31.959
855.32	18.347
855.62	27.289
855.92	18.889
856.22	21.811
856.52	22.371
856.82	25.059
857.12	12.468
857.42	18.095
857.72	13.281
858.02	15.897
858.31	23.145
858.61	4.384
858.91	-27.636
859.21	-30.37
859.51	-1.384
859.81	-10.248
860.11	-6.648
860.4	5.168
860.7	2.463
861	19.596
861.3	17.187
861.6	0.545
861.9	4.214
862.19	15.915
862.49	19.655
862.79	6.877
863.09	10.819
863.39	-0.667
863.68	0.542
863.98	-7.5
864.28	-21.398
864.58	-17.885
864.87	-13.508
865.17	-24.065
865.47	-31.842
865.77	-27.97
866.06	-6.436
866.36	7.604
866.66	41.153
866.96	39.504
867.25	51.394
867.55	61.503
867.85	59.341
868.14	63.758
868.44	80.053
868.74	67.477
869.03	69.722
869.33	67.606
869.63	73.13
869.92	33.333
870.22	25.316
870.52	9.143
870.81	15.736
871.11	0.539
871.41	17.92
871.7	32.673
872	32.112
872.3	26.667
872.59	8.247
872.89	4.52
873.18	14.093
873.48	8.884
873.78	-11.26
874.07	-31.864
874.37	-26.383
874.66	-61.856
874.96	-87.857
875.25	-82.707
875.55	-42.197
875.85	-14.118
876.14	-15.584
876.44	19.925
876.73	30.449
877.03	45.626
877.32	49.807
877.62	54.545
877.91	66.857
878.21	70.611
878.5	70.543
878.8	60.829
879.09	55.044
879.39	54.827
879.68	50.692
879.98	44.822
880.27	37.611
880.57	37.213
880.86	37.86
881.16	28.729
881.45	18.951
881.74	21.325
882.04	22.21
882.33	19.553
882.63	21.72
882.92	20.522
883.22	19.943
883.51	19.635
883.8	18.109
884.1	14.956
884.39	18.299
884.69	19.146
884.98	16.065
885.27	14.118
885.57	18.668
885.86	9.626
886.15	7.741
886.45	0.999
886.74	-3.979
887.03	4.775
887.33	2.842
887.62	-14.417
887.91	-124
888.21	-37.333
888.5	78.4
888.79	-4.63
889.09	-37.5
