190.56	-426.667
190.94	-426.667
191.32	-426.667
191.7	-2800
192.08	145.872
192.46	1212.621
192.84	1662.963
193.22	1487.368
193.6	1509.278
193.98	1077.465
194.36	1898.765
194.74	5331.034
195.13	-13200
195.51	-2431.034
195.89	-10285.714
196.27	-3514.634
196.65	-48400
197.03	8837.5
197.4	4160
197.78	2861.224
198.16	2804
198.54	-3688.889
198.92	-3818.182
199.3	-1714.667
199.68	-1624.691
200.06	-699.451
200.44	-637.5
200.82	-351.923
201.2	-324.405
201.58	-238.929
201.96	-200.206
202.34	-164.706
202.72	-155.204
203.1	-167.8
203.48	-154.962
203.86	-191.379
204.24	-197.089
204.62	-202.028
205	-250.917
205.38	-250
205.76	-254.688
206.13	-280.094
206.51	-285.68
206.89	-298.812
207.27	-254.234
207.65	-243.977
208.03	-221.217
208.41	-286.78
208.79	-261.492
209.17	-225.885
209.55	-237.255
209.93	-208.377
210.3	-217.806
210.68	-196.529
211.06	-180.064
211.44	-168.14
211.82	-185.812
212.2	-172.42
212.58	-145.031
212.96	-160.261
213.33	-187.037
213.71	-160.097
214.09	-192.734
214.47	-183.769
214.85	-220.964
215.23	-230.595
215.61	-265.287
215.98	-230.266
216.36	-256.098
216.74	-242.678
217.12	-233.191
217.5	-207.052
217.88	-208.438
218.25	-179.063
218.63	-189.902
219.01	-165.339
219.39	-175.221
219.77	-165.303
220.14	-161.2
220.52	-160.349
220.9	-141.677
221.28	-136.455
221.66	-116.581
222.03	-117.211
222.41	-120.585
222.79	-103.475
223.17	-88.531
223.55	-87.132
223.92	-81.212
224.3	-70.782
224.68	-67.025
225.06	-62.896
225.43	-52.833
225.81	-49.471
226.19	-38.439
226.57	-31.757
226.95	-23.641
227.32	-19.932
227.7	-16.221
228.08	-13.599
228.46	-11.411
228.83	-10.301
229.21	-9.743
229.59	-9.061
229.96	-8.811
230.34	-9.689
230.72	-9.769
231.1	-10.825
231.47	-12.433
231.85	-12.572
232.23	-15.263
232.6	-16.598
232.98	-16.851
233.36	-16.852
233.74	-17.939
234.11	-17.941
234.49	-17.191
234.87	-15.105
235.24	-13.899
235.62	-13.261
236	-13.248
236.37	-11.836
236.75	-12.302
237.13	-11.842
237.5	-10.977
237.88	-11.324
238.26	-11.012
238.63	-10.887
239.01	-10.738
239.39	-11.058
239.76	-10.069
240.14	-9.24
240.52	-9.135
240.89	-7.813
241.27	-7.411
241.65	-7.211
242.02	-6.452
242.4	-5.669
242.77	-5.722
243.15	-5.74
243.53	-5.714
243.9	-6.145
244.28	-5.562
244.66	-4.936
245.03	-4.847
245.41	-3.965
245.78	-3.222
246.16	-2.507
246.54	-2.458
246.91	-1.859
247.29	-2.082
247.66	-1.927
248.04	-1.455
248.41	-1.516
248.79	-1.325
249.17	-1.118
249.54	-1.552
249.92	-2.077
250.29	-2.734
250.67	-2.569
251.04	-3.503
251.42	-3.057
251.8	-3.243
252.17	-3.253
252.55	-3.314
252.92	-3.454
253.3	-4.144
253.67	-4.107
254.05	-4.249
254.42	-4.221
254.8	-5.557
255.17	-4.655
255.55	-4.999
255.92	-5.002
256.3	-4.925
256.67	-4.839
257.05	-4.598
257.42	-4.018
257.8	-3.254
258.17	-2.73
258.55	-2.066
258.92	-1.448
259.3	-1.361
259.67	-1.255
260.05	-1.104
260.42	-0.954
260.8	-0.798
261.17	-0.789
261.55	-0.754
261.92	-0.917
262.3	-0.887
262.67	-1.323
263.05	-1.406
263.42	-1.597
263.79	-1.523
264.17	-1.794
264.54	-2.294
264.92	-2.378
265.29	-2.408
265.67	-2.26
266.04	-2.22
266.42	-2.094
266.79	-1.84
267.16	-2.19
267.54	-2.172
267.91	-1.982
268.29	-1.822
268.66	-1.463
269.03	-1.318
269.41	-0.989
269.78	-0.988
270.16	-0.835
270.53	-1.045
270.9	-1.071
271.28	-0.924
271.65	-0.888
272.03	-1.031
272.4	-0.939
272.77	-1.026
273.15	-1.405
273.52	-1.71
273.89	-1.55
274.27	-1.5
274.64	-1.28
275.01	-1.448
275.39	-1.162
275.76	-1.541
276.14	-1.442
276.51	-1.636
276.88	-1.406
277.26	-1.177
277.63	-0.982
278	-1.227
278.38	-1.15
278.75	-1.319
279.12	-1.331
279.49	-1.446
279.87	-0.977
280.24	-0.985
280.61	-0.837
280.99	-0.933
281.36	-0.713
281.73	-0.609
282.11	-0.618
282.48	-0.858
282.85	-0.742
283.22	-0.837
283.6	-0.782
283.97	-0.873
284.34	-0.646
284.71	-0.668
285.09	-0.711
285.46	-0.704
285.83	-0.773
286.21	-0.635
286.58	-0.42
286.95	-0.352
287.32	-0.076
287.7	-0.014
288.07	0.096
288.44	-0.119
288.81	-0.016
289.18	0.255
289.56	0.276
289.93	0.417
290.3	0.543
290.67	0.767
291.05	0.757
291.42	0.725
291.79	0.709
292.16	0.735
292.53	0.698
292.91	0.901
293.28	0.739
293.65	0.869
294.02	0.857
294.39	0.795
294.76	0.542
295.14	0.509
295.51	0.702
295.88	0.62
296.25	0.707
296.62	0.806
297	0.735
297.37	0.802
297.74	0.665
298.11	0.806
298.48	0.795
298.85	1.039
299.22	1.173
299.6	1.036
299.97	1.132
300.34	1.067
300.71	1.104
301.08	1.126
301.45	1.152
301.82	1.143
302.19	0.828
302.56	0.864
302.94	0.585
303.31	0.537
303.68	0.488
304.05	0.496
304.42	0.459
304.79	0.37
305.16	0.329
305.53	0.249
305.9	0.435
306.27	0.489
306.64	0.381
307.02	0.396
307.39	0.305
307.76	0.184
308.13	0.151
308.5	0.062
308.87	0.087
309.24	-0.077
309.61	-0.05
309.98	-0.104
310.35	-0.01
310.72	0.022
311.09	0.016
311.46	0.191
311.83	0.343
312.2	0.298
312.57	0.375
312.94	0.446
313.31	0.676
313.68	0.694
314.05	0.657
314.42	0.715
314.79	0.735
315.16	0.702
315.53	0.638
315.9	0.659
316.27	0.812
316.64	0.886
317.01	0.979
317.38	0.87
317.75	0.956
318.12	0.863
318.49	0.634
318.86	0.808
319.23	0.762
319.6	0.689
319.97	0.64
320.34	0.577
320.71	0.416
321.08	0.338
321.45	0.463
321.82	0.383
322.19	0.598
322.55	0.839
322.92	0.705
323.29	0.878
323.66	0.984
324.03	1.123
324.4	1.238
324.77	1.21
325.14	1.144
325.51	1.316
325.88	1.316
326.25	1.183
326.61	1.082
326.98	1.091
327.35	1.156
327.72	1.39
328.09	1.507
328.46	1.495
328.83	1.8
329.2	2.006
329.56	1.863
329.93	2.017
330.3	2.077
330.67	2.122
331.04	2.128
331.41	2.081
331.78	2.024
332.14	1.89
332.51	1.932
332.88	1.963
333.25	2.009
333.62	2.036
333.99	2.033
334.35	2.054
334.72	2.04
335.09	2.024
335.46	2.035
335.83	1.969
336.19	1.874
336.56	1.824
336.93	1.637
337.3	1.584
337.67	1.604
338.03	1.619
338.4	1.653
338.77	1.788
339.14	1.823
339.5	1.859
339.87	1.864
340.24	1.77
340.61	1.838
340.97	1.914
341.34	1.931
341.71	1.831
342.08	1.745
342.44	1.787
342.81	1.688
343.18	1.683
343.55	1.689
343.91	1.516
344.28	1.742
344.65	1.802
345.02	1.761
345.38	1.633
345.75	1.604
346.12	1.663
346.48	1.65
346.85	1.673
347.22	1.741
347.59	1.722
347.95	1.704
348.32	1.667
348.69	1.398
349.05	1.346
349.42	1.298
349.79	1.432
350.15	1.3
350.52	1.251
350.89	1.251
351.25	1.044
351.62	0.911
351.99	0.941
352.35	0.938
352.72	1.033
353.09	1.06
353.45	1.19
353.82	1
354.18	1.03
354.55	0.967
354.92	0.796
355.28	0.891
355.65	0.919
356.02	0.921
356.38	0.845
356.75	0.954
357.11	0.859
357.48	0.914
357.85	1.043
358.21	1.069
358.58	1.169
358.94	1.364
359.31	1.329
359.67	1.29
360.04	1.323
360.41	1.331
360.77	1.237
361.14	1.284
361.5	1.242
361.87	1.157
362.23	1.061
362.6	0.971
362.97	0.795
363.33	0.752
363.7	0.79
364.06	0.727
364.43	0.645
364.79	0.64
365.16	0.582
365.52	0.354
365.89	0.256
366.25	0.269
366.62	0.215
366.98	0.384
367.35	0.453
367.71	0.255
368.08	0.131
368.44	0.113
368.81	0.015
369.17	0.004
369.54	0.155
369.9	0.223
370.27	0.307
370.63	0.413
371	0.378
371.36	0.444
371.73	0.636
372.09	0.668
372.45	0.685
372.82	0.813
373.18	0.786
373.55	0.845
373.91	0.887
374.28	0.932
374.64	0.901
375.01	0.91
375.37	0.898
375.73	0.959
376.1	1.066
376.46	1.088
376.83	1.046
377.19	1.112
377.55	1.047
377.92	1.114
378.28	1.125
378.65	1.15
379.01	1.15
379.37	1.069
379.74	1.004
380.1	1.08
380.47	1.09
380.83	1.118
381.19	1.186
381.56	1.217
381.92	1.198
382.28	1.196
382.65	1.188
383.01	1.207
383.37	1.352
383.74	1.408
384.1	1.378
384.46	1.439
384.83	1.45
385.19	1.44
385.55	1.472
385.92	1.433
386.28	1.496
386.64	1.606
387.01	1.507
387.37	1.501
387.73	1.485
388.1	1.539
388.46	1.625
388.82	1.685
389.18	1.771
389.55	1.77
389.91	1.856
390.27	1.796
390.64	1.755
391	1.936
391.36	1.938
391.72	2.064
392.09	2.05
392.45	1.988
392.81	1.973
393.17	1.974
393.54	2.028
393.9	2.026
394.26	2.149
394.62	2.239
394.99	2.219
395.35	2.273
395.71	2.137
396.07	2.018
396.43	2.034
396.8	2.102
397.16	2.175
397.52	2.224
397.88	2.302
398.24	2.279
398.61	2.318
398.97	2.407
399.33	2.458
399.69	2.575
400.05	2.725
400.42	2.856
400.78	2.897
401.14	2.887
401.5	2.921
401.86	2.967
402.22	2.994
402.59	2.955
402.95	2.923
403.31	2.932
403.67	3.029
404.03	3.133
404.39	3.138
404.75	3.154
405.12	3.223
405.48	3.233
405.84	3.266
406.2	3.368
406.56	3.449
406.92	3.46
407.28	3.452
407.64	3.505
408	3.537
408.36	3.603
408.73	3.696
409.09	3.639
409.45	3.757
409.81	3.835
410.17	3.861
410.53	3.889
410.89	4.004
411.25	4.15
411.61	4.221
411.97	4.339
412.33	4.391
412.69	4.448
413.05	4.627
413.41	4.61
413.77	4.655
414.13	4.778
414.5	4.883
414.86	4.992
415.22	5.069
415.58	5.094
415.94	5.086
416.3	5.205
416.66	5.191
417.02	5.26
417.38	5.269
417.74	5.325
418.1	5.296
418.46	5.324
418.82	5.368
419.18	5.456
419.54	5.53
419.9	5.652
420.26	5.693
420.61	5.859
420.97	5.901
421.33	6.043
421.69	6.148
422.05	6.269
422.41	6.378
422.77	6.449
423.13	6.474
423.49	6.509
423.85	6.54
424.21	6.601
424.57	6.616
424.93	6.702
425.29	6.777
425.65	6.803
426.01	6.792
426.36	6.866
426.72	6.971
427.08	7.036
427.44	7.125
427.8	7.186
428.16	7.257
428.52	7.276
428.88	7.221
429.24	7.21
429.59	7.209
429.95	7.275
430.31	7.29
430.67	7.321
431.03	7.375
431.39	7.468
431.75	7.573
432.1	7.629
432.46	7.683
432.82	7.831
433.18	7.875
433.54	7.99
433.9	8.09
434.25	8.117
434.61	8.146
434.97	8.191
435.33	8.216
435.69	8.191
436.04	8.253
436.4	8.389
436.76	8.435
437.12	8.592
437.48	8.763
437.83	8.874
438.19	9.045
438.55	9.113
438.91	9.167
439.27	9.172
439.62	9.304
439.98	9.347
440.34	9.412
440.7	9.564
441.05	9.577
441.41	9.618
441.77	9.696
442.13	9.731
442.48	9.861
442.84	9.98
443.2	10.104
443.56	10.217
443.91	10.342
444.27	10.393
444.63	10.468
444.98	10.641
445.34	10.723
445.7	10.78
446.05	10.861
446.41	10.877
446.77	10.948
447.13	11.106
447.48	11.191
447.84	11.307
448.2	11.434
448.55	11.475
448.91	11.537
449.27	11.578
449.62	11.707
449.98	11.823
450.34	11.955
450.69	12.116
451.05	12.18
451.4	12.271
451.76	12.399
452.12	12.463
452.47	12.605
452.83	12.668
453.19	12.763
453.54	12.848
453.9	12.92
454.25	13.078
454.61	13.162
454.97	13.237
455.32	13.339
455.68	13.391
456.03	13.526
456.39	13.701
456.75	13.914
457.1	14.099
457.46	14.24
457.81	14.449
458.17	14.543
458.52	14.671
458.88	14.904
459.24	15.031
459.59	15.215
459.95	15.33
460.3	15.421
460.66	15.488
461.01	15.616
461.37	15.749
461.72	15.808
462.08	15.955
462.43	16.058
462.79	16.074
463.14	16.222
463.5	16.305
463.85	16.506
464.21	16.626
464.56	16.772
464.92	16.92
465.27	17.032
465.63	17.242
465.98	17.383
466.34	17.612
466.69	17.868
467.05	17.921
467.4	18.051
467.76	18.212
468.11	18.383
468.47	18.583
468.82	18.783
469.18	18.943
469.53	19.077
469.88	19.26
470.24	19.332
470.59	19.408
470.95	19.661
471.3	19.796
471.66	19.877
472.01	20.062
472.36	20.203
472.72	20.316
473.07	20.452
473.43	20.555
473.78	20.652
474.13	20.825
474.49	20.859
474.84	20.911
475.19	21.002
475.55	21.116
475.9	21.161
476.26	21.177
476.61	21.257
476.96	21.369
477.32	21.465
477.67	21.571
478.02	21.616
478.38	21.78
478.73	21.877
479.08	21.964
479.44	22.041
479.79	22.165
480.14	22.352
480.5	22.401
480.85	22.476
481.2	22.61
481.56	22.783
481.91	22.999
482.26	23.132
482.62	23.25
482.97	23.336
483.32	23.396
483.67	23.427
484.03	23.474
484.38	23.533
484.73	23.655
485.08	23.715
485.44	23.747
485.79	23.797
486.14	23.887
486.49	23.99
486.85	24.101
487.2	24.228
487.55	24.359
487.9	24.422
488.26	24.581
488.61	24.589
488.96	24.73
489.31	24.926
489.67	25.085
490.02	25.248
490.37	25.385
490.72	25.551
491.07	25.668
491.43	25.79
491.78	25.968
492.13	26.086
492.48	26.32
492.83	26.499
493.19	26.612
493.54	26.767
493.89	26.962
494.24	27.174
494.59	27.325
494.94	27.562
495.29	27.787
495.65	27.954
496	28.116
496.35	28.28
496.7	28.417
497.05	28.62
497.4	28.816
497.75	28.976
498.11	29.187
498.46	29.433
498.81	29.713
499.16	29.912
499.51	30.264
499.86	30.542
500.21	30.84
500.56	31.184
500.91	31.504
501.26	31.83
501.62	32.194
501.97	32.568
502.32	32.902
502.67	33.187
503.02	33.641
503.37	33.955
503.72	34.331
504.07	34.695
504.42	34.895
504.77	35.201
505.12	35.583
505.47	35.895
505.82	36.21
506.17	36.605
506.52	37.017
506.87	37.314
507.22	37.555
507.57	37.841
507.92	38.067
508.27	38.45
508.62	38.814
508.97	39.04
509.32	39.378
509.67	39.722
510.02	40.082
510.37	40.38
510.72	40.738
511.07	41.146
511.42	41.53
511.77	41.863
512.12	42.172
512.47	42.487
512.82	42.78
513.17	43.102
513.52	43.433
513.87	43.661
514.22	43.984
514.57	44.206
514.91	44.54
515.26	44.82
515.61	45.131
515.96	45.571
516.31	45.958
516.66	46.424
517.01	46.681
517.36	46.951
517.71	47.287
518.06	47.566
518.41	47.962
518.75	48.168
519.1	48.421
519.45	48.795
519.8	48.965
520.15	49.147
520.5	49.404
520.85	49.724
521.19	50.043
521.54	50.276
521.89	50.583
522.24	50.832
522.59	51.228
522.94	51.49
523.28	51.737
523.63	52.068
523.98	52.332
524.33	52.594
524.68	52.883
525.03	53.104
525.37	53.361
525.72	53.67
526.07	53.963
526.42	54.245
526.76	54.695
527.11	55.022
527.46	55.25
527.81	55.534
528.16	55.638
528.5	55.821
528.85	55.97
529.2	56.138
529.55	56.235
529.89	56.401
530.24	56.585
530.59	56.633
530.94	56.814
531.28	57.08
531.63	57.308
531.98	57.6
532.32	57.775
532.67	58.034
533.02	58.307
533.37	58.522
533.71	58.596
534.06	58.745
534.41	58.948
534.75	59.098
535.1	59.275
535.45	59.478
535.79	59.705
536.14	59.943
536.49	60.161
536.83	60.291
537.18	60.552
537.53	60.835
537.87	60.982
538.22	61.198
538.57	61.427
538.91	61.663
539.26	61.932
539.61	62.198
539.95	62.46
540.3	62.584
540.64	62.737
540.99	62.832
541.34	62.96
541.68	63.137
542.03	63.326
542.37	63.365
542.72	63.461
543.07	63.513
543.41	63.647
543.76	63.749
544.1	64.011
544.45	64.194
544.8	64.383
545.14	64.607
545.49	64.702
545.83	64.802
546.18	65.046
546.52	65.174
546.87	65.3
547.21	65.376
547.56	65.449
547.9	65.437
548.25	65.599
548.59	65.719
548.94	65.823
549.29	65.977
549.63	66.067
549.98	66.222
550.32	66.41
550.67	66.591
551.01	66.652
551.35	66.738
551.7	66.836
552.04	66.898
552.39	66.949
552.73	66.884
553.08	66.919
553.42	66.907
553.77	66.906
554.11	66.929
554.46	66.921
554.8	67.021
555.15	67.123
555.49	67.208
555.83	67.3
556.18	67.391
556.52	67.55
556.87	67.665
557.21	67.757
557.56	67.891
557.9	67.982
558.24	68.073
558.59	68.272
558.93	68.323
559.28	68.384
559.62	68.366
559.96	68.49
560.31	68.586
560.65	68.685
560.99	68.787
561.34	68.909
561.68	69.131
562.02	69.162
562.37	69.18
562.71	69.323
563.06	69.465
563.4	69.743
563.74	69.799
564.09	70.051
564.43	70.316
564.77	70.439
565.11	70.647
565.46	70.743
565.8	70.895
566.14	70.979
566.49	71.111
566.83	71.266
567.17	71.395
567.52	71.537
567.86	71.621
568.2	71.671
568.54	71.853
568.89	71.918
569.23	71.962
569.57	72.093
569.91	72.278
570.26	72.408
570.6	72.442
570.94	72.42
571.28	72.463
571.63	72.383
571.97	72.494
572.31	72.514
572.65	72.558
573	72.65
573.34	72.757
573.68	72.664
574.02	72.664
574.36	72.816
574.71	72.953
575.05	72.983
575.39	73.16
575.73	73.21
576.07	73.38
576.42	73.4
576.76	73.454
577.1	73.531
577.44	73.812
577.78	73.86
578.12	73.878
578.46	73.895
578.81	74.104
579.15	74.065
579.49	74.175
579.83	74.168
580.17	74.135
580.51	74.209
580.85	74.39
581.2	74.378
581.54	74.473
581.88	74.591
582.22	74.597
582.56	74.691
582.9	74.785
583.24	74.672
583.58	74.782
583.92	74.865
584.26	75.056
584.6	74.991
584.95	75.151
585.29	75.272
585.63	75.488
585.97	75.717
586.31	75.695
586.65	75.883
586.99	76.113
587.33	76.235
587.67	76.445
588.01	76.327
588.35	76.501
588.69	76.428
589.03	76.617
589.37	76.448
589.71	76.521
590.05	76.811
590.39	77.055
590.73	77.026
591.07	77.028
591.41	77.239
591.75	77.446
592.09	77.519
592.43	77.648
592.77	77.725
593.11	77.844
593.45	77.823
593.79	77.693
594.13	77.676
594.47	77.892
594.81	78.163
595.14	78.205
595.48	78.286
595.82	78.279
596.16	78.506
596.5	78.378
596.84	78.39
597.18	78.317
597.52	78.425
597.86	78.432
598.2	78.337
598.54	78.19
598.87	78.147
599.21	78.257
599.55	78.525
599.89	78.497
600.23	78.683
600.57	78.715
600.91	78.973
601.25	79.037
601.58	79.134
601.92	79.196
602.26	79.4
602.6	79.451
602.94	79.374
603.28	79.28
603.61	79.373
603.95	79.493
604.29	79.496
604.63	79.563
604.97	79.74
605.3	79.627
605.64	79.703
605.98	79.933
606.32	80.046
606.66	80.244
606.99	80.22
607.33	80.237
607.67	80.238
608.01	80.589
608.34	80.72
608.68	80.665
609.02	80.84
609.36	80.932
609.69	80.637
610.03	80.798
610.37	80.753
610.71	80.909
611.04	80.932
611.38	81.004
611.72	80.808
612.06	80.79
612.39	80.812
612.73	80.893
613.07	80.857
613.4	81.035
613.74	80.957
614.08	80.829
614.41	80.661
614.75	80.561
615.09	80.451
615.42	80.421
615.76	80.297
616.1	80.35
616.43	80.373
616.77	80.232
617.11	80.132
617.44	80.049
617.78	80.21
618.12	80.276
618.45	80.282
618.79	80.43
619.13	80.628
619.46	80.629
619.8	80.38
620.13	80.339
620.47	80.438
620.81	80.437
621.14	80.407
621.48	80.348
621.81	80.296
622.15	80.423
622.48	80.243
622.82	80.199
623.16	80.529
623.49	80.691
623.83	80.675
624.16	80.746
624.5	80.823
624.83	80.817
625.17	81.068
625.5	81.164
625.84	81.154
626.18	81.393
626.51	81.548
626.85	81.244
627.18	81.106
627.52	81.076
627.85	81.057
628.19	81.129
628.52	81.22
628.86	80.957
629.19	80.98
629.53	81.013
629.86	80.804
630.19	80.61
630.53	80.752
630.86	80.847
631.2	80.82
631.53	80.88
631.87	80.672
632.2	80.75
632.54	80.872
632.87	81.008
633.2	80.976
633.54	81.155
633.87	81.424
634.21	81.378
634.54	81.432
634.88	81.587
635.21	81.546
635.54	81.692
635.88	81.646
636.21	81.57
636.55	81.498
636.88	81.394
637.21	81.352
637.55	81.285
637.88	81.246
638.21	81.236
638.55	81.19
638.88	81.299
639.21	81.199
639.55	81.206
639.88	81.261
640.21	81.088
640.55	81.223
640.88	81.323
641.21	81.2
641.55	81.335
641.88	81.397
642.21	81.256
642.55	81.184
642.88	81.171
643.21	81.171
643.55	81.321
643.88	81.469
644.21	81.308
644.54	80.998
644.88	80.851
645.21	80.915
645.54	80.972
645.87	81.406
646.21	81.442
646.54	81.564
646.87	81.692
647.2	81.464
647.54	81.434
647.87	81.597
648.2	81.605
648.53	81.596
648.87	81.476
649.2	81.603
649.53	81.327
649.86	81.446
650.19	81.504
650.53	81.15
650.86	81.177
651.19	81.17
651.52	80.956
651.85	81.106
652.18	81.217
652.52	81.089
652.85	80.967
653.18	80.69
653.51	80.654
653.84	80.497
654.17	80.623
654.51	80.706
654.84	80.807
655.17	80.866
655.5	80.873
655.83	81.115
656.16	81.233
656.49	81.259
656.82	81.644
657.15	81.625
657.49	81.476
657.82	81.308
658.15	81.347
658.48	81.292
658.81	81.541
659.14	81.615
659.47	81.348
659.8	81.427
660.13	81.28
660.46	81.067
660.79	80.884
661.12	81.246
661.45	81.5
661.78	81.436
662.11	81.572
662.44	81.265
662.77	80.975
663.1	80.969
663.43	80.807
663.76	80.944
664.09	81.075
664.42	81.276
664.75	80.81
665.08	80.689
665.41	80.567
665.74	80.52
666.07	80.664
666.4	80.821
666.73	81.073
667.06	81.325
667.39	81.365
667.72	81.359
668.05	81.18
668.38	81.61
668.71	81.552
669.04	81.39
669.37	81.104
669.7	80.909
670.03	80.992
670.36	80.867
670.69	80.823
671.01	80.674
671.34	80.465
671.67	80.555
672	80.435
672.33	80.172
672.66	80.336
672.99	80.454
673.32	80.658
673.64	80.538
673.97	80.273
674.3	80.072
674.63	80.029
674.96	80.009
675.29	79.916
675.62	79.617
675.94	79.555
676.27	79.457
676.6	79.194
676.93	79.086
677.26	78.923
677.58	78.963
677.91	79
678.24	78.963
678.57	79.224
678.9	79.347
679.22	79.436
679.55	79.787
679.88	79.871
680.21	79.936
680.54	79.954
680.86	80
681.19	80.293
681.52	80.023
681.85	80.114
682.17	79.848
682.5	79.393
682.83	79.297
683.16	79.266
683.48	79.094
683.81	79.213
684.14	78.793
684.46	78.925
684.79	78.352
685.12	78.321
685.45	78.06
685.77	78.024
686.1	78.236
686.43	78.424
686.75	78.144
687.08	77.941
687.41	77.86
687.73	78.128
688.06	78.221
688.39	78.505
688.71	78.522
689.04	78.76
689.36	78.525
689.69	78.77
690.02	78.536
690.34	78.549
690.67	78.781
691	78.681
691.32	78.677
691.65	78.388
691.97	78.321
692.3	78.604
692.63	78.24
692.95	78.569
693.28	78.063
693.6	78.391
693.93	78.726
694.26	78.642
694.58	78.557
694.91	78.693
695.23	79.071
695.56	78.746
695.88	78.278
696.21	78.379
696.53	78.451
696.86	78.758
697.18	78.586
697.51	78.182
697.83	78.21
698.16	78.321
698.48	78.03
698.81	77.398
699.13	77.782
699.46	77.929
699.78	77.785
700.11	77.371
700.43	76.984
700.76	76.625
701.08	76.647
701.41	76.538
701.73	76.058
702.06	76.098
702.38	76.278
702.71	75.564
703.03	74.85
703.35	74.613
703.68	74.49
704	74.604
704.33	74.772
704.65	74.564
704.98	74.52
705.3	74.587
705.62	74.209
705.95	74.351
706.27	74.479
706.6	75.143
706.92	74.944
707.24	74.462
707.57	74.055
707.89	74.201
708.21	74.078
708.54	73.623
708.86	73.795
709.18	74.016
709.51	73.2
709.83	73.238
710.15	72.846
710.48	72.951
710.8	73.087
711.12	73.189
711.45	72.918
711.77	73.085
712.09	72.967
712.42	72.324
712.74	72.161
713.06	72.451
713.38	72.197
713.71	72.07
714.03	71.785
714.35	72.04
714.68	72.231
715	71.982
715.32	71.848
715.64	71.602
715.97	71.837
716.29	71.731
716.61	71.527
716.93	71.628
717.25	71.196
717.58	71.55
717.9	71.343
718.22	70.965
718.54	70.602
718.87	70.124
719.19	70.374
719.51	69.864
719.83	69.157
720.15	68.908
720.47	68.464
720.8	68.671
721.12	68.348
721.44	68.821
721.76	68.938
722.08	68.862
722.4	68.52
722.73	68.778
723.05	69.365
723.37	69.38
723.69	68.95
724.01	68.255
724.33	68.826
724.65	68.657
724.97	68.783
725.3	67.811
725.62	67.517
725.94	67.761
726.26	67.667
726.58	67.355
726.9	67.546
727.22	67.297
727.54	67.522
727.86	66.83
728.18	66.067
728.5	65.3
728.82	65.457
729.14	65.151
729.46	64.897
729.78	63.264
730.1	63.366
730.42	63.582
730.74	64.629
731.07	64.781
731.39	64.893
731.71	65.603
732.03	65.584
732.35	66.039
732.66	65.82
732.98	65.935
733.3	67.132
733.62	67.391
733.94	67.143
734.26	66.487
734.58	66.613
734.9	65.798
735.22	65.056
735.54	63.93
735.86	63.351
736.18	63.784
736.5	63.717
736.82	63.686
737.14	62.624
737.46	62.101
737.78	61.962
738.1	61.611
738.41	62.623
738.73	62.994
739.05	63.004
739.37	62.285
739.69	62.529
740.01	62.126
740.33	62.157
740.65	61.895
740.96	62.451
741.28	61.891
741.6	61.511
741.92	60.714
742.24	60.794
742.56	61.285
742.88	62.391
743.19	61.463
743.51	61.366
743.83	60.595
744.15	60.844
744.47	60.462
744.78	60.646
745.1	60.257
745.42	59.528
745.74	58.264
746.06	58.233
746.37	57.926
746.69	58.518
747.01	58.95
747.33	59.102
747.64	58.88
747.96	59.03
748.28	58.202
748.6	58.342
748.91	59.243
749.23	60.039
749.55	60.044
749.87	59.493
750.18	59.256
750.5	58.234
750.82	57.557
751.13	57.306
751.45	57.14
751.77	57.493
752.08	57.474
752.4	57.571
752.72	56.264
753.03	56.424
753.35	55.768
753.67	55.509
753.98	56.473
754.3	56.035
754.62	56.354
754.93	55.455
755.25	55.511
755.57	55.231
755.88	54.618
756.2	55.796
756.51	55.291
756.83	55.896
757.15	55.335
757.46	55.735
757.78	56.944
758.09	55.174
758.41	55.084
758.73	54.995
759.04	54.477
759.36	53.727
759.67	53.803
759.99	53.732
760.3	53.425
760.62	54.643
760.94	53.393
761.25	53.191
761.57	53.815
761.88	54.678
762.2	55.803
762.51	57.169
762.83	58.01
763.14	57.854
763.46	58.798
763.77	58.89
764.09	57.934
764.4	57.672
764.72	57.363
765.03	58.242
765.35	57.702
765.66	57.242
765.98	55.454
766.29	54.426
766.61	54.958
766.92	52.967
767.23	52.603
767.55	52.781
767.86	52.905
768.18	52.573
768.49	52.236
768.81	52.654
769.12	52.054
769.43	52.55
769.75	52.11
770.06	49.342
770.38	48.636
770.69	48.024
771	46.868
771.32	47.037
771.63	45.736
771.94	44.775
772.26	44.343
772.57	43.27
772.89	42.979
773.2	42.781
773.51	44.563
773.83	44.752
774.14	45.687
774.45	46.344
774.77	44.599
775.08	46.13
775.39	45.308
775.7	45.223
776.02	44.275
776.33	45.082
776.64	45.997
776.96	44.371
777.27	44.934
777.58	42.039
777.89	42.922
778.21	42.238
778.52	42.603
778.83	44.012
779.14	44.082
779.46	45.656
779.77	44.645
780.08	44.742
780.39	44.874
780.71	44.862
781.02	45.37
781.33	43.346
781.64	44.973
781.95	42.084
782.27	40.679
782.58	40.239
782.89	40.698
783.2	41.571
783.51	41.021
783.83	40.578
784.14	41.696
784.45	41.951
784.76	42.423
785.07	41.982
785.38	42.471
785.7	42.552
786.01	42.129
786.32	41.068
786.63	39.878
786.94	39.435
787.25	39.241
787.56	38.363
787.87	40.154
788.18	39.877
788.5	40
788.81	40.794
789.12	43.095
789.43	42.567
789.74	41.914
790.05	41.826
790.36	41.638
790.67	41.657
790.98	40.082
791.29	38.687
791.6	39.401
791.91	39.028
792.22	38.115
792.53	34.779
792.84	35.532
793.15	34.086
793.46	33.254
793.77	30.738
794.08	29.981
794.39	29.817
794.7	28.521
795.01	28.694
795.32	28.701
795.63	29.09
795.94	28.331
796.25	28.036
796.56	29.372
796.87	30.598
797.18	34.576
797.49	34.11
797.8	34.317
798.11	34.192
798.42	31.862
798.73	31.033
799.04	30.982
799.35	31.484
799.65	31.051
799.96	31.094
800.27	26.753
800.58	23.392
800.89	25.072
801.2	26.055
801.51	26.766
801.82	26.965
802.13	27.62
802.43	27.254
802.74	27.552
803.05	24.116
803.36	21.021
803.67	22.353
803.98	23.175
804.28	21.408
804.59	20.644
804.9	20.651
805.21	21.318
805.52	20.469
805.83	22.096
806.13	21.478
806.44	23.367
806.75	24.943
807.06	26.615
807.36	26.237
807.67	28.438
807.98	28.797
808.29	29.856
808.6	29.034
808.9	30.697
809.21	30.72
809.52	30.524
809.83	30.75
810.13	31.118
810.44	32.251
810.75	31.528
811.05	28.148
811.36	25.865
811.67	25.079
811.98	23.609
812.28	21.185
812.59	17.166
812.9	17.838
813.2	14.56
813.51	13.363
813.82	9.091
814.12	9.313
814.43	10.45
814.74	10.645
815.04	10.814
815.35	11.385
815.65	11.599
815.96	13.653
816.27	12.593
816.57	15.319
816.88	15.089
817.19	14.416
817.49	12.731
817.8	14.655
818.1	15.35
818.41	14.624
818.72	15.969
819.02	18.47
819.33	20.293
819.63	21.99
819.94	22.492
820.24	24.126
820.55	30.169
820.85	35.165
821.16	38.648
821.47	41.853
821.77	43.983
822.08	46.166
822.38	46.84
822.69	47.944
822.99	48.917
823.3	48.905
823.6	49.609
823.91	49.872
824.21	50.462
824.52	50.452
824.82	49.683
825.13	49.025
825.43	46.916
825.73	45.94
826.04	43.397
826.34	42.897
826.65	43.277
826.95	42.543
827.26	41.59
827.56	39.757
827.87	38.626
828.17	38.246
828.47	37.148
828.78	37.177
829.08	36.173
829.39	36.629
829.69	34.506
829.99	32.671
830.3	29.876
830.6	27.324
830.9	24.458
831.21	22.882
831.51	20.098
831.82	17.959
832.12	16.967
832.42	16.268
832.73	17.332
833.03	16.884
833.33	17.221
833.64	16.897
833.94	17.605
834.24	20.242
834.54	21.841
834.85	22.992
835.15	23.402
835.45	23.241
835.76	22.629
836.06	20.22
836.36	17.596
836.66	16.724
836.97	16.136
837.27	16.275
837.57	13.786
837.87	8.163
838.18	1.788
838.48	0.042
838.78	-2.125
839.08	0
839.39	-0.552
839.69	-1.087
839.99	-1.268
840.29	-1.901
840.59	-5.428
840.9	-5.304
841.2	-5.607
841.5	-2.52
841.8	-3.229
842.1	-2.703
842.41	-11.482
842.71	-15.817
843.01	-19.079
843.31	-22.594
843.61	-23.328
843.91	-25.437
844.21	-33.311
844.52	-37.987
844.82	-38.273
845.12	-34.203
845.42	-41.711
845.72	-40.484
846.02	-45.394
846.32	-42.575
846.62	-45.093
846.92	-56.185
847.22	-68.22
847.52	-74.444
847.83	-69.561
848.13	-64.208
848.43	-71.319
848.73	-63.894
849.03	-70.425
849.33	-78.176
849.63	-89.92
849.93	-77.673
850.23	-67.758
850.53	-57.553
850.83	-43.948
851.13	-50.826
851.43	-62.974
851.73	-70.436
852.03	-80.709
852.33	-76.742
852.63	-78.526
852.93	-63.82
853.23	-84.65
853.53	-83.371
853.83	-95.006
854.13	-102.861
854.43	-81.563
854.73	-75.926
855.03	-73.2
855.32	-67.31
855.62	-62.679
855.92	-48.283
856.22	-61.984
856.52	-57.503
856.82	-58.454
857.12	-63.015
857.42	-81.143
857.72	-88.018
858.02	-77.49
858.31	-72.806
858.61	-80.508
858.91	-70.281
859.21	-72.549
859.51	-74.306
859.81	-67.452
860.11	-58.114
860.4	-50.185
860.7	-43.583
861	-50.494
861.3	-68.211
861.6	-84.4
861.9	-78.965
862.19	-83.126
862.49	-102.874
862.79	-91.794
863.09	-98.545
863.39	-129.843
863.68	-147.485
863.98	-163.706
864.28	-152.703
864.58	-132.882
864.87	-119.661
865.17	-135.278
865.47	-131.413
865.77	-115.851
866.06	-136.503
866.36	-116.606
866.66	-125.23
866.96	-115.111
867.25	-111.058
867.55	-128.934
867.85	-134.172
868.14	-126.093
868.44	-128.059
868.74	-153.869
869.03	-155.255
869.33	-163.889
869.63	-197.653
869.92	-166.667
870.22	-169.808
870.52	-173.277
870.81	-162.124
871.11	-139.942
871.41	-152.774
871.7	-160.669
872	-161.103
872.3	-174.915
872.59	-155.74
872.89	-150.877
873.18	-144.053
873.48	-148.297
873.78	-156.24
874.07	-157.544
874.37	-202.282
874.66	-196.421
874.96	-183.725
875.25	-217.523
875.55	-195.94
875.85	-250.418
876.14	-249.722
876.44	-346.503
876.73	-328.231
877.03	-290.252
877.32	-211.538
877.62	-159.844
877.91	-137.329
878.21	-119.18
878.5	-88.457
878.8	-94.504
879.09	-74.421
879.39	-70.622
879.68	-55.061
879.98	-47.486
880.27	-42.655
880.57	-40.385
880.86	-37.768
881.16	-28.974
881.45	-18.967
881.74	-9.294
882.04	0.478
882.33	5.069
882.63	8.186
882.92	11.554
883.22	12.615
883.51	13.178
883.8	14.16
884.1	14.722
884.39	12.254
884.69	8.92
884.98	4.309
885.27	-4.203
885.57	-13.37
885.86	-21.503
886.15	-30.733
886.45	-42.652
886.74	-56.963
887.03	-75.022
887.33	-80.952
887.62	-76.444
887.91	-30.928
888.21	-104.348
888.5	-209.677
888.79	-28.571
889.09	-146.774
