190.56	26.562
190.94	26.562
191.32	26.562
191.7	-41.379
192.08	-102.632
192.46	-292.063
192.84	-4200
193.22	323.656
193.6	317.822
193.98	319.149
194.36	815.909
194.74	744.186
195.13	2800
195.51	1126.923
195.89	-842.308
196.27	-139.837
196.65	-39.634
197.03	-22.857
197.4	-21.656
197.78	-77.586
198.16	-66.906
198.54	-31.902
198.92	2.976
199.3	-0.685
199.68	21.852
200.06	8.609
200.44	8.333
200.82	4.938
201.2	17.128
201.58	11.325
201.96	23.491
202.34	4.545
202.72	-24.779
203.1	-22.193
203.48	-21.67
203.86	-57.612
204.24	-82.639
204.62	-98.73
205	-147.28
205.38	-195.111
205.76	-229.714
206.13	-226.596
206.51	-192.891
206.89	-115.333
207.27	-114.634
207.65	-157.093
208.03	-133.626
208.41	-102.716
208.79	-88.5
209.17	-62.473
209.55	-88.859
209.93	-98.228
210.3	-83.417
210.68	-58.621
211.06	-53.975
211.44	-64.22
211.82	-47.253
212.2	-46.526
212.58	-47.577
212.96	-61.728
213.33	-77.215
213.71	-49.251
214.09	-41.909
214.47	-47.963
214.85	-58.091
215.23	-70.163
215.61	-72.304
215.98	-65.414
216.36	-57.115
216.74	-65.932
217.12	-45.151
217.5	-36.703
217.88	-24.967
218.25	-24.242
218.63	-17.811
219.01	-14.254
219.39	-13.256
219.77	-4.658
220.14	-3.464
220.52	-9.68
220.9	-13.013
221.28	-8.45
221.66	-10.494
222.03	-7.459
222.41	1.977
222.79	6.044
223.17	3.296
223.55	4.85
223.92	4.345
224.3	3.656
224.68	4.842
225.06	7.087
225.43	5.793
225.81	6.78
226.19	3.471
226.57	1.935
226.95	-0.297
227.32	1.742
227.7	1.945
228.08	1.745
228.46	2.901
228.83	3.486
229.21	3.427
229.59	3.011
229.96	3.624
230.34	4.076
230.72	3.572
231.1	4.868
231.47	5.4
231.85	5.527
232.23	4.183
232.6	4.069
232.98	4
233.36	5.023
233.74	4.59
234.11	2.648
234.49	1.568
234.87	1.135
235.24	0.12
235.62	-1.798
236	-2.06
236.37	-0.896
236.75	-2.002
237.13	-1.405
237.5	-1.996
237.88	-1.317
238.26	0.827
238.63	1.156
239.01	2.181
239.39	2.129
239.76	2.695
240.14	3.373
240.52	3.73
240.89	3.893
241.27	3.557
241.65	3.495
242.02	3.923
242.4	3.599
242.77	3.475
243.15	3.086
243.53	3.181
243.9	3.124
244.28	2.887
244.66	2.87
245.03	2.624
245.41	2.318
245.78	2.481
246.16	1.598
246.54	1.498
246.91	1.665
247.29	2.089
247.66	1.891
248.04	1.919
248.41	1.886
248.79	1.971
249.17	2.304
249.54	2.74
249.92	2.796
250.29	3.865
250.67	4.121
251.04	4.404
251.42	3.877
251.8	4.44
252.17	4.256
252.55	4.062
252.92	3.831
253.3	3.648
253.67	3.547
254.05	3.139
254.42	2.772
254.8	3.002
255.17	2.564
255.55	2.655
255.92	2.103
256.3	2.306
256.67	2.362
257.05	2.376
257.42	2.419
257.8	2.503
258.17	2.82
258.55	2.641
258.92	2.416
259.3	2.638
259.67	2.648
260.05	2.55
260.42	2.457
260.8	2.578
261.17	2.616
261.55	2.61
261.92	2.578
262.3	2.333
262.67	2.47
263.05	2.518
263.42	2.164
263.79	2.54
264.17	2.722
264.54	3.174
264.92	3.179
265.29	3.214
265.67	2.879
266.04	2.52
266.42	2.648
266.79	2.284
267.16	2.107
267.54	2.286
267.91	1.91
268.29	2.044
268.66	1.896
269.03	2.171
269.41	2.063
269.78	2.399
270.16	2.77
270.53	2.707
270.9	2.785
271.28	2.954
271.65	2.9
272.03	3.061
272.4	3.069
272.77	3.048
273.15	2.675
273.52	2.582
273.89	2.485
274.27	2.114
274.64	2.187
275.01	2.369
275.39	2.231
275.76	2.141
276.14	1.925
276.51	1.799
276.88	1.633
277.26	1.797
277.63	1.959
278	1.829
278.38	2.118
278.75	2.144
279.12	2.162
279.49	2.257
279.87	2.172
280.24	2.34
280.61	2.461
280.99	2.566
281.36	2.519
281.73	2.508
282.11	2.803
282.48	2.796
282.85	2.776
283.22	2.761
283.6	2.641
283.97	2.92
284.34	3.071
284.71	3.102
285.09	3.121
285.46	3.147
285.83	3.061
286.21	2.973
286.58	2.913
286.95	2.852
287.32	2.801
287.7	2.9
288.07	2.696
288.44	2.39
288.81	2.39
289.18	2.357
289.56	2.29
289.93	2.328
290.3	2.3
290.67	2.299
291.05	2.338
291.42	2.29
291.79	2.19
292.16	2.401
292.53	2.637
292.91	2.68
293.28	2.796
293.65	2.882
294.02	3.075
294.39	3.1
294.76	3.144
295.14	3.14
295.51	3.259
295.88	3.312
296.25	3.205
296.62	3.107
297	3.106
297.37	3.077
297.74	3.176
298.11	3.142
298.48	3.063
298.85	3.04
299.22	3.027
299.6	2.978
299.97	2.957
300.34	3.076
300.71	3.143
301.08	3.136
301.45	3.186
301.82	3.025
302.19	2.919
302.56	2.977
302.94	2.969
303.31	3.082
303.68	3.2
304.05	3.28
304.42	3.186
304.79	3.292
305.16	3.176
305.53	3.122
305.9	3.237
306.27	3.313
306.64	3.255
307.02	3.288
307.39	3.261
307.76	3.123
308.13	3.25
308.5	3.281
308.87	3.216
309.24	3.43
309.61	3.435
309.98	3.382
310.35	3.515
310.72	3.75
311.09	3.869
311.46	3.819
311.83	3.79
312.2	3.593
312.57	3.54
312.94	3.558
313.31	3.382
313.68	3.366
314.05	3.532
314.42	3.363
314.79	3.387
315.16	3.211
315.53	3.332
315.9	3.295
316.27	3.523
316.64	3.644
317.01	3.714
317.38	3.809
317.75	3.872
318.12	3.879
318.49	4.065
318.86	4.088
319.23	4.312
319.6	4.246
319.97	4.603
320.34	4.673
320.71	4.908
321.08	5.015
321.45	5.122
321.82	5.421
322.19	5.371
322.55	5.27
322.92	5.372
323.29	5.516
323.66	5.857
324.03	5.903
324.4	6.004
324.77	6.087
325.14	6.314
325.51	6.807
325.88	7.02
326.25	7.629
326.61	7.971
326.98	8.351
327.35	8.753
327.72	9.217
328.09	9.806
328.46	10.187
328.83	10.755
329.2	11.024
329.56	11.397
329.93	11.661
330.3	11.739
330.67	12.306
331.04	12.751
331.41	13.186
331.78	13.245
332.14	13.278
332.51	13.629
332.88	13.802
333.25	14.183
333.62	14.197
333.99	14.646
334.35	14.882
334.72	15.061
335.09	15.241
335.46	15.44
335.83	15.627
336.19	15.882
336.56	16.044
336.93	15.946
337.3	15.904
337.67	16.032
338.03	15.953
338.4	15.898
338.77	15.826
339.14	15.792
339.5	15.734
339.87	15.9
340.24	15.947
340.61	15.969
340.97	16.128
341.34	16.34
341.71	16.261
342.08	16.363
342.44	16.469
342.81	16.621
343.18	16.484
343.55	16.396
343.91	16.325
344.28	16.398
344.65	16.429
345.02	16.43
345.38	16.208
345.75	16.232
346.12	16.085
346.48	16.16
346.85	16.158
347.22	16.13
347.59	16.074
347.95	16.17
348.32	16.116
348.69	16.125
349.05	16.095
349.42	16.455
349.79	16.517
350.15	16.576
350.52	16.482
350.89	16.408
351.25	16.516
351.62	16.566
351.99	16.378
352.35	16.356
352.72	16.372
353.09	16.323
353.45	16.082
353.82	16.112
354.18	16.253
354.55	16.214
354.92	16.283
355.28	16.249
355.65	16.178
356.02	16.262
356.38	16.204
356.75	16.135
357.11	16.192
357.48	16.189
357.85	16.15
358.21	15.998
358.58	16.042
358.94	15.949
359.31	16.005
359.67	16.08
360.04	16.036
360.41	16.124
360.77	16.028
361.14	16.045
361.5	16.074
361.87	16.055
362.23	16.169
362.6	16.244
362.97	16.293
363.33	16.284
363.7	16.316
364.06	16.332
364.43	16.251
364.79	16.465
365.16	16.42
365.52	16.42
365.89	16.504
366.25	16.457
366.62	16.432
366.98	16.647
367.35	16.554
367.71	16.599
368.08	16.741
368.44	16.842
368.81	16.769
369.17	16.858
369.54	16.931
369.9	16.94
370.27	16.94
370.63	17.019
371	16.818
371.36	16.961
371.73	16.996
372.09	16.986
372.45	16.986
372.82	17.085
373.18	17.133
373.55	17.274
373.91	17.298
374.28	17.534
374.64	17.552
375.01	17.759
375.37	17.851
375.73	17.983
376.1	17.997
376.46	18.102
376.83	18.156
377.19	18.35
377.55	18.402
377.92	18.647
378.28	18.61
378.65	18.771
379.01	18.9
379.37	19.115
379.74	19.173
380.1	19.387
380.47	19.517
380.83	19.847
381.19	19.904
381.56	20.12
381.92	20.2
382.28	20.293
382.65	20.47
383.01	20.554
383.37	20.724
383.74	20.861
384.1	21.071
384.46	21.236
384.83	21.343
385.19	21.468
385.55	21.626
385.92	21.799
386.28	22.04
386.64	22.195
387.01	22.299
387.37	22.364
387.73	22.567
388.1	22.691
388.46	22.989
388.82	23.114
389.18	23.359
389.55	23.421
389.91	23.544
390.27	23.679
390.64	23.828
391	24.101
391.36	24.247
391.72	24.455
392.09	24.555
392.45	24.606
392.81	24.824
393.17	24.962
393.54	25.204
393.9	25.305
394.26	25.563
394.62	25.776
394.99	25.937
395.35	26.162
395.71	26.305
396.07	26.649
396.43	26.915
396.8	27.13
397.16	27.304
397.52	27.506
397.88	27.8
398.24	27.954
398.61	28.186
398.97	28.37
399.33	28.504
399.69	28.674
400.05	28.697
400.42	28.927
400.78	29.025
401.14	29.288
401.5	29.438
401.86	29.698
402.22	29.948
402.59	30.079
402.95	30.242
403.31	30.518
403.67	30.711
404.03	31.023
404.39	31.062
404.75	31.342
405.12	31.563
405.48	31.838
405.84	31.98
406.2	32.077
406.56	32.279
406.92	32.524
407.28	32.756
407.64	32.938
408	33.14
408.36	33.442
408.73	33.649
409.09	33.746
409.45	33.937
409.81	34.229
410.17	34.43
410.53	34.648
410.89	34.907
411.25	35.102
411.61	35.423
411.97	35.553
412.33	35.72
412.69	35.899
413.05	36.113
413.41	36.395
413.77	36.545
414.13	36.818
414.5	37.041
414.86	37.15
415.22	37.358
415.58	37.509
415.94	37.699
416.3	37.939
416.66	38.191
417.02	38.357
417.38	38.451
417.74	38.66
418.1	38.793
418.46	38.942
418.82	39.144
419.18	39.255
419.54	39.422
419.9	39.591
420.26	39.593
420.61	39.623
420.97	39.707
421.33	39.756
421.69	39.827
422.05	39.969
422.41	40.103
422.77	40.244
423.13	40.342
423.49	40.435
423.85	40.558
424.21	40.748
424.57	40.891
424.93	41.152
425.29	41.344
425.65	41.502
426.01	41.737
426.36	41.865
426.72	41.892
427.08	42.012
427.44	42.163
427.8	42.364
428.16	42.535
428.52	42.728
428.88	42.9
429.24	42.903
429.59	43.014
429.95	42.978
430.31	43.053
430.67	43.257
431.03	43.432
431.39	43.496
431.75	43.511
432.1	43.604
432.46	43.72
432.82	43.745
433.18	44.098
433.54	44.178
433.9	44.289
434.25	44.48
434.61	44.551
434.97	44.653
435.33	44.865
435.69	44.989
436.04	45.133
436.4	45.219
436.76	45.336
437.12	45.373
437.48	45.527
437.83	45.708
438.19	45.824
438.55	46.019
438.91	46.183
439.27	46.22
439.62	46.378
439.98	46.515
440.34	46.568
440.7	46.587
441.05	46.634
441.41	46.694
441.77	46.726
442.13	46.756
442.48	46.776
442.84	46.836
443.2	46.872
443.56	46.966
443.91	46.993
444.27	47.092
444.63	47.216
444.98	47.264
445.34	47.348
445.7	47.377
446.05	47.433
446.41	47.421
446.77	47.498
447.13	47.628
447.48	47.659
447.84	47.825
448.2	47.816
448.55	47.839
448.91	47.882
449.27	47.846
449.62	47.942
449.98	47.978
450.34	48.134
450.69	48.033
451.05	48.068
451.4	47.978
451.76	47.798
452.12	47.87
452.47	47.89
452.83	48.012
453.19	48.042
453.54	48.06
453.9	48.062
454.25	48.069
454.61	48.111
454.97	48.049
455.32	48.193
455.68	48.256
456.03	48.317
456.39	48.34
456.75	48.317
457.1	48.431
457.46	48.447
457.81	48.441
458.17	48.451
458.52	48.483
458.88	48.613
459.24	48.632
459.59	48.681
459.95	48.686
460.3	48.661
460.66	48.595
461.01	48.626
461.37	48.595
461.72	48.675
462.08	48.636
462.43	48.707
462.79	48.645
463.14	48.636
463.5	48.692
463.85	48.696
464.21	48.754
464.56	48.988
464.92	48.964
465.27	48.962
465.63	49.008
465.98	49.055
466.34	49.088
466.69	49.156
467.05	49.215
467.4	49.219
467.76	49.256
468.11	49.343
468.47	49.152
468.82	49.107
469.18	49.166
469.53	49.054
469.88	49.093
470.24	49.129
470.59	49.118
470.95	49.074
471.3	49.067
471.66	49.097
472.01	49.107
472.36	49.266
472.72	49.361
473.07	49.422
473.43	49.544
473.78	49.576
474.13	49.557
474.49	49.711
474.84	49.856
475.19	49.848
475.55	49.818
475.9	49.814
476.26	49.758
476.61	49.776
476.96	49.761
477.32	49.803
477.67	49.862
478.02	49.854
478.38	49.706
478.73	49.681
479.08	49.746
479.44	49.84
479.79	49.755
480.14	49.702
480.5	49.715
480.85	49.787
481.2	49.865
481.56	49.964
481.91	50.15
482.26	50.282
482.62	50.256
482.97	50.237
483.32	50.158
483.67	50.141
484.03	50.126
484.38	50.074
484.73	50.118
485.08	50.165
485.44	50.139
485.79	50.064
486.14	49.927
486.49	49.93
486.85	50.003
487.2	50.015
487.55	50.099
487.9	50.185
488.26	50.247
488.61	50.216
488.96	50.16
489.31	50.213
489.67	50.201
490.02	50.296
490.37	50.291
490.72	50.221
491.07	50.302
491.43	50.326
491.78	50.329
492.13	50.426
492.48	50.428
492.83	50.385
493.19	50.361
493.54	50.419
493.89	50.487
494.24	50.562
494.59	50.746
494.94	50.858
495.29	50.974
495.65	51.06
496	51.056
496.35	51.187
496.7	51.408
497.05	51.454
497.4	51.508
497.75	51.53
498.11	51.694
498.46	51.734
498.81	51.881
499.16	51.887
499.51	52.044
499.86	52.173
500.21	52.312
500.56	52.379
500.91	52.432
501.26	52.572
501.62	52.795
501.97	52.786
502.32	52.731
502.67	52.655
503.02	52.759
503.37	52.725
503.72	52.695
504.07	52.588
504.42	52.6
504.77	52.714
505.12	52.816
505.47	52.718
505.82	52.788
506.17	52.934
506.52	53.093
506.87	53.246
507.22	53.401
507.57	53.673
507.92	53.82
508.27	53.896
508.62	53.981
508.97	54.055
509.32	54.253
509.67	54.375
510.02	54.428
510.37	54.525
510.72	54.472
511.07	54.479
511.42	54.428
511.77	54.504
512.12	54.626
512.47	54.69
512.82	54.771
513.17	54.776
513.52	54.879
513.87	54.95
514.22	54.975
514.57	55.223
514.91	55.438
515.26	55.616
515.61	55.769
515.96	55.87
516.31	56.012
516.66	56.142
517.01	56.206
517.36	56.229
517.71	56.344
518.06	56.457
518.41	56.512
518.75	56.529
519.1	56.519
519.45	56.568
519.8	56.575
520.15	56.642
520.5	56.617
520.85	56.776
521.19	56.984
521.54	57.241
521.89	57.31
522.24	57.439
522.59	57.63
522.94	57.84
523.28	58.065
523.63	58.305
523.98	58.437
524.33	58.532
524.68	58.669
525.03	58.775
525.37	58.961
525.72	59.209
526.07	59.387
526.42	59.608
526.76	59.814
527.11	59.893
527.46	60.014
527.81	60.087
528.16	60.195
528.5	60.221
528.85	60.263
529.2	60.217
529.55	60.229
529.89	60.28
530.24	60.306
530.59	60.35
530.94	60.503
531.28	60.664
531.63	60.865
531.98	61.063
532.32	61.179
532.67	61.331
533.02	61.441
533.37	61.614
533.71	61.733
534.06	61.829
534.41	61.959
534.75	62.094
535.1	62.196
535.45	62.334
535.79	62.468
536.14	62.699
536.49	62.837
536.83	63.046
537.18	63.236
537.53	63.338
537.87	63.465
538.22	63.541
538.57	63.745
538.91	63.94
539.26	64.205
539.61	64.399
539.95	64.732
540.3	64.863
540.64	64.934
540.99	64.983
541.34	65.068
541.68	65.215
542.03	65.315
542.37	65.279
542.72	65.286
543.07	65.257
543.41	65.229
543.76	65.096
544.1	65.197
544.45	65.309
544.8	65.472
545.14	65.703
545.49	65.808
545.83	65.965
546.18	66.137
546.52	66.296
546.87	66.482
547.21	66.729
547.56	66.965
547.9	67.223
548.25	67.486
548.59	67.531
548.94	67.663
549.29	67.824
549.63	68.01
549.98	68.258
550.32	68.469
550.67	68.639
551.01	68.717
551.35	68.762
551.7	68.733
552.04	68.783
552.39	68.951
552.73	68.985
553.08	69.002
553.42	69.073
553.77	69.194
554.11	69.238
554.46	69.235
554.8	69.429
555.15	69.563
555.49	69.865
555.83	69.892
556.18	69.884
556.52	70.168
556.87	70.308
557.21	70.37
557.56	70.474
557.9	70.462
558.24	70.726
558.59	70.819
558.93	70.799
559.28	70.629
559.62	70.844
559.96	71.033
560.31	70.984
560.65	71.073
560.99	71.198
561.34	71.258
561.68	71.373
562.02	71.444
562.37	71.486
562.71	71.639
563.06	71.877
563.4	71.991
563.74	72.199
564.09	72.248
564.43	72.402
564.77	72.614
565.11	72.696
565.46	72.648
565.8	72.623
566.14	72.564
566.49	72.623
566.83	72.582
567.17	72.633
567.52	72.54
567.86	72.571
568.2	72.559
568.54	72.61
568.89	72.611
569.23	72.916
569.57	73.078
569.91	73.497
570.26	73.625
570.6	73.69
570.94	73.653
571.28	73.798
571.63	73.921
571.97	73.972
572.31	73.981
572.65	74.036
573	74.041
573.34	74.091
573.68	74.025
574.02	74.06
574.36	74.164
574.71	74.358
575.05	74.398
575.39	74.304
575.73	74.358
576.07	74.384
576.42	74.414
576.76	74.517
577.1	74.426
577.44	74.303
577.78	74.349
578.12	74.291
578.46	74.162
578.81	74.038
579.15	74.015
579.49	74.132
579.83	74.116
580.17	74.22
580.51	74.129
580.85	74.132
581.2	74.292
581.54	74.327
581.88	74.554
582.22	74.589
582.56	74.883
582.9	75.188
583.24	75.127
583.58	75.298
583.92	75.319
584.26	75.317
584.6	75.544
584.95	75.478
585.29	75.474
585.63	75.479
585.97	75.634
586.31	75.588
586.65	75.661
586.99	75.736
587.33	75.595
587.67	75.607
588.01	75.662
588.35	75.62
588.69	75.553
589.03	75.698
589.37	75.646
589.71	75.673
590.05	75.561
590.39	75.598
590.73	75.694
591.07	75.868
591.41	75.87
591.75	75.995
592.09	76.034
592.43	76.25
592.77	76.228
593.11	76.283
593.45	76.317
593.79	76.385
594.13	76.625
594.47	76.613
594.81	76.786
595.14	76.789
595.48	76.723
595.82	76.743
596.16	76.755
596.5	76.738
596.84	76.724
597.18	76.789
597.52	76.801
597.86	76.527
598.2	76.58
598.54	76.555
598.87	76.624
599.21	76.669
599.55	76.739
599.89	76.749
600.23	76.956
600.57	77.141
600.91	77.017
601.25	77.048
601.58	77.144
601.92	77.049
602.26	76.929
602.6	76.99
602.94	77.167
603.28	77.106
603.61	77.152
603.95	77.036
604.29	76.959
604.63	77.049
604.97	77.101
605.3	77.054
605.64	77.084
605.98	77.088
606.32	77.027
606.66	76.901
606.99	76.901
607.33	76.955
607.67	77.023
608.01	77.063
608.34	76.994
608.68	77.019
609.02	76.867
609.36	76.742
609.69	76.754
610.03	76.73
610.37	76.66
610.71	76.672
611.04	76.64
611.38	76.512
611.72	76.633
612.06	76.641
612.39	76.699
612.73	76.993
613.07	77.301
613.4	77.163
613.74	77.347
614.08	77.542
614.41	77.661
614.75	77.663
615.09	77.938
615.42	77.838
615.76	77.92
616.1	78.056
616.43	78.13
616.77	78.21
617.11	78.409
617.44	78.225
617.78	78.212
618.12	78.339
618.45	78.382
618.79	78.425
619.13	78.587
619.46	78.694
619.8	78.497
620.13	78.422
620.47	78.186
620.81	78.263
621.14	78.472
621.48	78.459
621.81	78.415
622.15	78.494
622.48	78.426
622.82	78.31
623.16	78.357
623.49	78.399
623.83	78.59
624.16	78.75
624.5	78.753
624.83	78.918
625.17	78.871
625.5	78.856
625.84	78.935
626.18	78.73
626.51	78.656
626.85	78.695
627.18	78.638
627.52	78.578
627.85	78.585
628.19	78.451
628.52	78.468
628.86	78.522
629.19	78.609
629.53	78.437
629.86	78.598
630.19	78.633
630.53	78.463
630.86	78.838
631.2	78.889
631.53	78.95
631.87	79.233
632.2	79.138
632.54	79.177
632.87	79.016
633.2	79.018
633.54	78.87
633.87	78.911
634.21	79.133
634.54	78.958
634.88	78.988
635.21	79.03
635.54	78.852
635.88	78.931
636.21	78.934
636.55	78.841
636.88	78.739
637.21	79.032
637.55	79.314
637.88	79.133
638.21	79.318
638.55	79.172
638.88	79.087
639.21	78.988
639.55	78.978
639.88	79.196
640.21	79.279
640.55	79.514
640.88	79.5
641.21	79.401
641.55	79.702
641.88	79.401
642.21	79.444
642.55	79.516
642.88	79.82
643.21	79.737
643.55	79.601
643.88	79.68
644.21	79.676
644.54	79.799
644.88	79.755
645.21	79.912
645.54	80.185
645.87	80.273
646.21	80.151
646.54	80.116
646.87	80.108
647.2	80.105
647.54	80.103
647.87	80.066
648.2	79.632
648.53	79.492
648.87	79.151
649.2	78.962
649.53	78.935
649.86	79.116
650.19	78.857
650.53	78.982
650.86	79.196
651.19	79.315
651.52	79.585
651.85	79.941
652.18	80.139
652.52	80.205
652.85	80.383
653.18	80.41
653.51	80.253
653.84	80.336
654.17	80.32
654.51	80.197
654.84	80.204
655.17	79.842
655.5	79.461
655.83	79.378
656.16	79.261
656.49	79.163
656.82	79.313
657.15	79.354
657.49	79.573
657.82	79.608
658.15	79.625
658.48	79.538
658.81	79.752
659.14	80.041
659.47	79.924
659.8	80.02
660.13	80.013
660.46	79.891
660.79	80.021
661.12	79.972
661.45	79.888
661.78	79.99
662.11	80.089
662.44	80.153
662.77	80.171
663.1	80.374
663.43	80.357
663.76	80.232
664.09	80.38
664.42	80.561
664.75	80.914
665.08	80.894
665.41	80.748
665.74	80.601
666.07	80.893
666.4	80.79
666.73	80.716
667.06	80.785
667.39	80.955
667.72	80.851
668.05	80.561
668.38	80.075
668.71	80.104
669.04	80.377
669.37	80.748
669.7	80.279
670.03	80.308
670.36	80.249
670.69	80.129
671.01	80.098
671.34	80.005
671.67	80.101
672	80.189
672.33	80.086
672.66	79.889
672.99	79.645
673.32	79.659
673.64	79.94
673.97	80.12
674.3	80.241
674.63	80.137
674.96	79.884
675.29	80.051
675.62	80.34
675.94	80.379
676.27	80.104
676.6	79.777
676.93	80.261
677.26	79.818
677.58	79.706
677.91	79.727
678.24	80.101
678.57	80.423
678.9	80.165
679.22	79.965
679.55	80.364
679.88	80.621
680.21	80.913
680.54	80.463
680.86	80.912
681.19	80.903
681.52	80.876
681.85	80.484
682.17	80.36
682.5	80.451
682.83	80.31
683.16	80.085
683.48	80.037
683.81	79.827
684.14	79.738
684.46	79.583
684.79	79.604
685.12	79.599
685.45	79.621
685.77	79.952
686.1	79.985
686.43	79.969
686.75	79.651
687.08	79.584
687.41	79.677
687.73	79.926
688.06	79.892
688.39	79.965
688.71	79.956
689.04	79.952
689.36	79.794
689.69	79.562
690.02	79.681
690.34	79.558
690.67	79.611
691	79.639
691.32	79.355
691.65	79.438
691.97	79.377
692.3	79.161
692.63	79.303
692.95	79.242
693.28	79.648
693.6	79.444
693.93	79.799
694.26	79.638
694.58	79.544
694.91	79.611
695.23	79.49
695.56	79.286
695.88	79.656
696.21	79.408
696.53	79.397
696.86	79.111
697.18	79.44
697.51	79.366
697.83	79.531
698.16	79.729
698.48	79.81
698.81	79.433
699.13	79.42
699.46	79.343
699.78	79.115
700.11	78.955
700.43	78.783
700.76	78.251
701.08	78.319
701.41	77.87
701.73	77.531
702.06	77.724
702.38	77.782
702.71	77.496
703.03	77.276
703.35	77.896
703.68	77.554
704	77.659
704.33	77.779
704.65	77.779
704.98	78.08
705.3	78.449
705.62	77.858
705.95	78.202
706.27	78.223
706.6	78.101
706.92	77.705
707.24	78.276
707.57	78.43
707.89	78.28
708.21	77.902
708.54	77.495
708.86	76.809
709.18	77.183
709.51	77.113
709.83	77.643
710.15	77.506
710.48	77.523
710.8	77.087
711.12	76.729
711.45	76.87
711.77	77.054
712.09	77.472
712.42	77.693
712.74	77.441
713.06	77.258
713.38	76.702
713.71	76.895
714.03	76.793
714.35	76.624
714.68	76.457
715	76.806
715.32	76.431
715.64	76.3
715.97	76.134
716.29	75.552
716.61	75.461
716.93	76.026
717.25	75.926
717.58	75.468
717.9	75.795
718.22	75.756
718.54	75.166
718.87	74.579
719.19	74.625
719.51	74.788
719.83	75.245
720.15	75.545
720.47	75.133
720.8	74.866
721.12	74.925
721.44	74.383
721.76	74.59
722.08	74.149
722.4	74.681
722.73	74.59
723.05	74.285
723.37	74.341
723.69	73.723
724.01	73.427
724.33	73.591
724.65	74.172
724.97	74.145
725.3	74.354
725.62	74.173
725.94	74.317
726.26	73.931
726.58	74.159
726.9	73.715
727.22	73.896
727.54	73.177
727.86	73.394
728.18	73.412
728.5	74.049
728.82	73.715
729.14	73.266
729.46	73.18
729.78	73.524
730.1	72.797
730.42	73.014
730.74	72.905
731.07	73.34
731.39	72.63
731.71	72.862
732.03	71.529
732.35	71.388
732.66	72.58
732.98	72.175
733.3	72.149
733.62	72.514
733.94	72.271
734.26	71.183
734.58	71.094
734.9	70.799
735.22	70.474
735.54	71.178
735.86	71.252
736.18	70.714
736.5	70.644
736.82	70.076
737.14	70.143
737.46	70.196
737.78	70.653
738.1	70.662
738.41	70.736
738.73	70.602
739.05	70.627
739.37	69.359
739.69	69.853
740.01	70.415
740.33	70.334
740.65	69.227
740.96	68.484
741.28	68.746
741.6	68.059
741.92	67.54
742.24	67.5
742.56	66.866
742.88	67.591
743.19	66.333
743.51	65.401
743.83	64.697
744.15	65.163
744.47	65.674
744.78	65.704
745.1	66.371
745.42	67.854
745.74	67.515
746.06	68.46
746.37	68.882
746.69	69.96
747.01	69.996
747.33	70.148
747.64	70.291
747.96	69.45
748.28	68.998
748.6	68.316
748.91	67.223
749.23	66.797
749.55	65.95
749.87	66.077
750.18	66.718
750.5	66.979
750.82	67.586
751.13	67.665
751.45	69.286
751.77	70.025
752.08	70.618
752.4	71.193
752.72	71.492
753.03	70.903
753.35	70.902
753.67	69.757
753.98	69.215
754.3	68.688
754.62	68.137
754.93	65.961
755.25	65.15
755.57	64.574
755.88	65.726
756.2	64.847
756.51	66.372
756.83	66.402
757.15	66.376
757.46	66.8
757.78	66.572
758.09	66.953
758.41	67.847
758.73	67.482
759.04	68.677
759.36	67.106
759.67	67.486
759.99	66.033
760.3	66.366
760.62	64.987
760.94	64.672
761.25	65.586
761.57	66.033
761.88	66.468
762.2	66.278
762.51	64.609
762.83	65.111
763.14	64.472
763.46	65.127
763.77	64.411
764.09	65.451
764.4	65.223
764.72	64.29
765.03	63.805
765.35	63.903
765.66	64.765
765.98	65.886
766.29	64.576
766.61	65.048
766.92	64.921
767.23	64.683
767.55	63.895
767.86	64.332
768.18	63.65
768.49	63.163
768.81	61.888
769.12	61.463
769.43	61.176
769.75	62.006
770.06	62.279
770.38	61.457
770.69	62.087
771	62.1
771.32	61.474
771.63	62.438
771.94	61.969
772.26	61.713
772.57	60.327
772.89	58.497
773.2	57.455
773.51	56.417
773.83	56.434
774.14	55.314
774.45	55.144
774.77	54.338
775.08	54.674
775.39	55.648
775.7	57.785
776.02	59.06
776.33	58.082
776.64	57.898
776.96	58.021
777.27	57.195
777.58	56.941
777.89	57.621
778.21	59.611
778.52	59.742
778.83	60.363
779.14	58.894
779.46	57.116
779.77	58.906
780.08	60.806
780.39	62.218
780.71	62.376
781.02	61.977
781.33	61.007
781.64	59.729
781.95	59.253
782.27	57.344
782.58	55.071
782.89	54.928
783.2	54.814
783.51	52.594
783.83	51.036
784.14	53.938
784.45	53.535
784.76	54.022
785.07	54.637
785.38	53.883
785.7	53.689
786.01	56.881
786.32	59.474
786.63	60.021
786.94	60.615
787.25	60.208
787.56	58.006
787.87	59.148
788.18	59.336
788.5	58.905
788.81	59.825
789.12	61.615
789.43	60.089
789.74	59.534
790.05	57.714
790.36	58.115
790.67	58.568
790.98	57.981
791.29	58.948
791.6	57.925
791.91	58.592
792.22	58.856
792.53	58.408
792.84	57.277
793.15	58.268
793.46	58.492
793.77	56.898
794.08	55.958
794.39	57.175
794.7	55.877
795.01	55.038
795.32	52.143
795.63	48.542
795.94	47.271
796.25	48.717
796.56	48.515
796.87	49.498
797.18	49.574
797.49	50.303
797.8	50.39
798.11	49.303
798.42	49.817
798.73	49.928
799.04	52.767
799.35	51.904
799.65	50.698
799.96	49.305
800.27	47.198
800.58	46.911
800.89	47.167
801.2	45.77
801.51	45.209
801.82	46.578
802.13	48.122
802.43	48.661
802.74	49.594
803.05	50.575
803.36	51.333
803.67	52.778
803.98	55.82
804.28	54.572
804.59	54.83
804.9	56.964
805.21	52.871
805.52	52.205
805.83	52.373
806.13	52.723
806.44	53.24
806.75	53.348
807.06	51.93
807.36	50.811
807.67	50.147
807.98	49.274
808.29	47.491
808.6	47.938
808.9	46.165
809.21	42.681
809.52	43.698
809.83	43.482
810.13	42.367
810.44	42.148
810.75	41.108
811.05	41.906
811.36	40.693
811.67	42.288
811.98	43.573
812.28	44.333
812.59	45.855
812.9	42.294
813.2	41.099
813.51	40.239
813.82	40.835
814.12	38.854
814.43	41.103
814.74	40.386
815.04	38.57
815.35	41.346
815.65	45.406
815.96	46.601
816.27	52.03
816.57	51.026
816.88	49.505
817.19	50.043
817.49	50.945
817.8	47.029
818.1	44.866
818.41	46.085
818.72	44.574
819.02	42.621
819.33	45.23
819.63	42.112
819.94	42.651
820.24	46.334
820.55	46.867
820.85	49.087
821.16	50.735
821.47	53.249
821.77	53.44
822.08	53.524
822.38	52.653
822.69	52.009
822.99	51.919
823.3	50.994
823.6	49.822
823.91	49.541
824.21	49.715
824.52	49.448
824.82	47.618
825.13	44.993
825.43	43.847
825.73	43.84
826.04	42.704
826.34	43.317
826.65	45.033
826.95	46.011
827.26	46.146
827.56	43.499
827.87	42.165
828.17	42.23
828.47	44.689
828.78	44.114
829.08	43.373
829.39	42.752
829.69	40.86
829.99	38.952
830.3	38.06
830.6	38.304
830.9	39.094
831.21	39.694
831.51	42.512
831.82	41.921
832.12	42.589
832.42	44.157
832.73	43.14
833.03	45.651
833.33	47.002
833.64	46.135
833.94	47.677
834.24	45.938
834.54	45.642
834.85	43.805
835.15	41.826
835.45	40.269
835.76	37.861
836.06	36.754
836.36	33.839
836.66	32.897
836.97	32.146
837.27	30.525
837.57	31.394
837.87	31.663
838.18	33.186
838.48	37.713
838.78	39.646
839.08	44.805
839.39	48.03
839.69	45.941
839.99	44.545
840.29	43.337
840.59	37.832
840.9	35.829
841.2	36.909
841.5	34.522
841.8	28.42
842.1	27.166
842.41	20.594
842.71	18.898
843.01	16.59
843.31	15.873
843.61	19.22
843.91	22.556
844.21	29.743
844.52	28.912
844.82	25.634
845.12	29.356
845.42	37.143
845.72	43.834
846.02	41.91
846.32	40.363
846.62	41.057
846.92	38.063
847.22	32.195
847.52	25.93
847.83	11.26
848.13	14.318
848.43	22.388
848.73	9.613
849.03	8.653
849.33	6.095
849.63	7.184
849.93	4.258
850.23	-0.114
850.53	-5.754
850.83	-8.583
851.13	3.877
851.43	1.831
851.73	-1.949
852.03	2.811
852.33	-1.336
852.63	-3.036
852.93	-6.452
853.23	-13.189
853.53	3.153
853.83	15.278
854.13	6.639
854.43	10.108
854.73	12.522
855.03	16.184
855.32	22.168
855.62	31.229
855.92	26.929
856.22	26.087
856.52	23.043
856.82	11.867
857.12	1.439
857.42	11.425
857.72	17.595
858.02	20.968
858.31	13.427
858.61	4.915
858.91	-3.333
859.21	0.758
859.51	12.442
859.81	22.394
860.11	25.702
860.4	30.476
860.7	25.678
861	19.79
861.3	12.027
861.6	-2.301
861.9	14.535
862.19	2.861
862.49	-2.866
862.79	-20.583
863.09	-30.347
863.39	-46.038
863.68	-32.328
863.98	-26.965
864.28	-35.135
864.58	-32.239
864.87	-18.333
865.17	-37.48
865.47	-25.758
865.77	-18.367
866.06	-13.783
866.36	-10.881
866.66	-3.218
866.96	-9.637
867.25	-7.258
867.55	2.698
867.85	4.468
868.14	10.13
868.44	15.723
868.74	12
869.03	7.797
869.33	4.472
869.63	0.711
869.92	1.691
870.22	-5.305
870.52	-1.62
870.81	-5.418
871.11	-4.313
871.41	-50.769
871.7	-73.77
872	-73.958
872.3	-13.137
872.59	-12.011
872.89	-19.777
873.18	-9.244
873.48	2.472
873.78	-11.463
874.07	-22.663
874.37	-23.587
874.66	-8.126
874.96	-7.984
875.25	-25.902
875.55	-41.489
875.85	-35.912
876.14	-25.984
876.44	-28.534
876.73	-71.104
877.03	-63.014
877.32	-68.571
877.62	-44.444
877.91	-54.762
878.21	-45.641
878.5	-18.215
878.8	-40.497
879.09	-57.904
879.39	-43.163
879.68	-34.146
879.98	-4.963
880.27	3.203
880.57	7.264
880.86	9.296
881.16	17.968
881.45	15.848
881.74	22.167
882.04	31.104
882.33	32.155
882.63	33.385
882.92	32.786
883.22	28.353
883.51	27.404
883.8	28.576
884.1	26.522
884.39	23.29
884.69	24.226
884.98	21.815
885.27	16.574
885.57	13.668
885.86	2.632
886.15	-5.9
886.45	-8.552
886.74	-19.699
887.03	-16.863
887.33	-13.033
887.62	-6.323
887.91	-27.723
888.21	-95.833
888.5	71.429
888.79	22.105
889.09	29.231
