190.56	214.286
190.94	214.286
191.32	214.286
191.7	1500
192.08	31.818
192.46	118.421
192.84	138.095
193.22	197.561
193.6	168.852
193.98	145.902
194.36	166.667
194.74	105.66
195.13	100.917
195.51	79.245
195.89	192.453
196.27	107.317
196.65	93.75
197.03	121.154
197.4	71.429
197.78	172.093
198.16	26.531
198.54	0
198.92	72.581
199.3	32.967
199.68	30.631
200.06	-4.795
200.44	5.882
200.82	80.702
201.2	30.417
201.58	34.639
201.96	9.145
202.34	14.085
202.72	16.894
203.1	21.882
203.48	26.392
203.86	30.275
204.24	33.719
204.62	24.551
205	-3.178
205.38	-30.831
205.76	-49.333
206.13	-63.666
206.51	-44.377
206.89	-76.25
207.27	-132.669
207.65	-161.14
208.03	-137.5
208.41	-118.272
208.79	-102.667
209.17	-45.301
209.55	-24.464
209.93	-36.905
210.3	7.306
210.68	0
211.06	27.336
211.44	24.215
211.82	12.587
212.2	13.006
212.58	25.916
212.96	14.969
213.33	-20.408
213.71	0.983
214.09	10.721
214.47	-23.162
214.85	-12.756
215.23	-22.661
215.61	-11.631
215.98	-2.752
216.36	-16.993
216.74	-20.118
217.12	-20.12
217.5	-2.966
217.88	-8.476
218.25	-5.015
218.63	-4.236
219.01	-3.434
219.39	-0.595
219.77	-0.405
220.14	-3.357
220.52	7.208
220.9	16.148
221.28	17.593
221.66	7.041
222.03	6.368
222.41	0.948
222.79	4.581
223.17	3.761
223.55	3.992
223.92	3.013
224.3	3.212
224.68	2.486
225.06	-0.044
225.43	1.109
225.81	5.336
226.19	6.658
226.57	5.869
226.95	7.807
227.32	4.516
227.7	3.513
228.08	3.555
228.46	2.397
228.83	2.384
229.21	1.681
229.59	2.432
229.96	2.129
230.34	1.024
230.72	0.323
231.1	-0.722
231.47	0.754
231.85	1.132
232.23	0.199
232.6	1.01
232.98	0.608
233.36	0.517
233.74	-0.84
234.11	-0.262
234.49	1.649
234.87	3.922
235.24	3.327
235.62	2.734
236	1.942
236.37	3.08
236.75	2.88
237.13	3.646
237.5	3.935
237.88	3.488
238.26	2.909
238.63	1.791
239.01	1.114
239.39	1.479
239.76	1.276
240.14	1.656
240.52	1.328
240.89	1.976
241.27	2.045
241.65	2.113
242.02	2.272
242.4	2.524
242.77	2.765
243.15	2.646
243.53	2.629
243.9	2.612
244.28	2.662
244.66	2.906
245.03	2.913
245.41	2.6
245.78	2.373
246.16	2.135
246.54	1.9
246.91	1.993
247.29	1.934
247.66	1.626
248.04	1.737
248.41	1.744
248.79	1.365
249.17	1.087
249.54	1.418
249.92	1.33
250.29	1.564
250.67	1.931
251.04	1.774
251.42	1.563
251.8	1.792
252.17	1.662
252.55	1.506
252.92	1.758
253.3	1.766
253.67	1.37
254.05	1.764
254.42	1.898
254.8	1.561
255.17	1.705
255.55	2.271
255.92	2.548
256.3	2.393
256.67	2.438
257.05	2.164
257.42	1.977
257.8	1.853
258.17	1.675
258.55	1.508
258.92	1.441
259.3	1.218
259.67	1.053
260.05	0.829
260.42	0.78
260.8	0.861
261.17	0.943
261.55	0.916
261.92	0.801
262.3	0.726
262.67	0.872
263.05	0.898
263.42	1.13
263.79	1.286
264.17	1.506
264.54	1.75
264.92	1.521
265.29	1.445
265.67	1.575
266.04	1.55
266.42	1.366
266.79	1.226
267.16	1.527
267.54	1.474
267.91	1.352
268.29	1.474
268.66	1.168
269.03	1.304
269.41	1.085
269.78	1.013
270.16	1.219
270.53	1.306
270.9	1.237
271.28	0.796
271.65	0.796
272.03	0.708
272.4	0.581
272.77	0.757
273.15	0.681
273.52	0.744
273.89	0.73
274.27	0.646
274.64	0.633
275.01	0.558
275.39	0.887
275.76	0.804
276.14	0.808
276.51	0.979
276.88	1.049
277.26	0.921
277.63	0.899
278	0.842
278.38	0.912
278.75	0.873
279.12	0.999
279.49	1.016
279.87	0.984
280.24	1.104
280.61	0.91
280.99	0.773
281.36	0.795
281.73	1.028
282.11	1.207
282.48	1.106
282.85	1.224
283.22	1.166
283.6	1.016
283.97	1.135
284.34	1.185
284.71	1.289
285.09	1.319
285.46	1.47
285.83	1.389
286.21	1.284
286.58	1.318
286.95	1.379
287.32	1.51
287.7	1.693
288.07	1.734
288.44	1.65
288.81	1.726
289.18	1.845
289.56	1.871
289.93	1.878
290.3	1.953
290.67	1.9
291.05	1.756
291.42	1.581
291.79	1.381
292.16	1.303
292.53	1.397
292.91	1.234
293.28	1.079
293.65	1.065
294.02	1.109
294.39	1.109
294.76	1.149
295.14	1.194
295.51	1.224
295.88	1.287
296.25	1.356
296.62	1.398
297	1.585
297.37	1.755
297.74	1.81
298.11	1.937
298.48	1.888
298.85	1.994
299.22	2.052
299.6	2.136
299.97	2.225
300.34	2.304
300.71	2.169
301.08	2.124
301.45	1.897
301.82	1.836
302.19	1.717
302.56	1.807
302.94	1.803
303.31	1.709
303.68	1.679
304.05	1.758
304.42	1.76
304.79	1.774
305.16	1.819
305.53	1.958
305.9	1.831
306.27	1.794
306.64	1.724
307.02	1.726
307.39	1.921
307.76	2.058
308.13	2.034
308.5	2.065
308.87	2.118
309.24	2.087
309.61	2.074
309.98	2.196
310.35	2.222
310.72	2.326
311.09	2.379
311.46	2.196
311.83	2.23
312.2	2.051
312.57	1.854
312.94	1.956
313.31	1.829
313.68	1.918
314.05	1.849
314.42	1.683
314.79	1.73
315.16	1.645
315.53	1.573
315.9	1.532
316.27	1.599
316.64	1.593
317.01	1.546
317.38	1.603
317.75	1.699
318.12	1.735
318.49	1.923
318.86	1.791
319.23	1.757
319.6	1.894
319.97	1.755
320.34	1.767
320.71	1.78
321.08	1.806
321.45	1.762
321.82	1.65
322.19	1.827
322.55	1.703
322.92	1.614
323.29	1.57
323.66	1.691
324.03	1.725
324.4	1.604
324.77	1.657
325.14	1.656
325.51	1.633
325.88	1.523
326.25	1.452
326.61	1.583
326.98	1.734
327.35	1.797
327.72	1.578
328.09	1.574
328.46	1.584
328.83	1.519
329.2	1.537
329.56	1.649
329.93	1.675
330.3	1.466
330.67	1.381
331.04	1.396
331.41	1.383
331.78	1.531
332.14	1.504
332.51	1.573
332.88	1.419
333.25	1.325
333.62	1.222
333.99	1.327
334.35	1.424
334.72	1.457
335.09	1.447
335.46	1.319
335.83	1.163
336.19	1.116
336.56	0.981
336.93	1.047
337.3	0.866
337.67	0.921
338.03	0.724
338.4	0.67
338.77	0.539
339.14	0.489
339.5	0.598
339.87	0.701
340.24	0.658
340.61	0.609
340.97	0.635
341.34	0.715
341.71	0.698
342.08	0.697
342.44	0.733
342.81	0.698
343.18	0.576
343.55	0.505
343.91	0.386
344.28	0.404
344.65	0.546
345.02	0.51
345.38	0.483
345.75	0.472
346.12	0.42
346.48	0.333
346.85	0.24
347.22	0.246
347.59	0.215
347.95	0.233
348.32	0.072
348.69	-0.052
349.05	-0.185
349.42	-0.124
349.79	-0.365
350.15	-0.434
350.52	-0.586
350.89	-0.681
351.25	-0.746
351.62	-0.869
351.99	-0.988
352.35	-0.965
352.72	-1.077
353.09	-1.261
353.45	-1.568
353.82	-1.508
354.18	-1.602
354.55	-1.518
354.92	-1.4
355.28	-1.559
355.65	-1.635
356.02	-1.596
356.38	-1.52
356.75	-1.434
357.11	-1.294
357.48	-1.238
357.85	-1.38
358.21	-1.308
358.58	-1.441
358.94	-1.615
359.31	-1.64
359.67	-1.639
360.04	-1.743
360.41	-1.9
360.77	-2.046
361.14	-2.194
361.5	-2.248
361.87	-2.211
362.23	-2.368
362.6	-2.385
362.97	-2.384
363.33	-2.39
363.7	-2.404
364.06	-2.605
364.43	-2.576
364.79	-2.656
365.16	-2.658
365.52	-2.671
365.89	-2.724
366.25	-2.661
366.62	-2.679
366.98	-2.749
367.35	-2.835
367.71	-3.004
368.08	-2.874
368.44	-3.1
368.81	-3.118
369.17	-3.071
369.54	-3.09
369.9	-3.1
370.27	-3.263
370.63	-3.362
371	-3.314
371.36	-3.264
371.73	-3.139
372.09	-3.187
372.45	-3.064
372.82	-3.054
373.18	-3.088
373.55	-3.166
373.91	-3.17
374.28	-3.082
374.64	-2.932
375.01	-2.99
375.37	-3.03
375.73	-3.059
376.1	-2.996
376.46	-2.971
376.83	-2.897
377.19	-2.909
377.55	-2.793
377.92	-2.76
378.28	-2.654
378.65	-2.721
379.01	-2.702
379.37	-2.682
379.74	-2.682
380.1	-2.667
380.47	-2.688
380.83	-2.724
381.19	-2.618
381.56	-2.551
381.92	-2.569
382.28	-2.566
382.65	-2.61
383.01	-2.475
383.37	-2.449
383.74	-2.417
384.1	-2.432
384.46	-2.453
384.83	-2.395
385.19	-2.496
385.55	-2.544
385.92	-2.534
386.28	-2.6
386.64	-2.533
387.01	-2.631
387.37	-2.607
387.73	-2.501
388.1	-2.425
388.46	-2.409
388.82	-2.416
389.18	-2.138
389.55	-2.062
389.91	-1.963
390.27	-1.809
390.64	-1.741
391	-1.682
391.36	-1.669
391.72	-1.761
392.09	-1.707
392.45	-1.627
392.81	-1.539
393.17	-1.687
393.54	-1.646
393.9	-1.581
394.26	-1.595
394.62	-1.567
394.99	-1.417
395.35	-1.295
395.71	-1.148
396.07	-1.105
396.43	-1.037
396.8	-0.989
397.16	-0.826
397.52	-0.735
397.88	-0.716
398.24	-0.54
398.61	-0.39
398.97	-0.414
399.33	-0.338
399.69	-0.315
400.05	-0.211
400.42	-0.058
400.78	-0.018
401.14	-0.038
401.5	-0.048
401.86	0.019
402.22	0.005
402.59	0.019
402.95	0.122
403.31	0.302
403.67	0.397
404.03	0.442
404.39	0.427
404.75	0.532
405.12	0.651
405.48	0.806
405.84	0.818
406.2	0.864
406.56	0.904
406.92	0.98
407.28	0.946
407.64	0.991
408	1.074
408.36	1.174
408.73	1.19
409.09	1.271
409.45	1.272
409.81	1.367
410.17	1.403
410.53	1.42
410.89	1.545
411.25	1.557
411.61	1.666
411.97	1.684
412.33	1.69
412.69	1.775
413.05	1.843
413.41	1.936
413.77	1.991
414.13	2.087
414.5	2.214
414.86	2.207
415.22	2.285
415.58	2.33
415.94	2.363
416.3	2.411
416.66	2.55
417.02	2.507
417.38	2.566
417.74	2.641
418.1	2.654
418.46	2.701
418.82	2.772
419.18	2.832
419.54	2.898
419.9	2.996
420.26	3.049
420.61	3.051
420.97	3.121
421.33	3.165
421.69	3.191
422.05	3.3
422.41	3.29
422.77	3.346
423.13	3.428
423.49	3.467
423.85	3.546
424.21	3.621
424.57	3.592
424.93	3.652
425.29	3.685
425.65	3.738
426.01	3.775
426.36	3.9
426.72	3.981
427.08	3.988
427.44	4.035
427.8	4.031
428.16	4.086
428.52	4.177
428.88	4.24
429.24	4.251
429.59	4.299
429.95	4.326
430.31	4.349
430.67	4.29
431.03	4.302
431.39	4.304
431.75	4.326
432.1	4.318
432.46	4.361
432.82	4.292
433.18	4.318
433.54	4.318
433.9	4.335
434.25	4.334
434.61	4.406
434.97	4.448
435.33	4.44
435.69	4.508
436.04	4.549
436.4	4.613
436.76	4.747
437.12	4.769
437.48	4.813
437.83	4.803
438.19	4.839
438.55	4.927
438.91	5.001
439.27	5.083
439.62	5.084
439.98	5.138
440.34	5.195
440.7	5.249
441.05	5.349
441.41	5.425
441.77	5.503
442.13	5.61
442.48	5.591
442.84	5.671
443.2	5.765
443.56	5.874
443.91	5.976
444.27	6.06
444.63	6.127
444.98	6.193
445.34	6.316
445.7	6.445
446.05	6.525
446.41	6.618
446.77	6.657
447.13	6.719
447.48	6.773
447.84	6.842
448.2	6.871
448.55	6.997
448.91	7.103
449.27	7.174
449.62	7.25
449.98	7.314
450.34	7.434
450.69	7.495
451.05	7.637
451.4	7.702
451.76	7.769
452.12	7.869
452.47	7.887
452.83	7.973
453.19	8.039
453.54	8.113
453.9	8.248
454.25	8.337
454.61	8.458
454.97	8.499
455.32	8.662
455.68	8.76
456.03	8.845
456.39	8.96
456.75	9.033
457.1	9.088
457.46	9.097
457.81	9.1
458.17	9.215
458.52	9.269
458.88	9.336
459.24	9.355
459.59	9.41
459.95	9.471
460.3	9.512
460.66	9.552
461.01	9.625
461.37	9.76
461.72	9.822
462.08	9.815
462.43	9.858
462.79	9.947
463.14	10.002
463.5	10.128
463.85	10.199
464.21	10.292
464.56	10.326
464.92	10.332
465.27	10.349
465.63	10.433
465.98	10.548
466.34	10.612
466.69	10.581
467.05	10.712
467.4	10.744
467.76	10.798
468.11	10.888
468.47	10.966
468.82	11.103
469.18	11.191
469.53	11.278
469.88	11.375
470.24	11.471
470.59	11.562
470.95	11.591
471.3	11.687
471.66	11.825
472.01	11.866
472.36	11.979
472.72	12.039
473.07	12.173
473.43	12.31
473.78	12.348
474.13	12.58
474.49	12.805
474.84	12.913
475.19	13.037
475.55	13.176
475.9	13.272
476.26	13.418
476.61	13.485
476.96	13.597
477.32	13.659
477.67	13.818
478.02	13.861
478.38	13.907
478.73	14.025
479.08	14.13
479.44	14.247
479.79	14.366
480.14	14.439
480.5	14.607
480.85	14.684
481.2	14.782
481.56	14.921
481.91	15.073
482.26	15.235
482.62	15.417
482.97	15.586
483.32	15.673
483.67	15.792
484.03	15.882
484.38	15.969
484.73	16.088
485.08	16.243
485.44	16.315
485.79	16.421
486.14	16.526
486.49	16.615
486.85	16.682
487.2	16.8
487.55	16.886
487.9	17
488.26	17.098
488.61	17.173
488.96	17.208
489.31	17.293
489.67	17.397
490.02	17.521
490.37	17.619
490.72	17.695
491.07	17.784
491.43	17.841
491.78	17.915
492.13	18.002
492.48	18.099
492.83	18.159
493.19	18.34
493.54	18.431
493.89	18.507
494.24	18.56
494.59	18.643
494.94	18.637
495.29	18.735
495.65	18.808
496	18.826
496.35	18.832
496.7	18.945
497.05	18.964
497.4	19.073
497.75	19.128
498.11	19.185
498.46	19.223
498.81	19.366
499.16	19.383
499.51	19.403
499.86	19.492
500.21	19.606
500.56	19.687
500.91	19.758
501.26	19.817
501.62	19.947
501.97	20.045
502.32	20.178
502.67	20.233
503.02	20.368
503.37	20.446
503.72	20.515
504.07	20.531
504.42	20.622
504.77	20.651
505.12	20.709
505.47	20.768
505.82	20.84
506.17	20.891
506.52	20.977
506.87	21.013
507.22	21.088
507.57	21.125
507.92	21.307
508.27	21.362
508.62	21.489
508.97	21.557
509.32	21.648
509.67	21.734
510.02	21.795
510.37	21.913
510.72	22.031
511.07	22.136
511.42	22.304
511.77	22.309
512.12	22.428
512.47	22.548
512.82	22.697
513.17	22.752
513.52	22.901
513.87	22.979
514.22	23.003
514.57	23.075
514.91	23.164
515.26	23.164
515.61	23.276
515.96	23.347
516.31	23.406
516.66	23.443
517.01	23.61
517.36	23.654
517.71	23.809
518.06	23.913
518.41	24.014
518.75	24.126
519.1	24.278
519.45	24.363
519.8	24.476
520.15	24.574
520.5	24.736
520.85	24.796
521.19	24.973
521.54	25.108
521.89	25.222
522.24	25.36
522.59	25.49
522.94	25.615
523.28	25.75
523.63	25.84
523.98	25.999
524.33	26.101
524.68	26.248
525.03	26.368
525.37	26.512
525.72	26.611
526.07	26.743
526.42	26.869
526.76	27.034
527.11	27.229
527.46	27.431
527.81	27.597
528.16	27.713
528.5	27.824
528.85	27.903
529.2	27.978
529.55	28.121
529.89	28.297
530.24	28.471
530.59	28.586
530.94	28.695
531.28	28.817
531.63	28.914
531.98	29.073
532.32	29.239
532.67	29.428
533.02	29.62
533.37	29.765
533.71	29.839
534.06	29.883
534.41	30.075
534.75	30.244
535.1	30.423
535.45	30.606
535.79	30.767
536.14	30.954
536.49	31.085
536.83	31.231
537.18	31.391
537.53	31.549
537.87	31.836
538.22	31.956
538.57	32.135
538.91	32.284
539.26	32.418
539.61	32.617
539.95	32.793
540.3	33.002
540.64	33.085
540.99	33.29
541.34	33.487
541.68	33.603
542.03	33.788
542.37	33.94
542.72	34.084
543.07	34.283
543.41	34.474
543.76	34.592
544.1	34.716
544.45	34.972
544.8	35.083
545.14	35.211
545.49	35.326
545.83	35.436
546.18	35.609
546.52	35.756
546.87	35.954
547.21	36.066
547.56	36.221
547.9	36.399
548.25	36.5
548.59	36.627
548.94	36.753
549.29	36.969
549.63	37.134
549.98	37.24
550.32	37.512
550.67	37.604
551.01	37.769
551.35	37.95
551.7	38.064
552.04	38.213
552.39	38.312
552.73	38.45
553.08	38.582
553.42	38.681
553.77	38.804
554.11	38.84
554.46	38.954
554.8	39.02
555.15	39.038
555.49	39.22
555.83	39.323
556.18	39.591
556.52	39.71
556.87	39.751
557.21	39.908
557.56	40.003
557.9	40.108
558.24	40.194
558.59	40.288
558.93	40.477
559.28	40.557
559.62	40.615
559.96	40.658
560.31	40.707
560.65	40.909
560.99	40.97
561.34	41.107
561.68	41.252
562.02	41.372
562.37	41.532
562.71	41.614
563.06	41.744
563.4	41.908
563.74	41.974
564.09	42.134
564.43	42.128
564.77	42.324
565.11	42.342
565.46	42.388
565.8	42.561
566.14	42.647
566.49	42.729
566.83	42.777
567.17	42.881
567.52	42.933
567.86	43.06
568.2	43.267
568.54	43.355
568.89	43.553
569.23	43.769
569.57	43.83
569.91	43.96
570.26	44.172
570.6	44.27
570.94	44.313
571.28	44.472
571.63	44.429
571.97	44.461
572.31	44.545
572.65	44.663
573	44.639
573.34	44.622
573.68	44.725
574.02	44.651
574.36	44.763
574.71	44.889
575.05	44.864
575.39	44.912
575.73	44.978
576.07	45.065
576.42	45.072
576.76	45.147
577.1	45.413
577.44	45.489
577.78	45.578
578.12	45.509
578.46	45.537
578.81	45.675
579.15	45.884
579.49	45.816
579.83	45.791
580.17	45.891
580.51	46.004
580.85	46.033
581.2	45.911
581.54	46.05
581.88	46.21
582.22	46.294
582.56	46.386
582.9	46.488
583.24	46.664
583.58	46.766
583.92	46.818
584.26	46.884
584.6	46.957
584.95	47.249
585.29	47.273
585.63	47.255
585.97	47.35
586.31	47.393
586.65	47.436
586.99	47.439
587.33	47.42
587.67	47.431
588.01	47.426
588.35	47.305
588.69	47.364
589.03	47.484
589.37	47.602
589.71	47.671
590.05	47.733
590.39	47.772
590.73	47.934
591.07	48.024
591.41	48.04
591.75	48.11
592.09	48.214
592.43	48.129
592.77	48.088
593.11	48.206
593.45	48.152
593.79	48.23
594.13	48.262
594.47	48.205
594.81	48.266
595.14	48.306
595.48	48.342
595.82	48.406
596.16	48.485
596.5	48.537
596.84	48.49
597.18	48.547
597.52	48.582
597.86	48.703
598.2	48.859
598.54	48.863
598.87	48.888
599.21	48.966
599.55	49.118
599.89	49.214
600.23	49.353
600.57	49.393
600.91	49.394
601.25	49.462
601.58	49.363
601.92	49.417
602.26	49.563
602.6	49.745
602.94	49.828
603.28	49.77
603.61	49.758
603.95	49.768
604.29	49.88
604.63	50.071
604.97	50.082
605.3	50.204
605.64	50.373
605.98	50.399
606.32	50.474
606.66	50.526
606.99	50.644
607.33	50.726
607.67	50.758
608.01	50.923
608.34	50.931
608.68	51.03
609.02	51.129
609.36	50.868
609.69	50.868
610.03	50.818
610.37	50.813
610.71	50.915
611.04	50.987
611.38	51.053
611.72	51
612.06	51.012
612.39	50.957
612.73	50.92
613.07	51.001
613.4	51.027
613.74	51.009
614.08	50.991
614.41	50.906
614.75	51.032
615.09	51.098
615.42	51.194
615.76	51.183
616.1	51.2
616.43	51.25
616.77	51.182
617.11	51.26
617.44	51.432
617.78	51.602
618.12	51.668
618.45	51.6
618.79	51.581
619.13	51.56
619.46	51.709
619.8	51.723
620.13	51.827
620.47	52.095
620.81	52.106
621.14	52.151
621.48	52.029
621.81	51.901
622.15	51.92
622.48	51.917
622.82	51.829
623.16	51.822
623.49	51.983
623.83	51.887
624.16	51.872
624.5	51.787
624.83	51.77
625.17	51.908
625.5	52.125
625.84	52.226
626.18	52.201
626.51	52.318
626.85	52.36
627.18	52.298
627.52	52.249
627.85	52.451
628.19	52.649
628.52	52.712
628.86	52.768
629.19	52.809
629.53	52.747
629.86	52.928
630.19	52.888
630.53	52.931
630.86	52.937
631.2	53.026
631.53	53.054
631.87	53.015
632.2	52.938
632.54	52.993
632.87	52.9
633.2	52.998
633.54	52.956
633.87	53.133
634.21	53.115
634.54	53.377
634.88	53.448
635.21	53.339
635.54	53.34
635.88	53.452
636.21	53.355
636.55	53.422
636.88	53.588
637.21	53.622
637.55	53.522
637.88	53.456
638.21	53.433
638.55	53.194
638.88	53.228
639.21	53.193
639.55	53.188
639.88	53.094
640.21	52.987
640.55	52.652
640.88	52.562
641.21	52.482
641.55	52.596
641.88	52.4
642.21	52.49
642.55	52.368
642.88	52.444
643.21	52.363
643.55	52.4
643.88	52.467
644.21	52.466
644.54	52.679
644.88	52.769
645.21	52.951
645.54	53.087
645.87	53.232
646.21	53.18
646.54	53.011
646.87	53.019
647.2	53.19
647.54	53.261
647.87	53.358
648.2	53.247
648.53	53.222
648.87	53.09
649.2	53.031
649.53	52.968
649.86	53.076
650.19	53.224
650.53	53.168
650.86	53.093
651.19	52.867
651.52	52.878
651.85	52.842
652.18	52.836
652.52	52.756
652.85	52.691
653.18	52.699
653.51	52.513
653.84	52.439
654.17	52.408
654.51	52.394
654.84	52.4
655.17	52.184
655.5	52.099
655.83	51.964
656.16	51.909
656.49	51.893
656.82	51.891
657.15	51.951
657.49	52.166
657.82	52.312
658.15	52.328
658.48	52.291
658.81	52.262
659.14	52.328
659.47	52.298
659.8	52.183
660.13	51.998
660.46	51.847
660.79	51.943
661.12	51.753
661.45	51.538
661.78	51.491
662.11	51.547
662.44	51.597
662.77	51.425
663.1	51.478
663.43	51.23
663.76	51.242
664.09	51.297
664.42	51.428
664.75	51.488
665.08	51.399
665.41	51.056
665.74	50.932
666.07	50.824
666.4	50.778
666.73	50.574
667.06	50.786
667.39	50.762
667.72	50.728
668.05	50.394
668.38	50.082
668.71	50.129
669.04	50.25
669.37	50.302
669.7	50.29
670.03	50.315
670.36	50.593
670.69	50.511
671.01	50.631
671.34	50.6
671.67	50.825
672	50.897
672.33	50.764
672.66	50.574
672.99	50.308
673.32	50.259
673.64	50.165
673.97	49.925
674.3	49.907
674.63	49.544
674.96	49.44
675.29	48.833
675.62	48.703
675.94	48.646
676.27	48.72
676.6	48.764
676.93	48.591
677.26	48.655
677.58	48.678
677.91	48.447
678.24	48.34
678.57	48.168
678.9	48.342
679.22	48.37
679.55	48.093
679.88	47.773
680.21	47.987
680.54	48.054
680.86	47.694
681.19	47.428
681.52	47.354
681.85	47.418
682.17	47.231
682.5	46.92
682.83	46.706
683.16	46.761
683.48	46.862
683.81	46.41
684.14	46.254
684.46	46.248
684.79	45.934
685.12	45.646
685.45	45.463
685.77	45.448
686.1	45.234
686.43	45.174
686.75	45.005
687.08	44.856
687.41	44.435
687.73	44.003
688.06	43.402
688.39	43.108
688.71	42.912
689.04	42.354
689.36	42.284
689.69	42.28
690.02	42.026
690.34	41.806
690.67	41.493
691	41.637
691.32	41.499
691.65	41.646
691.97	41.643
692.3	41.801
692.63	41.722
692.95	41.928
693.28	41.609
693.6	41.235
693.93	40.994
694.26	40.999
694.58	40.837
694.91	40.908
695.23	40.288
695.56	40.258
695.88	39.876
696.21	39.899
696.53	39.136
696.86	38.829
697.18	39.076
697.51	39.194
697.83	38.835
698.16	38.879
698.48	38.765
698.81	39.109
699.13	39.024
699.46	38.942
699.78	38.708
700.11	38.248
700.43	37.999
700.76	37.427
701.08	36.968
701.41	36.613
701.73	35.57
702.06	35.006
702.38	34.565
702.71	33.814
703.03	33.057
703.35	32.654
703.68	32.581
704	32.579
704.33	32.663
704.65	32.481
704.98	32.186
705.3	32.679
705.62	32.543
705.95	32.413
706.27	32.551
706.6	32.66
706.92	32.664
707.24	32.422
707.57	32.223
707.89	31.432
708.21	30.91
708.54	30.662
708.86	29.582
709.18	29.213
709.51	28.896
709.83	28.251
710.15	28.414
710.48	28.367
710.8	28.264
711.12	28.26
711.45	28.009
711.77	28.733
712.09	28.992
712.42	29.648
712.74	29.679
713.06	29.677
713.38	29.633
713.71	28.581
714.03	28.415
714.35	28.538
714.68	28.138
715	28.859
715.32	27.798
715.64	27.403
715.97	27.269
716.29	26.991
716.61	26.291
716.93	26.499
717.25	27.044
717.58	26.866
717.9	26.624
718.22	26.547
718.54	25.346
718.87	25.532
719.19	24.733
719.51	23.438
719.83	22.617
720.15	23.052
720.47	23.416
720.8	22.967
721.12	23.136
721.44	22.786
721.76	22.024
722.08	22.335
722.4	21.881
722.73	22.179
723.05	22.345
723.37	23.304
723.69	22.916
724.01	21.677
724.33	21.713
724.65	21.575
724.97	20.936
725.3	21.054
725.62	21.319
725.94	21.574
726.26	21.313
726.58	21.378
726.9	20.746
727.22	21.149
727.54	21.281
727.86	20.987
728.18	20.274
728.5	20.127
728.82	20.67
729.14	19.891
729.46	18.789
729.78	19.236
730.1	19.53
730.42	19.508
730.74	18.911
731.07	19.313
731.39	19.167
731.71	19.466
732.03	19.088
732.35	18.115
732.66	18.802
732.98	19.299
733.3	19.333
733.62	18.923
733.94	18.747
734.26	18.947
734.58	18.289
734.9	18.561
735.22	18.587
735.54	19.055
735.86	18.87
736.18	18.279
736.5	18.778
736.82	18.419
737.14	18.094
737.46	18.233
737.78	18.345
738.1	18.058
738.41	17.522
738.73	16.873
739.05	17.136
739.37	17.723
739.69	16.951
740.01	16.5
740.33	15.743
740.65	16.123
740.96	15.656
741.28	15.239
741.6	15.835
741.92	16.527
742.24	15.418
742.56	14.91
742.88	14.619
743.19	15.15
743.51	14.823
743.83	16.075
744.15	16.21
744.47	15.345
744.78	15.352
745.1	16.248
745.42	15.743
745.74	17.76
746.06	18.062
746.37	18.098
746.69	17.388
747.01	18.107
747.33	17.524
747.64	17.16
747.96	18.031
748.28	17.702
748.6	16.39
748.91	15.549
749.23	14.683
749.55	14.838
749.87	14.196
750.18	14.701
750.5	14.12
750.82	13.292
751.13	14.307
751.45	14.805
751.77	14.105
752.08	12.662
752.4	12.942
752.72	12.219
753.03	11.529
753.35	11.552
753.67	13.132
753.98	14.326
754.3	15.121
754.62	14.77
754.93	13.654
755.25	14.037
755.57	16.206
755.88	17.06
756.2	18.016
756.51	18.5
756.83	18.241
757.15	16.319
757.46	13.585
757.78	12.859
758.09	10.889
758.41	11.456
758.73	11.73
759.04	10.362
759.36	9.557
759.67	8.538
759.99	7.299
760.3	8.72
760.62	8.349
760.94	9.388
761.25	9.884
761.57	10.728
761.88	10.988
762.2	10.726
762.51	11.953
762.83	11.202
763.14	11.392
763.46	11.65
763.77	10.993
764.09	11.153
764.4	10.961
764.72	10.658
765.03	10.863
765.35	11.463
765.66	11.141
765.98	10.021
766.29	9.843
766.61	10.326
766.92	11.634
767.23	11.047
767.55	11.12
767.86	11.643
768.18	11.927
768.49	11.08
768.81	10.038
769.12	9.715
769.43	10.513
769.75	11.738
770.06	11.992
770.38	11.08
770.69	12.475
771	12.37
771.32	13.232
771.63	13.364
771.94	14.375
772.26	13.167
772.57	12.288
772.89	9.798
773.2	11.143
773.51	10.187
773.83	9.482
774.14	8.406
774.45	8.004
774.77	6.783
775.08	7.199
775.39	5.439
775.7	5.825
776.02	7.179
776.33	9.123
776.64	7.086
776.96	7.024
777.27	7.58
777.58	7.694
777.89	7.029
778.21	6.547
778.52	4.511
778.83	5.609
779.14	5.103
779.46	4.284
779.77	3.921
780.08	4.971
780.39	5.378
780.71	4.644
781.02	3.337
781.33	5.185
781.64	6.086
781.95	7.221
782.27	7.989
782.58	8.729
782.89	10.576
783.2	11.223
783.51	11.709
783.83	9.379
784.14	8.756
784.45	9.755
784.76	9.282
785.07	8.931
785.38	8.157
785.7	7.759
786.01	7.045
786.32	5.941
786.63	4.478
786.94	4.209
787.25	6.413
787.56	7.139
787.87	7.531
788.18	7.626
788.5	6.081
788.81	6.301
789.12	6.801
789.43	5.152
789.74	5.076
790.05	5.07
790.36	4.15
790.67	2.249
790.98	-0.339
791.29	-1.372
791.6	-3.02
791.91	-1.839
792.22	-2.205
792.53	-2.38
792.84	0.449
793.15	-0.204
793.46	-1.365
793.77	-1.477
794.08	0.153
794.39	5.215
794.7	5.437
795.01	6.631
795.32	6.684
795.63	6.577
795.94	7.958
796.25	5.82
796.56	8.029
796.87	8.317
797.18	7.451
797.49	8.215
797.8	5.494
798.11	4.918
798.42	4.768
798.73	1.735
799.04	4.388
799.35	1.418
799.65	1.241
799.96	0.39
800.27	2.151
800.58	2.762
800.89	1.214
801.2	2.769
801.51	2.991
801.82	5.064
802.13	7.172
802.43	3.34
802.74	2.172
803.05	4.571
803.36	3.311
803.67	-0.521
803.98	-0.247
804.28	-0.961
804.59	-1.641
804.9	-1.049
805.21	-4.674
805.52	-6.775
805.83	-7.112
806.13	-5.376
806.44	-4.395
806.75	-4.264
807.06	-2.869
807.36	-5.079
807.67	-2.374
807.98	-3.85
808.29	-4.706
808.6	-3.976
808.9	-1.369
809.21	-2.604
809.52	-4.571
809.83	-6.046
810.13	-7.94
810.44	-4.131
810.75	-2.908
811.05	-3.275
811.36	-2.719
811.67	-4.131
811.98	-0.87
812.28	-0.531
812.59	3.059
812.9	6.414
813.2	6.799
813.51	9.493
813.82	9.19
814.12	11.316
814.43	7.355
814.74	8.08
815.04	10.901
815.35	10.004
815.65	11.552
815.96	9.237
816.27	11.054
816.57	8.916
816.88	7.264
817.19	5.077
817.49	5.717
817.8	5.932
818.1	3.802
818.41	1.733
818.72	1.572
819.02	-0.039
819.33	1.704
819.63	0.291
819.94	-0.517
820.24	-3.108
820.55	-1.164
820.85	0.201
821.16	0.18
821.47	0.451
821.77	0.381
822.08	-0.021
822.38	-0.404
822.69	0.116
822.99	0.377
823.3	1.74
823.6	2.618
823.91	2.387
824.21	1.18
824.52	1.038
824.82	1.084
825.13	1.831
825.43	2.618
825.73	4.28
826.04	3.202
826.34	3.171
826.65	1.779
826.95	1.331
827.26	2.077
827.56	2.768
827.87	3.18
828.17	3.221
828.47	2.512
828.78	2.858
829.08	1.524
829.39	2.1
829.69	0.553
829.99	-0.928
830.3	-2.23
830.6	-4.896
830.9	-7.649
831.21	-11.722
831.51	-10.213
831.82	-12.168
832.12	-12.211
832.42	-12.702
832.73	-9.899
833.03	-8.321
833.33	-6.41
833.64	-4.682
833.94	-4.046
834.24	-3.598
834.54	-0.67
834.85	-2.46
835.15	-0.503
835.45	-0.583
835.76	1.284
836.06	0.292
836.36	-0.692
836.66	0.476
836.97	-1.772
837.27	-1.698
837.57	0.235
837.87	-1.07
838.18	3.643
838.48	3.844
838.78	-0.975
839.08	-6.434
839.39	-7.66
839.69	-8.158
839.99	-5.663
840.29	1.214
840.59	2.863
840.9	4.997
841.2	5.545
841.5	-0.781
841.8	-5.145
842.1	-7.225
842.41	-2.913
842.71	-2.079
843.01	0.701
843.31	2.486
843.61	6.116
843.91	7.799
844.21	10.467
844.52	16.033
844.82	22.193
845.12	28.687
845.42	32.579
845.72	26.282
846.02	24.882
846.32	28.525
846.62	25.105
846.92	17.169
847.22	8.055
847.52	7.218
847.83	4.629
848.13	-10.792
848.43	-10.456
848.73	-11.523
849.03	-13.798
849.33	-13.6
849.63	-16.424
849.93	-32.153
850.23	-15.198
850.53	-6.675
850.83	-14.395
851.13	-13.885
851.43	3.63
851.73	2.073
852.03	2.717
852.33	9.631
852.63	18.901
852.93	18.501
853.23	29.537
853.53	15.783
853.83	16.428
854.13	9.974
854.43	10.274
854.73	2.616
855.03	6.126
855.32	-3.231
855.62	4.882
855.92	-10.694
856.22	-18.004
856.52	-36.187
856.82	-30.891
857.12	-22.538
857.42	-9.877
857.72	-17.025
858.02	-15.717
858.31	-17.568
858.61	-23.709
858.91	-31.634
859.21	-12.851
859.51	-7.306
859.81	0.159
860.11	-3.236
860.4	-12.538
860.7	-22.5
861	0.725
861.3	-10.088
861.6	-6.823
861.9	-5.405
862.19	7.782
862.49	-2.432
862.79	-4.706
863.09	-6.109
863.39	17.757
863.68	24
863.98	46.383
864.28	26.253
864.58	36.513
864.87	19.897
865.17	34.697
865.47	19.841
865.77	22.483
866.06	13.987
866.36	11.61
866.66	7.43
866.96	4.167
867.25	-18.658
867.55	-32.883
867.85	-56.463
868.14	-41.784
868.44	-47.749
868.74	-38.348
869.03	-38.986
869.33	-37.213
869.63	-51.541
869.92	-68.985
870.22	-57.089
870.52	-45.703
870.81	-14.63
871.11	0.193
871.41	1.319
871.7	11.27
872	17.202
872.3	0
872.59	15.299
872.89	36.62
873.18	42.14
873.48	35.904
873.78	35.644
874.07	18.011
874.37	18.2
874.66	14.126
874.96	0.561
875.25	-3.114
875.55	1.288
875.85	-16
876.14	-21.236
876.44	-16.598
876.73	-31.347
877.03	-53.795
877.32	-25.853
877.62	-64.189
877.91	-73.028
878.21	-46.535
878.5	-66.567
878.8	-113.139
879.09	-74
879.39	-68.322
879.68	-64.744
879.98	-51.943
880.27	-20.803
880.57	-31.792
880.86	-23.345
881.16	-18.11
881.45	-19.915
881.74	-15.602
882.04	-8.79
882.33	-5.278
882.63	-3.887
882.92	-6.421
883.22	-4.407
883.51	-7.735
883.8	-8.571
884.1	-4.685
884.39	-3.48
884.69	-2.512
884.98	0.385
885.27	0.264
885.57	-2.159
885.86	-4.019
886.15	3.863
886.45	6.273
886.74	6.52
887.03	5.241
887.33	5.621
887.62	7.831
887.91	47.619
888.21	-37.762
888.5	-60.274
888.79	34.615
889.09	40.351
