190.56	38.889
190.94	38.889
191.32	38.889
191.7	0
192.08	80
192.46	47.059
192.84	32.967
193.22	49.515
193.6	26.429
193.98	36.771
194.36	20.248
194.74	0.897
195.13	-33.526
195.51	-128.049
195.89	-957.143
196.27	-65.217
196.65	-192
197.03	27.885
197.4	61.538
197.78	76.984
198.16	-266.667
198.54	74.545
198.92	96.774
199.3	-230
199.68	-21.053
200.06	-23.005
200.44	-25.362
200.82	-72.093
201.2	-77.612
201.58	-85.714
201.96	-80.982
202.34	-48.492
202.72	-34.765
203.1	-18.821
203.48	-12.367
203.86	-11.948
204.24	10.41
204.62	21.479
205	22.568
205.38	-13.433
205.76	12.121
206.13	14.667
206.51	100.909
206.89	77.273
207.27	0
207.65	-1128.571
208.03	-107.143
208.41	-100
208.79	-128.378
209.17	-61.611
209.55	6.557
209.93	0.309
210.3	3.499
210.68	-14.47
211.06	-7.246
211.44	6.625
211.82	25.084
212.2	29.439
212.58	30.271
212.96	22.704
213.33	33.278
213.71	19.823
214.09	20.349
214.47	23.167
214.85	32.768
215.23	34.326
215.61	39.662
215.98	26.877
216.36	20.442
216.74	-3.207
217.12	11.181
217.5	4.651
217.88	0.651
218.25	-0.567
218.63	-2.138
219.01	-15.251
219.39	-22.613
219.77	-33.668
220.14	-37.016
220.52	-35.747
220.9	-23.744
221.28	-19.984
221.66	-19.234
222.03	-10.607
222.41	-6.639
222.79	-4.572
223.17	-0.953
223.55	1.539
223.92	2.367
224.3	7.04
224.68	6.565
225.06	5.044
225.43	1.722
225.81	1.524
226.19	-0.834
226.57	-1.655
226.95	-1.474
227.32	-1.543
227.7	-1.208
228.08	0.015
228.46	0.014
228.83	0.91
229.21	1.323
229.59	2.288
229.96	2.182
230.34	2.45
230.72	1.892
231.1	0.124
231.47	0.384
231.85	0.544
232.23	-1.186
232.6	-1.879
232.98	-1.515
233.36	-2.243
233.74	-2.607
234.11	-2.556
234.49	-2.098
234.87	-0.914
235.24	-0.233
235.62	-1.631
236	-0.848
236.37	1.138
236.75	1.792
237.13	0.714
237.5	1.746
237.88	1.944
238.26	1.853
238.63	1.436
239.01	1.295
239.39	2.085
239.76	3.449
240.14	3.295
240.52	2.34
240.89	2.652
241.27	2.761
241.65	2.285
242.02	2.135
242.4	1.89
242.77	1.848
243.15	1.351
243.53	1.565
243.9	1.863
244.28	1.638
244.66	1.923
245.03	1.791
245.41	1.581
245.78	2.048
246.16	1.933
246.54	2.163
246.91	1.968
247.29	2.392
247.66	2.309
248.04	2.144
248.41	2.278
248.79	2.223
249.17	2.117
249.54	2.096
249.92	2.142
250.29	2.585
250.67	2.735
251.04	3.364
251.42	3.103
251.8	2.821
252.17	2.719
252.55	2.472
252.92	2.666
253.3	2.961
253.67	3.532
254.05	3.605
254.42	2.975
254.8	2.807
255.17	2.196
255.55	1.813
255.92	1.942
256.3	1.831
256.67	1.748
257.05	1.446
257.42	1.133
257.8	1.105
258.17	0.792
258.55	1.03
258.92	0.947
259.3	1.187
259.67	1.165
260.05	1.317
260.42	1.296
260.8	1.29
261.17	1.376
261.55	1.407
261.92	1.375
262.3	1.454
262.67	1.308
263.05	1.238
263.42	1.227
263.79	1.516
264.17	1.541
264.54	1.607
264.92	1.275
265.29	0.955
265.67	1.014
266.04	1.119
266.42	0.953
266.79	0.904
267.16	1.144
267.54	1.095
267.91	1.029
268.29	0.786
268.66	0.678
269.03	0.939
269.41	1.273
269.78	1.265
270.16	1.086
270.53	1.22
270.9	1.129
271.28	1.013
271.65	0.762
272.03	0.846
272.4	1.011
272.77	1.187
273.15	1.199
273.52	1.288
273.89	1.35
274.27	1.502
274.64	1.648
275.01	1.872
275.39	1.639
275.76	1.67
276.14	1.56
276.51	1.404
276.88	1.232
277.26	1.108
277.63	0.677
278	0.524
278.38	0.353
278.75	0.237
279.12	0.198
279.49	0.474
279.87	0.646
280.24	0.626
280.61	0.612
280.99	0.745
281.36	0.802
281.73	0.962
282.11	0.957
282.48	1.037
282.85	0.986
283.22	1.068
283.6	1.124
283.97	1.166
284.34	1.365
284.71	1.576
285.09	1.598
285.46	1.67
285.83	1.649
286.21	1.78
286.58	1.647
286.95	1.732
287.32	1.723
287.7	1.689
288.07	1.666
288.44	1.611
288.81	1.596
289.18	1.571
289.56	1.546
289.93	1.786
290.3	1.728
290.67	1.893
291.05	1.822
291.42	1.864
291.79	1.969
292.16	2.11
292.53	2.081
292.91	2.032
293.28	2.046
293.65	2.134
294.02	2.271
294.39	2.436
294.76	2.431
295.14	2.557
295.51	2.594
295.88	2.673
296.25	2.649
296.62	2.837
297	2.953
297.37	3.032
297.74	2.973
298.11	2.786
298.48	2.759
298.85	2.938
299.22	2.915
299.6	2.763
299.97	2.731
300.34	2.765
300.71	2.667
301.08	2.761
301.45	2.813
301.82	2.943
302.19	3.102
302.56	3.002
302.94	2.923
303.31	3.108
303.68	3.382
304.05	3.387
304.42	3.419
304.79	3.41
305.16	3.224
305.53	3.124
305.9	3.219
306.27	3.083
306.64	3.29
307.02	3.256
307.39	3.095
307.76	3.097
308.13	3.095
308.5	2.966
308.87	3.044
309.24	3.13
309.61	3.048
309.98	2.842
310.35	2.836
310.72	2.673
311.09	2.694
311.46	2.674
311.83	2.824
312.2	2.873
312.57	2.957
312.94	2.946
313.31	2.849
313.68	2.942
314.05	3.01
314.42	3.039
314.79	3.313
315.16	3.29
315.53	3.28
315.9	3.07
316.27	2.943
316.64	2.953
317.01	2.757
317.38	2.663
317.75	2.575
318.12	2.624
318.49	2.573
318.86	2.234
319.23	1.998
319.6	2.093
319.97	1.961
320.34	1.895
320.71	1.774
321.08	1.842
321.45	1.964
321.82	1.989
322.19	1.871
322.55	1.821
322.92	2.105
323.29	2.275
323.66	2.232
324.03	2.439
324.4	2.576
324.77	2.766
325.14	2.725
325.51	2.621
325.88	2.585
326.25	2.804
326.61	2.897
326.98	2.676
327.35	2.636
327.72	2.735
328.09	2.656
328.46	2.63
328.83	2.661
329.2	2.887
329.56	2.921
329.93	3.264
330.3	3.222
330.67	3.407
331.04	3.606
331.41	3.652
331.78	3.767
332.14	3.793
332.51	3.915
332.88	3.866
333.25	3.892
333.62	3.835
333.99	3.741
334.35	3.839
334.72	3.804
335.09	3.955
335.46	4.244
335.83	4.049
336.19	4.122
336.56	3.89
336.93	3.842
337.3	3.62
337.67	3.745
338.03	3.555
338.4	3.465
338.77	3.397
339.14	3.185
339.5	2.906
339.87	2.935
340.24	2.816
340.61	2.963
340.97	2.907
341.34	2.95
341.71	2.999
342.08	2.949
342.44	2.892
342.81	2.811
343.18	2.587
343.55	2.563
343.91	2.375
344.28	2.34
344.65	2.156
345.02	2.146
345.38	2.072
345.75	1.956
346.12	1.97
346.48	1.864
346.85	1.664
347.22	1.735
347.59	1.594
347.95	1.648
348.32	1.691
348.69	1.678
349.05	1.51
349.42	1.529
349.79	1.379
350.15	1.274
350.52	1.245
350.89	1.327
351.25	1.277
351.62	1.212
351.99	1.131
352.35	1.187
352.72	1.209
353.09	1.383
353.45	1.435
353.82	1.363
354.18	1.453
354.55	1.479
354.92	1.443
355.28	1.519
355.65	1.595
356.02	1.618
356.38	1.418
356.75	1.363
357.11	1.271
357.48	1.087
357.85	1.251
358.21	1.129
358.58	1.039
358.94	1.009
359.31	0.891
359.67	0.796
360.04	0.73
360.41	0.825
360.77	0.76
361.14	0.773
361.5	0.895
361.87	0.777
362.23	0.796
362.6	0.733
362.97	0.734
363.33	0.764
363.7	0.916
364.06	0.86
364.43	0.719
364.79	0.818
365.16	0.581
365.52	0.429
365.89	0.323
366.25	0.369
366.62	0.436
366.98	0.492
367.35	0.322
367.71	0.223
368.08	0.26
368.44	0.31
368.81	0.343
369.17	0.625
369.54	0.751
369.9	0.874
370.27	0.92
370.63	0.957
371	1.014
371.36	1.026
371.73	1.046
372.09	1.226
372.45	1.194
372.82	1.24
373.18	1.181
373.55	1.128
373.91	1.201
374.28	1.19
374.64	1.151
375.01	1.202
375.37	1.441
375.73	1.355
376.1	1.378
376.46	1.407
376.83	1.325
377.19	1.337
377.55	1.326
377.92	1.397
378.28	1.324
378.65	1.429
379.01	1.397
379.37	1.426
379.74	1.578
380.1	1.538
380.47	1.578
380.83	1.627
381.19	1.62
381.56	1.667
381.92	1.614
382.28	1.772
382.65	1.859
383.01	1.853
383.37	1.844
383.74	1.834
384.1	1.881
384.46	2.005
384.83	2.062
385.19	2.18
385.55	2.31
385.92	2.374
386.28	2.484
386.64	2.459
387.01	2.413
387.37	2.397
387.73	2.472
388.1	2.516
388.46	2.43
388.82	2.475
389.18	2.418
389.55	2.452
389.91	2.431
390.27	2.395
390.64	2.454
391	2.528
391.36	2.577
391.72	2.649
392.09	2.82
392.45	2.991
392.81	3.031
393.17	3.218
393.54	3.309
393.9	3.454
394.26	3.624
394.62	3.631
394.99	3.663
395.35	3.73
395.71	3.675
396.07	3.525
396.43	3.601
396.8	3.646
397.16	3.536
397.52	3.552
397.88	3.508
398.24	3.488
398.61	3.643
398.97	3.744
399.33	3.727
399.69	3.887
400.05	3.984
400.42	3.948
400.78	4.033
401.14	4.148
401.5	4.127
401.86	4.345
402.22	4.361
402.59	4.279
402.95	4.264
403.31	4.392
403.67	4.349
404.03	4.429
404.39	4.485
404.75	4.546
405.12	4.522
405.48	4.523
405.84	4.44
406.2	4.375
406.56	4.457
406.92	4.648
407.28	4.643
407.64	4.797
408	4.853
408.36	4.936
408.73	4.992
409.09	5.155
409.45	5.351
409.81	5.475
410.17	5.656
410.53	5.711
410.89	5.81
411.25	5.839
411.61	5.832
411.97	5.904
412.33	5.972
412.69	5.983
413.05	6.056
413.41	6.118
413.77	6.066
414.13	6.04
414.5	6.058
414.86	5.882
415.22	5.957
415.58	5.963
415.94	6.032
416.3	5.968
416.66	6.172
417.02	6.145
417.38	6.075
417.74	6.221
418.1	6.243
418.46	6.301
418.82	6.464
419.18	6.6
419.54	6.619
419.9	6.702
420.26	6.825
420.61	6.782
420.97	6.883
421.33	6.995
421.69	7.03
422.05	7.109
422.41	7.154
422.77	7.198
423.13	7.114
423.49	7.232
423.85	7.206
424.21	7.247
424.57	7.319
424.93	7.302
425.29	7.319
425.65	7.377
426.01	7.45
426.36	7.487
426.72	7.512
427.08	7.61
427.44	7.633
427.8	7.703
428.16	7.734
428.52	7.756
428.88	7.91
429.24	7.959
429.59	8.044
429.95	8.083
430.31	8.224
430.67	8.268
431.03	8.36
431.39	8.385
431.75	8.471
432.1	8.565
432.46	8.588
432.82	8.534
433.18	8.587
433.54	8.565
433.9	8.575
434.25	8.629
434.61	8.633
434.97	8.683
435.33	8.716
435.69	8.703
436.04	8.742
436.4	8.805
436.76	8.95
437.12	9.03
437.48	9.1
437.83	9.085
438.19	9.148
438.55	9.259
438.91	9.339
439.27	9.388
439.62	9.44
439.98	9.471
440.34	9.526
440.7	9.518
441.05	9.538
441.41	9.551
441.77	9.719
442.13	9.807
442.48	9.845
442.84	9.915
443.2	10.017
443.56	10.089
443.91	10.239
444.27	10.309
444.63	10.376
444.98	10.456
445.34	10.589
445.7	10.649
446.05	10.698
446.41	10.805
446.77	10.889
447.13	11.013
447.48	11.1
447.84	11.145
448.2	11.234
448.55	11.328
448.91	11.495
449.27	11.594
449.62	11.743
449.98	11.812
450.34	11.916
450.69	11.951
451.05	12.025
451.4	12.212
451.76	12.237
452.12	12.377
452.47	12.54
452.83	12.635
453.19	12.729
453.54	12.781
453.9	12.936
454.25	13.161
454.61	13.391
454.97	13.483
455.32	13.574
455.68	13.783
456.03	13.91
456.39	14.036
456.75	14.116
457.1	14.282
457.46	14.467
457.81	14.553
458.17	14.589
458.52	14.679
458.88	14.82
459.24	14.896
459.59	14.961
459.95	15.024
460.3	15.098
460.66	15.174
461.01	15.219
461.37	15.305
461.72	15.44
462.08	15.543
462.43	15.607
462.79	15.675
463.14	15.758
463.5	15.854
463.85	15.944
464.21	16.062
464.56	16.203
464.92	16.342
465.27	16.456
465.63	16.491
465.98	16.587
466.34	16.813
466.69	16.949
467.05	17.135
467.4	17.307
467.76	17.437
468.11	17.511
468.47	17.549
468.82	17.647
469.18	17.756
469.53	17.967
469.88	18.118
470.24	18.167
470.59	18.372
470.95	18.411
471.3	18.525
471.66	18.681
472.01	18.862
472.36	18.962
472.72	18.981
473.07	19.004
473.43	18.982
473.78	19.003
474.13	19.05
474.49	19.153
474.84	19.292
475.19	19.233
475.55	19.285
475.9	19.329
476.26	19.457
476.61	19.635
476.96	19.733
477.32	19.867
477.67	19.988
478.02	20.052
478.38	20.028
478.73	20.037
479.08	20.194
479.44	20.342
479.79	20.45
480.14	20.497
480.5	20.536
480.85	20.618
481.2	20.706
481.56	20.75
481.91	20.865
482.26	20.965
482.62	21.083
482.97	21.143
483.32	21.189
483.67	21.251
484.03	21.337
484.38	21.422
484.73	21.517
485.08	21.547
485.44	21.653
485.79	21.715
486.14	21.779
486.49	21.885
486.85	21.938
487.2	21.991
487.55	22.011
487.9	22.069
488.26	22.1
488.61	22.095
488.96	22.161
489.31	22.184
489.67	22.242
490.02	22.31
490.37	22.335
490.72	22.413
491.07	22.525
491.43	22.583
491.78	22.669
492.13	22.772
492.48	22.853
492.83	22.968
493.19	23.113
493.54	23.208
493.89	23.284
494.24	23.335
494.59	23.454
494.94	23.384
495.29	23.453
495.65	23.449
496	23.492
496.35	23.539
496.7	23.569
497.05	23.525
497.4	23.549
497.75	23.57
498.11	23.647
498.46	23.628
498.81	23.757
499.16	23.847
499.51	23.869
499.86	23.83
500.21	23.872
500.56	23.886
500.91	23.984
501.26	24.073
501.62	24.225
501.97	24.223
502.32	24.391
502.67	24.387
503.02	24.393
503.37	24.398
503.72	24.494
504.07	24.465
504.42	24.471
504.77	24.469
505.12	24.55
505.47	24.525
505.82	24.553
506.17	24.567
506.52	24.683
506.87	24.825
507.22	24.907
507.57	24.931
507.92	25.003
508.27	25.15
508.62	25.2
508.97	25.176
509.32	25.245
509.67	25.349
510.02	25.426
510.37	25.516
510.72	25.566
511.07	25.63
511.42	25.667
511.77	25.812
512.12	25.809
512.47	25.91
512.82	25.953
513.17	26.058
513.52	26.222
513.87	26.244
514.22	26.269
514.57	26.387
514.91	26.484
515.26	26.586
515.61	26.64
515.96	26.777
516.31	26.863
516.66	27.003
517.01	27.091
517.36	27.116
517.71	27.231
518.06	27.353
518.41	27.351
518.75	27.466
519.1	27.61
519.45	27.642
519.8	27.712
520.15	27.829
520.5	27.983
520.85	28.094
521.19	28.237
521.54	28.366
521.89	28.452
522.24	28.558
522.59	28.685
522.94	28.782
523.28	29.061
523.63	29.233
523.98	29.398
524.33	29.505
524.68	29.606
525.03	29.691
525.37	29.841
525.72	29.997
526.07	30.143
526.42	30.187
526.76	30.241
527.11	30.397
527.46	30.577
527.81	30.705
528.16	30.867
528.5	31.03
528.85	31.209
529.2	31.341
529.55	31.475
529.89	31.674
530.24	31.904
530.59	32.128
530.94	32.314
531.28	32.479
531.63	32.649
531.98	32.834
532.32	33.024
532.67	33.172
533.02	33.346
533.37	33.499
533.71	33.587
534.06	33.75
534.41	33.979
534.75	34.11
535.1	34.313
535.45	34.579
535.79	34.778
536.14	34.942
536.49	35.129
536.83	35.285
537.18	35.481
537.53	35.657
537.87	35.93
538.22	36.154
538.57	36.332
538.91	36.468
539.26	36.629
539.61	36.845
539.95	37.106
540.3	37.36
540.64	37.566
540.99	37.73
541.34	37.949
541.68	38.022
542.03	38.215
542.37	38.453
542.72	38.664
543.07	38.87
543.41	39.037
543.76	39.189
544.1	39.358
544.45	39.586
544.8	39.784
545.14	39.959
545.49	40.227
545.83	40.362
546.18	40.515
546.52	40.692
546.87	40.891
547.21	41.158
547.56	41.283
547.9	41.445
548.25	41.549
548.59	41.79
548.94	41.932
549.29	42.142
549.63	42.314
549.98	42.561
550.32	42.882
550.67	43.085
551.01	43.236
551.35	43.533
551.7	43.686
552.04	43.946
552.39	44.076
552.73	44.343
553.08	44.539
553.42	44.725
553.77	44.761
554.11	44.772
554.46	44.915
554.8	45.085
555.15	45.147
555.49	45.426
555.83	45.585
556.18	45.789
556.52	45.821
556.87	45.798
557.21	45.983
557.56	46.188
557.9	46.336
558.24	46.377
558.59	46.388
558.93	46.613
559.28	46.591
559.62	46.744
559.96	46.775
560.31	47.014
560.65	47.317
560.99	47.368
561.34	47.55
561.68	47.809
562.02	47.989
562.37	48.284
562.71	48.434
563.06	48.443
563.4	48.402
563.74	48.594
564.09	48.759
564.43	48.761
564.77	48.874
565.11	48.936
565.46	49.014
565.8	49.239
566.14	49.204
566.49	49.263
566.83	49.571
567.17	49.699
567.52	49.788
567.86	49.898
568.2	49.979
568.54	50.141
568.89	50.292
569.23	50.42
569.57	50.539
569.91	50.685
570.26	50.79
570.6	50.732
570.94	50.867
571.28	51
571.63	51.087
571.97	51.093
572.31	51.163
572.65	51.155
573	51.273
573.34	51.183
573.68	51.182
574.02	51.226
574.36	51.329
574.71	51.419
575.05	51.434
575.39	51.403
575.73	51.522
576.07	51.448
576.42	51.441
576.76	51.445
577.1	51.576
577.44	51.646
577.78	51.65
578.12	51.786
578.46	51.744
578.81	51.78
579.15	51.871
579.49	51.882
579.83	52.111
580.17	52.329
580.51	52.318
580.85	52.363
581.2	52.644
581.54	52.828
581.88	52.872
582.22	53.082
582.56	53.212
582.9	53.255
583.24	53.461
583.58	53.647
583.92	53.754
584.26	53.767
584.6	53.912
584.95	53.85
585.29	53.972
585.63	54.13
585.97	54.181
586.31	54.219
586.65	54.413
586.99	54.631
587.33	54.713
587.67	54.711
588.01	54.992
588.35	55.079
588.69	55.325
589.03	55.32
589.37	55.347
589.71	55.495
590.05	55.572
590.39	55.766
590.73	55.73
591.07	55.649
591.41	55.777
591.75	55.795
592.09	55.895
592.43	55.839
592.77	56.061
593.11	56.272
593.45	56.275
593.79	56.525
594.13	56.456
594.47	56.607
594.81	56.766
595.14	56.957
595.48	57.057
595.82	56.992
596.16	57.13
596.5	57.153
596.84	57.231
597.18	57.395
597.52	57.504
597.86	57.578
598.2	57.573
598.54	57.495
598.87	57.503
599.21	57.524
599.55	57.665
599.89	57.668
600.23	57.766
600.57	57.706
600.91	57.654
601.25	57.699
601.58	57.841
601.92	57.907
602.26	58.138
602.6	58.145
602.94	58.358
603.28	58.351
603.61	58.484
603.95	58.566
604.29	58.672
604.63	58.813
604.97	58.829
605.3	58.896
605.64	58.813
605.98	58.864
606.32	58.867
606.66	58.806
606.99	59.06
607.33	59.177
607.67	59.192
608.01	58.987
608.34	58.931
608.68	58.972
609.02	58.961
609.36	59.177
609.69	59.221
610.03	59.442
610.37	59.399
610.71	59.281
611.04	59.147
611.38	59.287
611.72	59.585
612.06	59.695
612.39	59.808
612.73	59.89
613.07	59.985
613.4	59.975
613.74	59.937
614.08	60.184
614.41	60.327
614.75	60.599
615.09	60.59
615.42	60.709
615.76	60.725
616.1	60.582
616.43	60.532
616.77	60.49
617.11	60.627
617.44	60.605
617.78	60.401
618.12	60.371
618.45	60.3
618.79	60.321
619.13	60.308
619.46	60.165
619.8	60.166
620.13	60.201
620.47	60.149
620.81	60.245
621.14	60.207
621.48	60.296
621.81	60.105
622.15	59.977
622.48	59.913
622.82	59.899
623.16	60.116
623.49	60.149
623.83	60.105
624.16	60.254
624.5	60.048
624.83	59.981
625.17	59.963
625.5	60.385
625.84	60.437
626.18	60.362
626.51	60.369
626.85	60.258
627.18	60.24
627.52	60.231
627.85	60.343
628.19	60.387
628.52	60.551
628.86	60.602
629.19	60.442
629.53	60.499
629.86	60.516
630.19	60.496
630.53	60.69
630.86	60.829
631.2	60.907
631.53	60.663
631.87	60.552
632.2	60.389
632.54	60.534
632.87	60.751
633.2	60.825
633.54	61.022
633.87	61.062
634.21	60.933
634.54	60.762
634.88	60.875
635.21	61.014
635.54	61.161
635.88	61.433
636.21	61.465
636.55	61.22
636.88	61.243
637.21	61.078
637.55	61.062
637.88	61.354
638.21	61.43
638.55	61.355
638.88	61.171
639.21	61.344
639.55	61.144
639.88	61.125
640.21	61.239
640.55	61.195
640.88	61.421
641.21	61.354
641.55	61.005
641.88	61.164
642.21	61.259
642.55	61.577
642.88	61.463
643.21	61.442
643.55	61.303
643.88	61.072
644.21	60.975
644.54	60.799
644.88	60.821
645.21	60.827
645.54	60.865
645.87	60.756
646.21	60.411
646.54	60.454
646.87	60.636
647.2	60.768
647.54	60.826
647.87	60.842
648.2	60.891
648.53	60.863
648.87	60.877
649.2	60.924
649.53	61.079
649.86	61.292
650.19	60.996
650.53	61.045
650.86	60.851
651.19	60.925
651.52	61.003
651.85	60.795
652.18	61.004
652.52	60.931
652.85	60.574
653.18	60.352
653.51	60.472
653.84	60.738
654.17	60.611
654.51	60.614
654.84	60.654
655.17	60.652
655.5	60.775
655.83	60.729
656.16	60.525
656.49	60.606
656.82	60.566
657.15	60.435
657.49	60.439
657.82	60.144
658.15	60.129
658.48	60.045
658.81	60.029
659.14	60.012
659.47	59.799
659.8	60.079
660.13	60.018
660.46	60.013
660.79	60.062
661.12	59.734
661.45	60.011
661.78	60.069
662.11	60.04
662.44	60.04
662.77	60.065
663.1	59.903
663.43	59.713
663.76	59.777
664.09	59.995
664.42	59.775
664.75	59.972
665.08	60.014
665.41	60.031
665.74	60.011
666.07	59.805
666.4	59.792
666.73	59.801
667.06	60.067
667.39	59.776
667.72	59.64
668.05	59.655
668.38	59.27
668.71	59.184
669.04	58.991
669.37	58.936
669.7	59.106
670.03	59.071
670.36	59.232
670.69	58.976
671.01	59.274
671.34	59.043
671.67	58.916
672	59.441
672.33	59.224
672.66	59.316
672.99	59.249
673.32	59.232
673.64	59.194
673.97	59.28
674.3	59.534
674.63	59.514
674.96	59.71
675.29	59.777
675.62	59.739
675.94	59.94
676.27	59.967
676.6	59.832
676.93	59.635
677.26	59.404
677.58	59.374
677.91	59.203
678.24	59.017
678.57	58.604
678.9	58.624
679.22	58.501
679.55	58.43
679.88	58.377
680.21	58.608
680.54	58.473
680.86	58.848
681.19	58.725
681.52	58.745
681.85	58.97
682.17	59.201
682.5	59.042
682.83	58.871
683.16	58.744
683.48	58.81
683.81	58.585
684.14	58.959
684.46	58.628
684.79	58.53
685.12	58.521
685.45	58.027
685.77	58.007
686.1	57.913
686.43	57.886
686.75	57.509
687.08	57.21
687.41	56.908
687.73	56.489
688.06	56.223
688.39	56.132
688.71	55.669
689.04	55.498
689.36	55.139
689.69	55.02
690.02	54.803
690.34	54.899
690.67	54.586
691	54.349
691.32	54.027
691.65	53.828
691.97	53.888
692.3	53.794
692.63	53.816
692.95	53.918
693.28	53.56
693.6	53.247
693.93	52.844
694.26	52.868
694.58	53.198
694.91	53.044
695.23	53.182
695.56	52.794
695.88	52.987
696.21	52.868
696.53	52.274
696.86	52.557
697.18	52.77
697.51	52.918
697.83	52.974
698.16	52.937
698.48	52.852
698.81	52.884
699.13	52.594
699.46	52.249
699.78	52.239
700.11	52.337
700.43	52.327
700.76	52.206
701.08	52.287
701.41	52.109
701.73	51.747
702.06	51.876
702.38	51.986
702.71	52.069
703.03	52.155
703.35	52.044
703.68	51.795
704	51.509
704.33	51.44
704.65	51.213
704.98	51.022
705.3	50.738
705.62	50.319
705.95	49.526
706.27	49.454
706.6	49.179
706.92	49.16
707.24	49.614
707.57	49.616
707.89	49.544
708.21	49.276
708.54	48.814
708.86	49.023
709.18	48.775
709.51	48.88
709.83	48.232
710.15	48.073
710.48	47.737
710.8	47.133
711.12	46.699
711.45	46.458
711.77	46.407
712.09	46.691
712.42	46.01
712.74	46.082
713.06	45.82
713.38	46.269
713.71	45.904
714.03	46.025
714.35	46.19
714.68	46.235
715	45.496
715.32	44.64
715.64	43.832
715.97	43.887
716.29	43.102
716.61	42.303
716.93	41.099
717.25	41.274
717.58	40.463
717.9	40.2
718.22	39.853
718.54	40.256
718.87	40.554
719.19	40.665
719.51	41.008
719.83	40.836
720.15	41.17
720.47	41.515
720.8	40.776
721.12	40.894
721.44	39.99
721.76	39.86
722.08	39.316
722.4	39.497
722.73	40.082
723.05	39.529
723.37	39.882
723.69	39.372
724.01	39.404
724.33	40.132
724.65	39.566
724.97	39.626
725.3	38.654
725.62	38.014
725.94	38.079
726.26	36.899
726.58	37.179
726.9	36.785
727.22	36.991
727.54	37.627
727.86	36.924
728.18	37.218
728.5	36.894
728.82	37.246
729.14	37.316
729.46	37.281
729.78	36.569
730.1	36.27
730.42	36.274
730.74	35.812
731.07	35.391
731.39	35.356
731.71	35.192
732.03	35.59
732.35	35.992
732.66	36.266
732.98	35.311
733.3	35.759
733.62	35.01
733.94	34.386
734.26	34.211
734.58	33.634
734.9	33.272
735.22	32.544
735.54	32.537
735.86	31.8
736.18	31.59
736.5	31.935
736.82	32.521
737.14	33.36
737.46	33.692
737.78	33.785
738.1	32.983
738.41	33.173
738.73	33.099
739.05	32.73
739.37	32.47
739.69	31.691
740.01	31.624
740.33	30.417
740.65	29.765
740.96	28.682
741.28	27.67
741.6	28.752
741.92	28.443
742.24	28.679
742.56	28.31
742.88	28.108
743.19	28.18
743.51	27.675
743.83	27.993
744.15	27.871
744.47	28.168
744.78	28.817
745.1	27.928
745.42	27.815
745.74	27.621
746.06	26.833
746.37	27.448
746.69	27.976
747.01	28.025
747.33	27.992
747.64	27.474
747.96	29.616
748.28	30.002
748.6	29.997
748.91	30.229
749.23	30.183
749.55	29.791
749.87	29.477
750.18	28.674
750.5	29.177
750.82	28.367
751.13	28.886
751.45	27.638
751.77	27.077
752.08	26.667
752.4	26.673
752.72	25.442
753.03	27.001
753.35	26.265
753.67	26.044
753.98	25.163
754.3	25.256
754.62	24.498
754.93	24.38
755.25	24.625
755.57	24.263
755.88	23.839
756.2	23.824
756.51	23.548
756.83	24.488
757.15	25.633
757.46	24.276
757.78	23.758
758.09	23.227
758.41	22.741
758.73	21.383
759.04	21.019
759.36	20.295
759.67	19.62
759.99	17.927
760.3	16.011
760.62	15.369
760.94	16.615
761.25	17.52
761.57	16.687
761.88	16.247
762.2	18.013
762.51	17.345
762.83	17.144
763.14	16.941
763.46	17.922
763.77	18.7
764.09	19.282
764.4	19.567
764.72	19.011
765.03	20.162
765.35	21.841
765.66	20.893
765.98	23.438
766.29	24.082
766.61	25.878
766.92	25.118
767.23	26.109
767.55	25.607
767.86	25.63
768.18	26.428
768.49	26.663
768.81	24.646
769.12	24.389
769.43	22.324
769.75	23.079
770.06	22.299
770.38	22.601
770.69	21.561
771	21.064
771.32	19.593
771.63	18.885
771.94	18.694
772.26	19.489
772.57	19.654
772.89	17.64
773.2	14.97
773.51	16.607
773.83	15.58
774.14	15.186
774.45	14.487
774.77	12.724
775.08	15.7
775.39	14.205
775.7	11.348
776.02	11.649
776.33	14.573
776.64	17.136
776.96	16.827
777.27	16.177
777.58	16.871
777.89	18.857
778.21	20.972
778.52	18.576
778.83	19.018
779.14	21.776
779.46	21.689
779.77	21.208
780.08	20.635
780.39	20.527
780.71	21.321
781.02	20.42
781.33	18.873
781.64	17.961
781.95	15.276
782.27	16.325
782.58	15.015
782.89	13.572
783.2	12.91
783.51	11.737
783.83	11.728
784.14	11.422
784.45	11.388
784.76	9.589
785.07	8.972
785.38	12.223
785.7	13.77
786.01	15.533
786.32	18.606
786.63	19.184
786.94	21.352
787.25	20.119
787.56	20.053
787.87	18.942
788.18	20.234
788.5	21.809
788.81	21.989
789.12	18.356
789.43	15.442
789.74	11.27
790.05	11.031
790.36	8.438
790.67	9.379
790.98	9.278
791.29	10.184
791.6	10.332
791.91	9.141
792.22	8.893
792.53	11.895
792.84	11.854
793.15	13.273
793.46	12.771
793.77	11.896
794.08	12.385
794.39	13.21
794.7	13.611
795.01	13.416
795.32	13.823
795.63	12.629
795.94	13.345
796.25	11.949
796.56	11.321
796.87	11.245
797.18	10.147
797.49	9.65
797.8	10.583
798.11	12.849
798.42	12.521
798.73	11.354
799.04	12.733
799.35	8.81
799.65	14.146
799.96	14.955
800.27	14.925
800.58	18.169
800.89	18.549
801.2	21.392
801.51	15.834
801.82	13.802
802.13	13.145
802.43	11.341
802.74	14.209
803.05	13.163
803.36	15.123
803.67	18.444
803.98	17.914
804.28	17.062
804.59	16.957
804.9	22.064
805.21	25.896
805.52	29.652
805.83	31.136
806.13	31.755
806.44	31.151
806.75	28.811
807.06	26.5
807.36	27.756
807.67	26.351
807.98	21.484
808.29	15.769
808.6	7.007
808.9	3.765
809.21	-0.93
809.52	-0.448
809.83	1.829
810.13	6.97
810.44	3.11
810.75	-1.091
811.05	-3.422
811.36	-1.922
811.67	0.446
811.98	10.925
812.28	5.143
812.59	11.02
812.9	8.525
813.2	3.095
813.51	3.696
813.82	6.088
814.12	6.138
814.43	8.425
814.74	9.435
815.04	9.829
815.35	4.109
815.65	5.634
815.96	1.833
816.27	4.25
816.57	5.651
816.88	5.8
817.19	6.154
817.49	11.047
817.8	11.876
818.1	12.017
818.41	13.116
818.72	9.963
819.02	11.252
819.33	9.991
819.63	5.541
819.94	9.548
820.24	7.959
820.55	12.447
820.85	10.594
821.16	10.914
821.47	10.887
821.77	9.638
822.08	10.794
822.38	10.112
822.69	11.008
822.99	10.927
823.3	10.97
823.6	10.097
823.91	9.115
824.21	9.484
824.52	8.147
824.82	7.381
825.13	7.224
825.43	6.769
825.73	7.516
826.04	5.841
826.34	6.211
826.65	4.746
826.95	6.34
827.26	5.577
827.56	3.293
827.87	4.716
828.17	5.785
828.47	6.413
828.78	6.742
829.08	5.71
829.39	5.113
829.69	5.142
829.99	4.09
830.3	1.51
830.6	4.16
830.9	8.147
831.21	11.598
831.51	10.955
831.82	6.824
832.12	2.875
832.42	5.997
832.73	7.757
833.03	6.297
833.33	2.51
833.64	6.022
833.94	1.132
834.24	1.61
834.54	-1.574
834.85	-0.675
835.15	2.023
835.45	3.009
835.76	1.445
836.06	2.385
836.36	4.851
836.66	8.311
836.97	10.711
837.27	16.46
837.57	16.115
837.87	20.211
838.18	19.923
838.48	20.884
838.78	23.077
839.08	24.392
839.39	20.723
839.69	19.686
839.99	18.996
840.29	13.199
840.59	6.535
840.9	4.528
841.2	7.006
841.5	14.049
841.8	10.34
842.1	14.254
842.41	13.409
842.71	8.553
843.01	11.765
843.31	14.393
843.61	19.534
843.91	26.623
844.21	33.964
844.52	29.571
844.82	11.511
845.12	17.188
845.42	5.538
845.72	20.945
846.02	36.173
846.32	26.667
846.62	24.207
846.92	18.339
847.22	9.6
847.52	-8.103
847.83	-5.694
848.13	13.217
848.43	3.88
848.73	18.196
849.03	11.349
849.33	6.635
849.63	6.373
849.93	8.743
850.23	5.341
850.53	1.381
850.83	19.39
851.13	18.721
851.43	3.151
851.73	16.119
852.03	12.604
852.33	16.495
852.63	19.58
852.93	21.429
853.23	18.285
853.53	5.281
853.83	1.97
854.13	-8.485
854.43	-19.342
854.73	-21.195
855.03	-42.981
855.32	-51.902
855.62	-58.371
855.92	-70.649
856.22	-98.695
856.52	-90.931
856.82	-73.288
857.12	-95.758
857.42	-92.395
857.72	-82.935
858.02	-71.25
858.31	-86.245
858.61	-81.028
858.91	-249.107
859.21	-432.927
859.51	-212.121
859.81	-179.605
860.11	-145
860.4	-90.179
860.7	-103.782
861	-60.8
861.3	-73.953
861.6	-21.724
861.9	-39.904
862.19	-48.4
862.49	-11.688
862.79	13.712
863.09	-2.069
863.39	-1.497
863.68	4.19
863.98	-9.89
864.28	-38.012
864.58	-35.015
864.87	-59.167
865.17	-56.889
865.47	-31.743
865.77	-50.891
866.06	-51.117
866.36	-32.558
866.66	-32.317
866.96	-39.648
867.25	-57.222
867.55	-54.167
867.85	-25.902
868.14	-15.049
868.44	2.742
868.74	-0.862
869.03	-1.833
869.33	-10.327
869.63	-10.612
869.92	-14.604
870.22	-20.293
870.52	-7.692
870.81	1.485
871.11	-9.815
871.41	-13.68
871.7	-42.01
872	-100
872.3	-98.054
872.59	-111
872.89	-229.358
873.18	-276.238
873.48	-917.143
873.78	-401.22
874.07	-606.154
874.37	-372.222
874.66	-340.367
874.96	-1280.769
875.25	-207.031
875.55	-88.043
875.85	-60.932
876.14	-41.995
876.44	-37.202
876.73	-8.529
877.03	19.231
877.32	10.209
877.62	4.93
877.91	0.898
878.21	-5.833
878.5	-21.173
878.8	-52.507
879.09	-106.977
879.39	-125.701
879.68	-141.706
879.98	-132.453
880.27	-209.459
880.57	-225
880.86	-122.899
881.16	-93.36
881.45	-61.46
881.74	-43.056
882.04	-36.556
882.33	-22.089
882.63	-14.526
882.92	-14.483
883.22	-7.675
883.51	-5.936
883.8	-3.982
884.1	-6.53
884.39	-0.492
884.69	-1.174
884.98	-0.749
885.27	2.196
885.57	-0.314
885.86	-7.099
886.15	-4.772
886.45	-18.288
886.74	-38.705
887.03	-71.15
887.33	-50.09
887.62	-46.869
887.91	140
888.21	0
888.5	260
888.79	89.286
889.09	20
