190.56	62.5
190.94	62.5
191.32	62.5
191.7	36.667
192.08	-127.778
192.46	62.214
192.84	65.918
193.22	65.315
193.6	56.306
193.98	59.14
194.36	50
194.74	4.878
195.13	-12.821
195.51	116.667
195.89	18.919
196.27	493.333
196.65	-405.556
197.03	554.545
197.4	483.333
197.78	205.882
198.16	264.103
198.54	300
198.92	64.773
199.3	41.739
199.68	23.853
200.06	26.531
200.44	30.189
200.82	28.611
201.2	9.92
201.58	7.035
201.96	7.805
202.34	0.481
202.72	-8.592
203.1	-6.231
203.48	-0.284
203.86	-16.139
204.24	-13.127
204.62	-45.652
205	-64.804
205.38	-41.414
205.76	-75.723
206.13	-53.333
206.51	-21.951
206.89	-33.163
207.27	-52.752
207.65	-98.421
208.03	-62.667
208.41	-65.414
208.79	-18.927
209.17	-19.333
209.55	-25.172
209.93	-21.104
210.3	-3.15
210.68	4.011
211.06	10.949
211.44	-0.842
211.82	-0.211
212.2	10.193
212.58	17.949
212.96	-3.195
213.33	1.662
213.71	11.95
214.09	18.016
214.47	15.366
214.85	17.45
215.23	21.006
215.61	27.295
215.98	38.47
216.36	31.192
216.74	31.116
217.12	36.17
217.5	35.493
217.88	24.928
218.25	21.35
218.63	12.78
219.01	0.123
219.39	-2.373
219.77	-6.351
220.14	-8.894
220.52	1.461
220.9	6.55
221.28	10.39
221.66	4.869
222.03	5.818
222.41	5.045
222.79	4.38
223.17	8.625
223.55	11.965
223.92	14.88
224.3	12.193
224.68	9.722
225.06	6.917
225.43	8.451
225.81	10.925
226.19	11.251
226.57	10.409
226.95	10.506
227.32	8.26
227.7	5.553
228.08	2.962
228.46	3.363
228.83	3.389
229.21	3.441
229.59	2.509
229.96	2.855
230.34	2.517
230.72	2.821
231.1	2.986
231.47	3.096
231.85	4.067
232.23	5.67
232.6	5.355
232.98	4.893
233.36	3.963
233.74	4.387
234.11	4.005
234.49	3.705
234.87	2.744
235.24	2.252
235.62	2.943
236	2.925
236.37	2.68
236.75	2.339
237.13	2.403
237.5	2.957
237.88	2.883
238.26	1.603
238.63	2.344
239.01	1.969
239.39	2.548
239.76	1.889
240.14	1.641
240.52	1.462
240.89	2.286
241.27	2.305
241.65	1.929
242.02	1.687
242.4	2.741
242.77	2.704
243.15	2.712
243.53	2.416
243.9	2.094
244.28	2.538
244.66	2.508
245.03	2.618
245.41	2.273
245.78	2.701
246.16	2.516
246.54	1.691
246.91	1.629
247.29	1.511
247.66	1.398
248.04	1.922
248.41	1.76
248.79	2.001
249.17	1.732
249.54	1.864
249.92	1.631
250.29	1.961
250.67	2.675
251.04	2.484
251.42	2.915
251.8	2.773
252.17	2.57
252.55	2.341
252.92	2.023
253.3	2.248
253.67	2.368
254.05	1.933
254.42	1.813
254.8	1.365
255.17	1.268
255.55	1.356
255.92	1.787
256.3	1.541
256.67	1.701
257.05	1.733
257.42	1.038
257.8	0.678
258.17	0.476
258.55	0.689
258.92	0.8
259.3	0.831
259.67	0.617
260.05	0.504
260.42	0.526
260.8	0.465
261.17	0.577
261.55	0.755
261.92	1.09
262.3	1.535
262.67	1.37
263.05	1.447
263.42	1.594
263.79	1.88
264.17	2.309
264.54	2.485
264.92	2.519
265.29	2.601
265.67	2.597
266.04	2.452
266.42	2.429
266.79	2.25
267.16	2.273
267.54	2.274
267.91	2.176
268.29	1.913
268.66	1.672
269.03	1.484
269.41	1.178
269.78	1.157
270.16	0.897
270.53	0.98
270.9	1.124
271.28	1.067
271.65	1.158
272.03	1.253
272.4	1.228
272.77	1.287
273.15	1.352
273.52	1.448
273.89	1.486
274.27	1.704
274.64	1.587
275.01	1.374
275.39	1.192
275.76	1.04
276.14	0.972
276.51	0.96
276.88	1.001
277.26	1.065
277.63	1.063
278	0.902
278.38	0.828
278.75	0.999
279.12	1.126
279.49	1.356
279.87	1.507
280.24	1.336
280.61	1.234
280.99	1.272
281.36	1.122
281.73	1.195
282.11	1.291
282.48	1.25
282.85	1.031
283.22	1.1
283.6	0.97
283.97	0.773
284.34	0.821
284.71	0.859
285.09	0.794
285.46	0.922
285.83	0.962
286.21	1.04
286.58	1.142
286.95	1.281
287.32	1.167
287.7	1.24
288.07	1.503
288.44	1.698
288.81	1.816
289.18	1.766
289.56	1.728
289.93	1.507
290.3	1.487
290.67	1.507
291.05	1.578
291.42	1.638
291.79	1.656
292.16	1.542
292.53	1.582
292.91	1.401
293.28	1.537
293.65	1.724
294.02	1.857
294.39	1.762
294.76	1.774
295.14	1.747
295.51	1.828
295.88	1.806
296.25	1.766
296.62	1.605
297	1.806
297.37	1.87
297.74	1.675
298.11	1.722
298.48	1.795
298.85	1.916
299.22	1.937
299.6	1.872
299.97	2.052
300.34	2.089
300.71	2.177
301.08	2.122
301.45	1.979
301.82	2.197
302.19	2.092
302.56	2.118
302.94	1.883
303.31	1.794
303.68	1.791
304.05	1.652
304.42	1.683
304.79	1.525
305.16	1.54
305.53	1.622
305.9	1.479
306.27	1.509
306.64	1.595
307.02	1.549
307.39	1.586
307.76	1.659
308.13	1.667
308.5	1.714
308.87	1.924
309.24	1.933
309.61	1.83
309.98	1.852
310.35	1.953
310.72	1.778
311.09	1.935
311.46	2.206
311.83	2.227
312.2	2.155
312.57	1.988
312.94	1.897
313.31	1.901
313.68	2.14
314.05	2.218
314.42	2.156
314.79	2.224
315.16	2.319
315.53	1.934
315.9	1.908
316.27	1.848
316.64	1.942
317.01	1.949
317.38	2.009
317.75	1.962
318.12	1.898
318.49	1.672
318.86	1.741
319.23	1.605
319.6	1.692
319.97	1.579
320.34	1.591
320.71	1.652
321.08	1.815
321.45	1.724
321.82	1.505
322.19	1.501
322.55	1.79
322.92	1.892
323.29	1.837
323.66	1.881
324.03	2.088
324.4	2.156
324.77	2.011
325.14	1.946
325.51	2.039
325.88	2.145
326.25	2.159
326.61	2.223
326.98	2.205
327.35	2.295
327.72	2.354
328.09	2.308
328.46	2.276
328.83	2.501
329.2	2.546
329.56	2.558
329.93	2.547
330.3	2.761
330.67	2.614
331.04	2.514
331.41	2.706
331.78	2.724
332.14	2.873
332.51	3.103
332.88	3.095
333.25	3.158
333.62	3.247
333.99	3.404
334.35	3.284
334.72	3.472
335.09	3.708
335.46	3.664
335.83	3.699
336.19	3.666
336.56	3.661
336.93	3.687
337.3	3.709
337.67	3.713
338.03	3.666
338.4	3.67
338.77	3.789
339.14	3.743
339.5	3.773
339.87	3.927
340.24	3.889
340.61	4.045
340.97	4.205
341.34	4.174
341.71	4.235
342.08	4.426
342.44	4.574
342.81	4.537
343.18	4.482
343.55	4.476
343.91	4.685
344.28	4.789
344.65	4.651
345.02	4.528
345.38	4.593
345.75	4.509
346.12	4.405
346.48	4.386
346.85	4.365
347.22	4.452
347.59	4.478
347.95	4.166
348.32	4.123
348.69	4.259
349.05	4.405
349.42	4.38
349.79	4.472
350.15	4.555
350.52	4.564
350.89	4.639
351.25	4.498
351.62	4.424
351.99	4.468
352.35	4.406
352.72	4.404
353.09	4.308
353.45	4.282
353.82	4.141
354.18	4.06
354.55	3.966
354.92	3.865
355.28	3.926
355.65	3.903
356.02	3.838
356.38	3.771
356.75	3.588
357.11	3.51
357.48	3.417
357.85	3.441
358.21	3.278
358.58	3.218
358.94	3.109
359.31	2.959
359.67	2.836
360.04	2.818
360.41	2.703
360.77	2.651
361.14	2.613
361.5	2.605
361.87	2.531
362.23	2.479
362.6	2.489
362.97	2.434
363.33	2.469
363.7	2.484
364.06	2.357
364.43	2.409
364.79	2.38
365.16	2.259
365.52	2.184
365.89	2.194
366.25	2.169
366.62	2.064
366.98	2.059
367.35	2.037
367.71	2.182
368.08	2.14
368.44	2.024
368.81	2.091
369.17	2.248
369.54	2.358
369.9	2.29
370.27	2.418
370.63	2.45
371	2.401
371.36	2.421
371.73	2.25
372.09	2.331
372.45	2.482
372.82	2.315
373.18	2.084
373.55	1.894
373.91	1.875
374.28	1.783
374.64	1.718
375.01	1.674
375.37	1.521
375.73	1.489
376.1	1.455
376.46	1.341
376.83	1.392
377.19	1.496
377.55	1.512
377.92	1.508
378.28	1.503
378.65	1.485
379.01	1.552
379.37	1.652
379.74	1.666
380.1	1.789
380.47	1.833
380.83	1.871
381.19	1.843
381.56	1.895
381.92	1.873
382.28	1.986
382.65	2.052
383.01	2.095
383.37	2.056
383.74	1.979
384.1	1.867
384.46	1.837
384.83	1.815
385.19	1.876
385.55	1.82
385.92	1.942
386.28	1.829
386.64	1.858
387.01	1.816
387.37	1.882
387.73	2.061
388.1	2.01
388.46	2.134
388.82	2.272
389.18	2.325
389.55	2.437
389.91	2.434
390.27	2.616
390.64	2.597
391	2.732
391.36	2.776
391.72	2.856
392.09	2.972
392.45	3.023
392.81	3.002
393.17	3.118
393.54	3.199
393.9	3.219
394.26	3.155
394.62	3.248
394.99	3.27
395.35	3.342
395.71	3.232
396.07	3.378
396.43	3.444
396.8	3.549
397.16	3.611
397.52	3.72
397.88	3.907
398.24	4.023
398.61	4.17
398.97	4.252
399.33	4.331
399.69	4.414
400.05	4.444
400.42	4.507
400.78	4.611
401.14	4.595
401.5	4.681
401.86	4.696
402.22	4.729
402.59	4.825
402.95	4.872
403.31	4.92
403.67	5.061
404.03	5.162
404.39	5.163
404.75	5.203
405.12	5.293
405.48	5.36
405.84	5.445
406.2	5.581
406.56	5.685
406.92	5.729
407.28	5.818
407.64	5.885
408	5.84
408.36	6.003
408.73	6.031
409.09	5.991
409.45	5.983
409.81	6.011
410.17	6.056
410.53	5.986
410.89	6.052
411.25	5.998
411.61	6.123
411.97	6.258
412.33	6.176
412.69	6.284
413.05	6.497
413.41	6.644
413.77	6.701
414.13	6.738
414.5	6.804
414.86	6.927
415.22	7.102
415.58	7.083
415.94	7.169
416.3	7.391
416.66	7.397
417.02	7.412
417.38	7.444
417.74	7.547
418.1	7.662
418.46	7.81
418.82	7.86
419.18	7.907
419.54	8.002
419.9	8.045
420.26	7.961
420.61	8.044
420.97	8.072
421.33	8.121
421.69	8.125
422.05	8.172
422.41	8.241
422.77	8.273
423.13	8.291
423.49	8.334
423.85	8.389
424.21	8.552
424.57	8.589
424.93	8.704
425.29	8.723
425.65	8.819
426.01	8.869
426.36	8.881
426.72	8.946
427.08	9.087
427.44	9.143
427.8	9.238
428.16	9.236
428.52	9.28
428.88	9.288
429.24	9.402
429.59	9.452
429.95	9.482
430.31	9.479
430.67	9.533
431.03	9.533
431.39	9.545
431.75	9.546
432.1	9.641
432.46	9.77
432.82	9.788
433.18	9.812
433.54	9.803
433.9	9.883
434.25	9.999
434.61	10.088
434.97	10.144
435.33	10.207
435.69	10.236
436.04	10.233
436.4	10.242
436.76	10.31
437.12	10.345
437.48	10.437
437.83	10.471
438.19	10.501
438.55	10.54
438.91	10.602
439.27	10.628
439.62	10.685
439.98	10.779
440.34	10.858
440.7	10.982
441.05	11.053
441.41	11.12
441.77	11.169
442.13	11.262
442.48	11.279
442.84	11.331
443.2	11.423
443.56	11.521
443.91	11.574
444.27	11.63
444.63	11.677
444.98	11.743
445.34	11.751
445.7	11.822
446.05	11.819
446.41	11.914
446.77	11.987
447.13	12.049
447.48	12.12
447.84	12.251
448.2	12.361
448.55	12.401
448.91	12.509
449.27	12.611
449.62	12.706
449.98	12.825
450.34	12.92
450.69	12.984
451.05	13.121
451.4	13.167
451.76	13.193
452.12	13.199
452.47	13.215
452.83	13.244
453.19	13.31
453.54	13.283
453.9	13.322
454.25	13.381
454.61	13.424
454.97	13.473
455.32	13.537
455.68	13.579
456.03	13.645
456.39	13.809
456.75	13.844
457.1	13.902
457.46	14.071
457.81	14.076
458.17	14.092
458.52	14.149
458.88	14.135
459.24	14.139
459.59	14.146
459.95	14.122
460.3	14.086
460.66	14.088
461.01	14.126
461.37	14.148
461.72	14.201
462.08	14.29
462.43	14.319
462.79	14.351
463.14	14.431
463.5	14.396
463.85	14.445
464.21	14.451
464.56	14.496
464.92	14.486
465.27	14.443
465.63	14.446
465.98	14.357
466.34	14.371
466.69	14.436
467.05	14.417
467.4	14.508
467.76	14.572
468.11	14.626
468.47	14.686
468.82	14.738
469.18	14.826
469.53	14.854
469.88	14.905
470.24	15.002
470.59	15.033
470.95	15.09
471.3	15.188
471.66	15.211
472.01	15.302
472.36	15.295
472.72	15.311
473.07	15.328
473.43	15.419
473.78	15.568
474.13	15.577
474.49	15.675
474.84	15.737
475.19	15.747
475.55	15.904
475.9	15.966
476.26	15.991
476.61	16.126
476.96	16.224
477.32	16.28
477.67	16.277
478.02	16.323
478.38	16.392
478.73	16.424
479.08	16.473
479.44	16.402
479.79	16.407
480.14	16.505
480.5	16.542
480.85	16.58
481.2	16.66
481.56	16.782
481.91	16.92
482.26	16.938
482.62	17.013
482.97	17.028
483.32	17.04
483.67	17.085
484.03	17.108
484.38	17.147
484.73	17.195
485.08	17.232
485.44	17.263
485.79	17.283
486.14	17.327
486.49	17.354
486.85	17.44
487.2	17.577
487.55	17.644
487.9	17.691
488.26	17.756
488.61	17.794
488.96	17.907
489.31	17.99
489.67	18.097
490.02	18.244
490.37	18.391
490.72	18.464
491.07	18.527
491.43	18.576
491.78	18.696
492.13	18.773
492.48	18.872
492.83	18.892
493.19	18.974
493.54	19.022
493.89	19.142
494.24	19.223
494.59	19.386
494.94	19.488
495.29	19.671
495.65	19.739
496	19.839
496.35	19.969
496.7	20.076
497.05	20.168
497.4	20.336
497.75	20.378
498.11	20.448
498.46	20.53
498.81	20.648
499.16	20.783
499.51	20.975
499.86	21.078
500.21	21.178
500.56	21.366
500.91	21.518
501.26	21.546
501.62	21.689
501.97	21.833
502.32	21.99
502.67	22.159
503.02	22.216
503.37	22.273
503.72	22.429
504.07	22.595
504.42	22.655
504.77	22.73
505.12	22.889
505.47	22.965
505.82	23.136
506.17	23.298
506.52	23.375
506.87	23.546
507.22	23.7
507.57	23.872
507.92	24.003
508.27	24.188
508.62	24.319
508.97	24.545
509.32	24.671
509.67	24.809
510.02	24.917
510.37	25.057
510.72	25.224
511.07	25.391
511.42	25.458
511.77	25.591
512.12	25.673
512.47	25.782
512.82	25.851
513.17	25.987
513.52	26.124
513.87	26.282
514.22	26.44
514.57	26.528
514.91	26.681
515.26	26.85
515.61	26.907
515.96	27.088
516.31	27.264
516.66	27.375
517.01	27.497
517.36	27.669
517.71	27.811
518.06	27.909
518.41	27.976
518.75	28.014
519.1	28.126
519.45	28.286
519.8	28.406
520.15	28.506
520.5	28.569
520.85	28.792
521.19	28.83
521.54	28.899
521.89	28.983
522.24	29.155
522.59	29.277
522.94	29.33
523.28	29.349
523.63	29.463
523.98	29.582
524.33	29.704
524.68	29.785
525.03	29.88
525.37	29.961
525.72	30.081
526.07	30.195
526.42	30.351
526.76	30.486
527.11	30.641
527.46	30.703
527.81	30.755
528.16	30.854
528.5	30.861
528.85	30.986
529.2	31.03
529.55	31.095
529.89	31.192
530.24	31.253
530.59	31.373
530.94	31.525
531.28	31.708
531.63	31.879
531.98	31.98
532.32	32.136
532.67	32.187
533.02	32.379
533.37	32.443
533.71	32.461
534.06	32.543
534.41	32.635
534.75	32.626
535.1	32.669
535.45	32.78
535.79	32.91
536.14	33.036
536.49	33.16
536.83	33.212
537.18	33.342
537.53	33.466
537.87	33.588
538.22	33.662
538.57	33.852
538.91	34.04
539.26	34.162
539.61	34.386
539.95	34.448
540.3	34.502
540.64	34.562
540.99	34.667
541.34	34.722
541.68	34.787
542.03	34.838
542.37	34.899
542.72	34.914
543.07	34.911
543.41	34.846
543.76	34.981
544.1	35.038
544.45	35.173
544.8	35.255
545.14	35.395
545.49	35.507
545.83	35.548
546.18	35.576
546.52	35.648
546.87	35.792
547.21	35.89
547.56	35.874
547.9	35.97
548.25	35.971
548.59	36.032
548.94	36.095
549.29	36.216
549.63	36.374
549.98	36.435
550.32	36.535
550.67	36.669
551.01	36.663
551.35	36.765
551.7	36.886
552.04	36.949
552.39	37.015
552.73	37.013
553.08	36.948
553.42	36.997
553.77	37.139
554.11	37.133
554.46	37.164
554.8	37.281
555.15	37.336
555.49	37.324
555.83	37.432
556.18	37.449
556.52	37.493
556.87	37.698
557.21	37.891
557.56	37.872
557.9	37.943
558.24	37.99
558.59	38
558.93	38.026
559.28	38.081
559.62	38.146
559.96	38.201
560.31	38.378
560.65	38.313
560.99	38.291
561.34	38.428
561.68	38.53
562.02	38.546
562.37	38.757
562.71	38.915
563.06	39.047
563.4	39.054
563.74	39.166
564.09	39.161
564.43	39.225
564.77	39.27
565.11	39.36
565.46	39.381
565.8	39.464
566.14	39.407
566.49	39.445
566.83	39.448
567.17	39.538
567.52	39.607
567.86	39.708
568.2	39.795
568.54	39.798
568.89	39.801
569.23	39.889
569.57	39.999
569.91	40.068
570.26	40.131
570.6	40.246
570.94	40.296
571.28	40.389
571.63	40.467
571.97	40.495
572.31	40.558
572.65	40.614
573	40.598
573.34	40.653
573.68	40.78
574.02	40.777
574.36	40.777
574.71	40.887
575.05	40.784
575.39	40.774
575.73	40.849
576.07	40.785
576.42	40.821
576.76	40.978
577.1	41.027
577.44	41.03
577.78	41.093
578.12	41.194
578.46	41.216
578.81	41.369
579.15	41.411
579.49	41.493
579.83	41.612
580.17	41.581
580.51	41.6
580.85	41.57
581.2	41.473
581.54	41.46
581.88	41.447
582.22	41.448
582.56	41.539
582.9	41.505
583.24	41.453
583.58	41.612
583.92	41.764
584.26	41.812
584.6	41.85
584.95	42.009
585.29	42.085
585.63	42.018
585.97	41.942
586.31	41.966
586.65	42.114
586.99	42.098
587.33	42.11
587.67	42.101
588.01	42.143
588.35	42.217
588.69	42.294
589.03	42.396
589.37	42.6
589.71	42.63
590.05	42.621
590.39	42.591
590.73	42.731
591.07	42.622
591.41	42.557
591.75	42.572
592.09	42.604
592.43	42.649
592.77	42.628
593.11	42.545
593.45	42.565
593.79	42.67
594.13	42.637
594.47	42.528
594.81	42.62
595.14	42.724
595.48	42.73
595.82	42.682
596.16	42.613
596.5	42.561
596.84	42.649
597.18	42.687
597.52	42.636
597.86	42.703
598.2	42.796
598.54	42.815
598.87	42.806
599.21	42.672
599.55	42.679
599.89	42.762
600.23	42.821
600.57	42.699
600.91	42.834
601.25	42.892
601.58	42.962
601.92	43.068
602.26	43.143
602.6	43.108
602.94	43.256
603.28	43.275
603.61	43.368
603.95	43.421
604.29	43.45
604.63	43.378
604.97	43.34
605.3	43.251
605.64	43.135
605.98	43.151
606.32	43.266
606.66	43.211
606.99	43.259
607.33	43.169
607.67	43.198
608.01	43.276
608.34	43.361
608.68	43.414
609.02	43.525
609.36	43.671
609.69	43.727
610.03	43.622
610.37	43.703
610.71	43.694
611.04	43.736
611.38	43.697
611.72	43.639
612.06	43.575
612.39	43.596
612.73	43.533
613.07	43.36
613.4	43.39
613.74	43.577
614.08	43.7
614.41	43.708
614.75	43.814
615.09	43.715
615.42	43.93
615.76	43.977
616.1	43.964
616.43	44.048
616.77	44.195
617.11	44.126
617.44	44.151
617.78	44.174
618.12	44.17
618.45	44.016
618.79	44.214
619.13	44.161
619.46	44.289
619.8	44.391
620.13	44.543
620.47	44.503
620.81	44.464
621.14	44.483
621.48	44.291
621.81	44.38
622.15	44.426
622.48	44.445
622.82	44.447
623.16	44.424
623.49	44.401
623.83	44.379
624.16	44.518
624.5	44.533
624.83	44.477
625.17	44.67
625.5	44.437
625.84	44.346
626.18	44.252
626.51	44.156
626.85	44.147
627.18	44
627.52	43.923
627.85	43.882
628.19	43.946
628.52	43.87
628.86	43.78
629.19	43.918
629.53	43.999
629.86	44.036
630.19	44.048
630.53	44.06
630.86	44.162
631.2	44.309
631.53	44.342
631.87	44.301
632.2	44.525
632.54	44.626
632.87	44.726
633.2	44.681
633.54	44.808
633.87	44.817
634.21	44.78
634.54	44.88
634.88	44.747
635.21	44.784
635.54	44.835
635.88	44.683
636.21	44.633
636.55	44.632
636.88	44.803
637.21	44.679
637.55	44.865
637.88	44.912
638.21	44.858
638.55	44.929
638.88	44.856
639.21	44.818
639.55	44.84
639.88	44.765
640.21	44.942
640.55	44.888
640.88	44.888
641.21	44.809
641.55	44.764
641.88	44.847
642.21	44.823
642.55	44.93
642.88	45.018
643.21	44.991
643.55	44.995
643.88	44.871
644.21	45.071
644.54	45.13
644.88	45.189
645.21	45.168
645.54	45.028
645.87	44.964
646.21	44.858
646.54	44.762
646.87	44.715
647.2	44.579
647.54	44.441
647.87	44.22
648.2	43.973
648.53	43.664
648.87	43.735
649.2	43.77
649.53	43.696
649.86	43.677
650.19	43.649
650.53	43.795
650.86	43.797
651.19	43.834
651.52	43.649
651.85	43.673
652.18	43.946
652.52	43.781
652.85	43.676
653.18	43.775
653.51	43.755
653.84	43.657
654.17	43.539
654.51	43.512
654.84	43.472
655.17	43.528
655.5	43.591
655.83	43.341
656.16	43.369
656.49	43.348
656.82	43.382
657.15	43.384
657.49	43.562
657.82	43.43
658.15	43.56
658.48	43.421
658.81	43.545
659.14	43.507
659.47	43.661
659.8	43.722
660.13	43.787
660.46	43.457
660.79	43.403
661.12	43.291
661.45	43.334
661.78	43.136
662.11	43.258
662.44	43.033
662.77	42.898
663.1	42.637
663.43	42.585
663.76	42.554
664.09	42.552
664.42	42.443
664.75	42.255
665.08	42.276
665.41	42.387
665.74	42.441
666.07	42.596
666.4	42.541
666.73	42.5
667.06	42.32
667.39	42.232
667.72	42.434
668.05	42.128
668.38	42.017
668.71	41.78
669.04	41.75
669.37	41.403
669.7	41.233
670.03	41.556
670.36	41.58
670.69	41.518
671.01	41.307
671.34	41.315
671.67	41.586
672	41.772
672.33	41.774
672.66	41.385
672.99	41.309
673.32	41.113
673.64	40.726
673.97	40.542
674.3	40.51
674.63	40.511
674.96	40.034
675.29	39.599
675.62	39.38
675.94	39.152
676.27	39.283
676.6	39.184
676.93	38.93
677.26	38.698
677.58	38.616
677.91	38.159
678.24	37.751
678.57	37.572
678.9	37.421
679.22	37.321
679.55	36.972
679.88	36.917
680.21	36.637
680.54	36.568
680.86	36.547
681.19	36.309
681.52	36.173
681.85	36.219
682.17	36.155
682.5	35.969
682.83	35.461
683.16	35.436
683.48	35.037
683.81	34.838
684.14	34.538
684.46	34.275
684.79	33.98
685.12	33.662
685.45	33.275
685.77	32.875
686.1	32.574
686.43	32.265
686.75	31.928
687.08	31.254
687.41	30.84
687.73	30.753
688.06	30.234
688.39	30.094
688.71	30.055
689.04	29.745
689.36	29.688
689.69	29.518
690.02	29.55
690.34	29.557
690.67	29.757
691	29.608
691.32	29.483
691.65	29.342
691.97	29.228
692.3	29.313
692.63	29.235
692.95	29.016
693.28	28.888
693.6	28.569
693.93	28.371
694.26	28.133
694.58	28.047
694.91	27.381
695.23	27.468
695.56	26.977
695.88	26.491
696.21	25.919
696.53	25.209
696.86	24.916
697.18	24.98
697.51	24.798
697.83	24.751
698.16	24.298
698.48	24.335
698.81	23.745
699.13	23.786
699.46	23.269
699.78	23.222
700.11	23.322
700.43	23.076
700.76	22.308
701.08	21.622
701.41	21.197
701.73	20.789
702.06	19.978
702.38	20.057
702.71	19.44
703.03	18.915
703.35	18.672
703.68	18.426
704	18.006
704.33	17.765
704.65	17.553
704.98	16.686
705.3	16.675
705.62	16.975
705.95	16.63
706.27	15.96
706.6	16.167
706.92	15.738
707.24	15.352
707.57	15.255
707.89	15.514
708.21	15.547
708.54	15.441
708.86	15.119
709.18	14.541
709.51	14.386
709.83	14.65
710.15	14.534
710.48	14.208
710.8	13.913
711.12	13.689
711.45	13.202
711.77	12.695
712.09	13.138
712.42	13.443
712.74	13.686
713.06	13.062
713.38	13.549
713.71	13.707
714.03	13.604
714.35	13.427
714.68	13.125
715	12.88
715.32	12.899
715.64	12.056
715.97	11.525
716.29	11.188
716.61	11.044
716.93	9.877
717.25	9.131
717.58	8.894
717.9	8.615
718.22	8.506
718.54	8.368
718.87	7.969
719.19	7.463
719.51	7.106
719.83	6.661
720.15	6.039
720.47	6.004
720.8	5.138
721.12	4.759
721.44	4.824
721.76	5.018
722.08	4.629
722.4	3.966
722.73	3.569
723.05	3.907
723.37	3.795
723.69	3.966
724.01	3.067
724.33	3.464
724.65	3.462
724.97	3.018
725.3	1.846
725.62	2.084
725.94	2.536
726.26	3.625
726.58	2.866
726.9	2.442
727.22	2.284
727.54	2.364
727.86	2.142
728.18	1.865
728.5	1.504
728.82	1.175
729.14	0.664
729.46	-0.392
729.78	-1.771
730.1	-1.674
730.42	-1.079
730.74	-1.013
731.07	-1.008
731.39	-0.426
731.71	-0.408
732.03	-0.313
732.35	0.281
732.66	-0.173
732.98	0.521
733.3	0.19
733.62	0.169
733.94	-0.668
734.26	-0.444
734.58	-0.826
734.9	-1.822
735.22	-1.992
735.54	-1.97
735.86	-2.656
736.18	-2.743
736.5	-3.507
736.82	-2.63
737.14	-2.834
737.46	-2.534
737.78	-3.62
738.1	-3.297
738.41	-3.809
738.73	-4.006
739.05	-4.676
739.37	-4.627
739.69	-4.526
740.01	-4.55
740.33	-5.307
740.65	-4.848
740.96	-4.386
741.28	-3.96
741.6	-5.163
741.92	-4.786
742.24	-4.724
742.56	-3.705
742.88	-3.923
743.19	-4.139
743.51	-4.726
743.83	-5.013
744.15	-5.733
744.47	-7.596
744.78	-7.493
745.1	-7.372
745.42	-7.415
745.74	-7.362
746.06	-8.375
746.37	-7.95
746.69	-8.006
747.01	-8.128
747.33	-8.603
747.64	-9.057
747.96	-8.561
748.28	-9.589
748.6	-8.884
748.91	-8.818
749.23	-9.61
749.55	-10.472
749.87	-10.879
750.18	-10.943
750.5	-10.6
750.82	-8.488
751.13	-8.902
751.45	-8.323
751.77	-8.179
752.08	-8.408
752.4	-9.431
752.72	-9.6
753.03	-8.97
753.35	-8.606
753.67	-8.389
753.98	-8.081
754.3	-9.121
754.62	-8.689
754.93	-10.371
755.25	-10.216
755.57	-9.076
755.88	-7.777
756.2	-7.1
756.51	-8.11
756.83	-9.177
757.15	-8.829
757.46	-8.186
757.78	-7.786
758.09	-7.942
758.41	-6.299
758.73	-7.562
759.04	-8.759
759.36	-9.209
759.67	-8.394
759.99	-7.496
760.3	-6.747
760.62	-8.707
760.94	-10.159
761.25	-10.095
761.57	-10.739
761.88	-11.052
762.2	-8.999
762.51	-9.024
762.83	-8.791
763.14	-9.817
763.46	-10.595
763.77	-10.476
764.09	-9.263
764.4	-8.913
764.72	-10.177
765.03	-10.036
765.35	-10.286
765.66	-11.592
765.98	-11.016
766.29	-11.652
766.61	-12.947
766.92	-12.714
767.23	-12.31
767.55	-13.991
767.86	-15.09
768.18	-14.29
768.49	-14.433
768.81	-15.247
769.12	-15.893
769.43	-16.664
769.75	-16.69
770.06	-15.786
770.38	-17.15
770.69	-18.423
771	-18.453
771.32	-16.479
771.63	-17.692
771.94	-17.628
772.26	-17.437
772.57	-17.52
772.89	-18.835
773.2	-19.181
773.51	-21.166
773.83	-19.208
774.14	-22.472
774.45	-23.058
774.77	-26.363
775.08	-26.652
775.39	-27.971
775.7	-28.206
776.02	-28.915
776.33	-29.42
776.64	-28.459
776.96	-26.091
777.27	-27.408
777.58	-24.577
777.89	-23.177
778.21	-20.513
778.52	-21.715
778.83	-22.654
779.14	-24.144
779.46	-21.925
779.77	-21.924
780.08	-23.831
780.39	-23.486
780.71	-23.157
781.02	-23.679
781.33	-21.607
781.64	-23.214
781.95	-22.004
782.27	-20.453
782.58	-19.842
782.89	-19.334
783.2	-18.297
783.51	-18.17
783.83	-19.227
784.14	-20.114
784.45	-21.268
784.76	-22.018
785.07	-21.97
785.38	-21.925
785.7	-22.563
786.01	-19.542
786.32	-21.594
786.63	-22.378
786.94	-22.503
787.25	-22.358
787.56	-23.99
787.87	-21.089
788.18	-23.006
788.5	-22.55
788.81	-21.21
789.12	-22.655
789.43	-25.054
789.74	-26.224
790.05	-24.402
790.36	-23.668
790.67	-23.575
790.98	-21.193
791.29	-21.543
791.6	-19.86
791.91	-19.111
792.22	-20.346
792.53	-18.993
792.84	-18.48
793.15	-15.736
793.46	-18.904
793.77	-18.773
794.08	-16.486
794.39	-18.123
794.7	-17.122
795.01	-18.986
795.32	-17.04
795.63	-16.802
795.94	-14.392
796.25	-15.081
796.56	-16.215
796.87	-14.46
797.18	-17.937
797.49	-20.569
797.8	-19.405
798.11	-22.802
798.42	-22.256
798.73	-26.936
799.04	-24.433
799.35	-26.044
799.65	-25.814
799.96	-27.357
800.27	-25.138
800.58	-21.83
800.89	-21.411
801.2	-20.44
801.51	-18.447
801.82	-16.841
802.13	-16.719
802.43	-19.874
802.74	-20.149
803.05	-22.843
803.36	-22.573
803.67	-23.946
803.98	-23.794
804.28	-24.309
804.59	-25.967
804.9	-30.081
805.21	-28.501
805.52	-30.049
805.83	-25.171
806.13	-24.025
806.44	-19.518
806.75	-20.751
807.06	-19.02
807.36	-17.274
807.67	-16.207
807.98	-16.599
808.29	-13.933
808.6	-15.472
808.9	-10.451
809.21	-12.675
809.52	-15.138
809.83	-17.219
810.13	-17.281
810.44	-23.09
810.75	-25.466
811.05	-27.226
811.36	-26.851
811.67	-27.147
811.98	-27.121
812.28	-29.662
812.59	-30.889
812.9	-29.008
813.2	-26.86
813.51	-26.463
813.82	-23.169
814.12	-21.207
814.43	-19.332
814.74	-17.676
815.04	-17.951
815.35	-16.977
815.65	-17.005
815.96	-13.127
816.27	-13.232
816.57	-11.79
816.88	-9.616
817.19	-13.911
817.49	-14.584
817.8	-15.019
818.1	-13.833
818.41	-11.95
818.72	-13.598
819.02	-13.896
819.33	-14.583
819.63	-15.838
819.94	-17.877
820.24	-20.81
820.55	-23.297
820.85	-23.513
821.16	-23.17
821.47	-24.894
821.77	-25.531
822.08	-26.575
822.38	-26.904
822.69	-28.097
822.99	-27.533
823.3	-28.801
823.6	-28.941
823.91	-27.171
824.21	-27.46
824.52	-28.802
824.82	-29.209
825.13	-29.792
825.43	-29.964
825.73	-29.36
826.04	-27.617
826.34	-29.055
826.65	-29.087
826.95	-30.248
827.26	-32.369
827.56	-33.118
827.87	-31.495
828.17	-31.87
828.47	-32.04
828.78	-30.455
829.08	-32.307
829.39	-35.032
829.69	-32.679
829.99	-30.36
830.3	-26.327
830.6	-27.265
830.9	-26.501
831.21	-27.657
831.51	-25.467
831.82	-23.249
832.12	-25.971
832.42	-26.056
832.73	-23.03
833.03	-30.051
833.33	-29.845
833.64	-30.643
833.94	-27.512
834.24	-27.033
834.54	-27.001
834.85	-28.015
835.15	-28.438
835.45	-29.512
835.76	-26.896
836.06	-32.321
836.36	-28.02
836.66	-30.179
836.97	-26.618
837.27	-24.323
837.57	-23.496
837.87	-24.791
838.18	-24.746
838.48	-32.355
838.78	-28.362
839.08	-28.627
839.39	-22.371
839.69	-22.215
839.99	-14.535
840.29	-20.527
840.59	-25.053
840.9	-27.635
841.2	-29.27
841.5	-30.874
841.8	-30.311
842.1	-32.07
842.41	-38.369
842.71	-38.607
843.01	-33.211
843.31	-48.434
843.61	-40.552
843.91	-50.455
844.21	-60.417
844.52	-62.308
844.82	-61.434
845.12	-59.249
845.42	-78.559
845.72	-68.182
846.02	-61.228
846.32	-86.449
846.62	-91.312
846.92	-126.721
847.22	-107.088
847.52	-120.408
847.83	-134.3
848.13	-110.173
848.43	-120.569
848.73	-99.602
849.03	-125.118
849.33	-176.948
849.63	-139.474
849.93	-111.33
850.23	-92.161
850.53	-89.773
850.83	-87.214
851.13	-68.403
851.43	-69.527
851.73	-55.776
852.03	-67.071
852.33	-62.401
852.63	-67.331
852.93	-66.21
853.23	-65.342
853.53	-60.781
853.83	-48.217
854.13	-39.886
854.43	-52.174
854.73	-47.735
855.03	-40.917
855.32	-29.022
855.62	-31.459
855.92	-18.421
856.22	-26.96
856.52	-37.556
856.82	-57.699
857.12	-59.528
857.42	-54.08
857.72	-44.425
858.02	-46.355
858.31	-39.179
858.61	-48.837
858.91	-43.469
859.21	-57.974
859.51	-40.228
859.81	-36.379
860.11	-21.461
860.4	-27.548
860.7	-30.519
861	-32.401
861.3	-41.491
861.6	-45.015
861.9	-39.291
862.19	-53.655
862.49	-52.877
862.79	-85.049
863.09	-60.521
863.39	-75.41
863.68	-82.016
863.98	-94.647
864.28	-104.028
864.58	-101.754
864.87	-129.003
865.17	-160.408
865.47	-139.837
865.77	-144.215
866.06	-104.58
866.36	-124.219
866.66	-100.353
866.96	-89.841
867.25	-69.78
867.55	-73.464
867.85	-103.333
868.14	-93.094
868.44	-62.525
868.74	-46.078
869.03	-24.33
869.33	-25.143
869.63	-34.462
869.92	-15.192
870.22	-13.836
870.52	-15.217
870.81	-7.277
871.11	-8.471
871.41	-19.552
871.7	-22.134
872	-35.146
872.3	-46.654
872.59	-36.275
872.89	-18.762
873.18	-44.008
873.48	-40.152
873.78	-62.47
874.07	-70.801
874.37	-44.444
874.66	-33.416
874.96	-25.641
875.25	-10.776
875.55	-17.788
875.85	-26.606
876.14	-25.117
876.44	-7.642
876.73	1.359
877.03	2.906
877.32	-0.797
877.62	1.193
877.91	-5.766
878.21	-17.681
878.5	-27.765
878.8	-13.717
879.09	-15.313
879.39	-38.14
879.68	-35.837
879.98	-37.097
880.27	-30.795
880.57	-21.591
880.86	-41.985
881.16	-48.482
881.45	-43.936
881.74	-40.395
882.04	-43.401
882.33	-44.699
882.63	-41.693
882.92	-46.654
883.22	-47.179
883.51	-46.958
883.8	-47.292
884.1	-46.861
884.39	-45.363
884.69	-47.152
884.98	-51.917
885.27	-54.594
885.57	-52.865
885.86	-66.254
886.15	-68.529
886.45	-71.478
886.74	-73.066
887.03	-85.878
887.33	-90.118
887.62	-86.5
887.91	-41.176
888.21	-26.154
888.5	138.095
888.79	129.167
889.09	-65.152
