190.56	18.75
190.94	18.75
191.32	18.75
191.7	344.444
192.08	92.857
192.46	-1.02
192.84	-9.804
193.22	-45
193.6	-527.273
193.98	-813.636
194.36	415.385
194.74	222.876
195.13	169.652
195.51	170.755
195.89	187.059
196.27	243.624
196.65	296.748
197.03	299.065
197.4	259.231
197.78	293.396
198.16	125.17
198.54	187.342
198.92	-69.697
199.3	105.319
199.68	287.234
200.06	753.571
200.44	875
200.82	-1028.571
201.2	-335.593
201.58	-477.778
201.96	-1140.625
202.34	-823.684
202.72	-570.833
203.1	-158.156
203.48	-75.556
203.86	-58.289
204.24	-43.662
204.62	-73.077
205	-169.355
205.38	-340.698
205.76	-251.19
206.13	-114.689
206.51	-350.549
206.89	-213.174
207.27	-150.901
207.65	-237.654
208.03	-399.099
208.41	-548.718
208.79	-253.521
209.17	-111.818
209.55	-108.636
209.93	-67.045
210.3	-105.5
210.68	-65.863
211.06	-37.868
211.44	-85.976
211.82	-79.874
212.2	-75.676
212.58	-49.813
212.96	-39.834
213.33	-84.127
213.71	-41.049
214.09	-86.081
214.47	-65.049
214.85	-30.303
215.23	-25.066
215.61	-19.858
215.98	-10.692
216.36	-15.726
216.74	-2
217.12	-8.902
217.5	16.881
217.88	12.284
218.25	19.669
218.63	32.951
219.01	20.466
219.39	9.634
219.77	5.849
220.14	-2.653
220.52	24.444
220.9	13.679
221.28	0.486
221.66	-5.631
222.03	-16.509
222.41	-18.182
222.79	-23.794
223.17	-12.867
223.55	-4.567
223.92	-5.388
224.3	-6.014
224.68	-12.342
225.06	-14.03
225.43	-3.499
225.81	-3.597
226.19	-4.287
226.57	-0.651
226.95	-1.809
227.32	-1.023
227.7	-2.331
228.08	0.838
228.46	1.269
228.83	2.172
229.21	3.444
229.59	2.541
229.96	3.157
230.34	4.577
230.72	5.368
231.1	4.93
231.47	4.703
231.85	4.452
232.23	3.061
232.6	2.503
232.98	-0.872
233.36	-2.248
233.74	-2.345
234.11	-3.531
234.49	-3.759
234.87	-3.267
235.24	-1.891
235.62	-1.614
236	-0.182
236.37	-0.469
236.75	1.746
237.13	3.552
237.5	2.974
237.88	3.12
238.26	2.815
238.63	3.121
239.01	1.986
239.39	1.961
239.76	1.83
240.14	2.353
240.52	3.56
240.89	2.418
241.27	2.375
241.65	3.334
242.02	3.91
242.4	3.656
242.77	3.626
243.15	2.883
243.53	3.357
243.9	3.463
244.28	4.016
244.66	3.832
245.03	3.738
245.41	4.005
245.78	2.998
246.16	2.622
246.54	3.136
246.91	2.837
247.29	3.138
247.66	2.723
248.04	2.394
248.41	2.029
248.79	1.934
249.17	2.355
249.54	2.08
249.92	2.887
250.29	3.175
250.67	2.647
251.04	2.413
251.42	2.683
251.8	2.944
252.17	3.446
252.55	3.732
252.92	3.031
253.3	3.508
253.67	3.606
254.05	3.516
254.42	4.346
254.8	4.868
255.17	5.306
255.55	4.538
255.92	3.937
256.3	4.546
256.67	4.689
257.05	4.604
257.42	3.749
257.8	3.526
258.17	3.184
258.55	2.423
258.92	2.362
259.3	2.471
259.67	2.891
260.05	2.85
260.42	2.91
260.8	2.564
261.17	2.679
261.55	2.979
261.92	2.992
262.3	2.961
262.67	3.398
263.05	3.274
263.42	3.524
263.79	3.618
264.17	4.19
264.54	3.707
264.92	3.038
265.29	2.795
265.67	2.633
266.04	2.54
266.42	2.071
266.79	1.903
267.16	2.38
267.54	1.945
267.91	2.105
268.29	1.92
268.66	1.93
269.03	2.579
269.41	3.126
269.78	3.047
270.16	3.07
270.53	3.583
270.9	3.54
271.28	3.492
271.65	3.377
272.03	3.078
272.4	3.167
272.77	3.151
273.15	3.324
273.52	3.434
273.89	3.243
274.27	3.133
274.64	3.284
275.01	3.414
275.39	3.155
275.76	3.406
276.14	3.264
276.51	3.257
276.88	3.229
277.26	2.66
277.63	2.402
278	2.5
278.38	2.785
278.75	2.85
279.12	2.666
279.49	2.689
279.87	2.929
280.24	3.073
280.61	2.711
280.99	2.789
281.36	3.213
281.73	3.095
282.11	3.302
282.48	3.359
282.85	3.486
283.22	3.683
283.6	3.815
283.97	3.615
284.34	3.544
284.71	3.765
285.09	3.657
285.46	3.608
285.83	3.766
286.21	3.889
286.58	3.842
286.95	3.742
287.32	3.574
287.7	3.67
288.07	3.762
288.44	3.839
288.81	3.849
289.18	3.924
289.56	3.934
289.93	3.697
290.3	3.599
290.67	3.646
291.05	3.405
291.42	3.359
291.79	3.463
292.16	3.636
292.53	3.533
292.91	3.761
293.28	3.765
293.65	3.859
294.02	4.104
294.39	4.219
294.76	4.019
295.14	4.142
295.51	4.287
295.88	4.353
296.25	4.354
296.62	4.476
297	4.547
297.37	4.549
297.74	4.484
298.11	4.61
298.48	4.464
298.85	4.77
299.22	4.696
299.6	4.806
299.97	4.595
300.34	4.48
300.71	4.55
301.08	4.376
301.45	4.461
301.82	4.566
302.19	4.254
302.56	4.392
302.94	4.179
303.31	4.106
303.68	4.064
304.05	4.121
304.42	4.123
304.79	3.994
305.16	3.827
305.53	3.83
305.9	3.859
306.27	3.898
306.64	3.804
307.02	3.982
307.39	4.338
307.76	4.188
308.13	4.274
308.5	4.397
308.87	4.532
309.24	4.641
309.61	4.57
309.98	4.577
310.35	4.597
310.72	4.92
311.09	4.775
311.46	4.623
311.83	4.666
312.2	4.479
312.57	4.264
312.94	4.405
313.31	4.621
313.68	4.714
314.05	4.339
314.42	4.69
314.79	4.238
315.16	4.197
315.53	4.09
315.9	4.203
316.27	4.162
316.64	4.521
317.01	4.315
317.38	4.157
317.75	4.257
318.12	4.474
318.49	4.188
318.86	4.383
319.23	4.751
319.6	4.857
319.97	4.599
320.34	4.67
320.71	4.443
321.08	4.497
321.45	4.675
321.82	4.713
322.19	5.034
322.55	5.326
322.92	5.391
323.29	5.206
323.66	5.63
324.03	5.808
324.4	5.842
324.77	6.094
325.14	6.467
325.51	6.628
325.88	6.64
326.25	6.698
326.61	6.789
326.98	6.938
327.35	7.265
327.72	6.97
328.09	7.127
328.46	7.363
328.83	7.337
329.2	7.192
329.56	7.049
329.93	7.286
330.3	7.023
330.67	7.113
331.04	7.158
331.41	7.024
331.78	7.37
332.14	7.532
332.51	7.486
332.88	7.468
333.25	7.496
333.62	7.679
333.99	7.848
334.35	8.097
334.72	7.912
335.09	7.871
335.46	7.93
335.83	7.948
336.19	7.734
336.56	7.719
336.93	7.806
337.3	7.802
337.67	7.514
338.03	7.083
338.4	6.953
338.77	6.973
339.14	6.941
339.5	6.824
339.87	6.689
340.24	6.879
340.61	7.096
340.97	6.989
341.34	6.842
341.71	7.054
342.08	7.285
342.44	7.299
342.81	7.3
343.18	7.212
343.55	7.156
343.91	7.191
344.28	7.038
344.65	7.055
345.02	7.033
345.38	7.064
345.75	7.022
346.12	6.922
346.48	6.992
346.85	6.859
347.22	6.891
347.59	6.85
347.95	6.808
348.32	6.815
348.69	6.644
349.05	6.785
349.42	6.903
349.79	6.954
350.15	6.832
350.52	6.816
350.89	6.944
351.25	7.152
351.62	7.131
351.99	7.04
352.35	6.949
352.72	7.044
353.09	6.844
353.45	6.758
353.82	6.757
354.18	6.853
354.55	6.659
354.92	6.62
355.28	6.356
355.65	6.375
356.02	6.393
356.38	6.465
356.75	6.288
357.11	6.303
357.48	6.302
357.85	6.175
358.21	6.089
358.58	6.145
358.94	6.08
359.31	6.063
359.67	6.07
360.04	5.996
360.41	6.183
360.77	6.364
361.14	6.263
361.5	6.389
361.87	6.47
362.23	6.568
362.6	6.59
362.97	6.677
363.33	6.696
363.7	6.737
364.06	6.87
364.43	6.773
364.79	6.701
365.16	6.786
365.52	6.647
365.89	6.74
366.25	6.603
366.62	6.535
366.98	6.591
367.35	6.644
367.71	6.616
368.08	6.439
368.44	6.453
368.81	6.28
369.17	6.467
369.54	6.521
369.9	6.263
370.27	6.26
370.63	6.427
371	6.381
371.36	6.514
371.73	6.642
372.09	6.699
372.45	6.71
372.82	6.934
373.18	6.863
373.55	6.798
373.91	6.995
374.28	7.035
374.64	7.06
375.01	7.099
375.37	7.001
375.73	6.995
376.1	7.115
376.46	7.054
376.83	7.028
377.19	7.07
377.55	7.173
377.92	7.303
378.28	7.436
378.65	7.482
379.01	7.54
379.37	7.615
379.74	7.719
380.1	7.865
380.47	7.886
380.83	8.018
381.19	8.018
381.56	8.168
381.92	8.136
382.28	8.153
382.65	8.22
383.01	8.392
383.37	8.363
383.74	8.359
384.1	8.228
384.46	8.321
384.83	8.359
385.19	8.322
385.55	8.357
385.92	8.325
386.28	8.324
386.64	8.274
387.01	8.279
387.37	8.42
387.73	8.508
388.1	8.645
388.46	8.823
388.82	8.838
389.18	8.953
389.55	8.99
389.91	9.155
390.27	9.218
390.64	9.511
391	9.5
391.36	9.589
391.72	9.694
392.09	9.797
392.45	9.716
392.81	9.781
393.17	9.951
393.54	9.957
393.9	10.033
394.26	10.294
394.62	10.107
394.99	10.195
395.35	10.212
395.71	10.168
396.07	10.262
396.43	10.431
396.8	10.626
397.16	10.727
397.52	10.909
397.88	10.981
398.24	10.906
398.61	11.058
398.97	11.221
399.33	11.338
399.69	11.48
400.05	11.571
400.42	11.654
400.78	11.608
401.14	11.64
401.5	11.633
401.86	11.759
402.22	11.96
402.59	12.23
402.95	12.134
403.31	12.172
403.67	12.046
404.03	12.059
404.39	12.084
404.75	12.166
405.12	12.184
405.48	12.165
405.84	12.079
406.2	12.005
406.56	11.909
406.92	12.026
407.28	12.156
407.64	12.306
408	12.431
408.36	12.458
408.73	12.611
409.09	12.777
409.45	12.881
409.81	12.991
410.17	13.109
410.53	13.215
410.89	13.421
411.25	13.426
411.61	13.637
411.97	13.585
412.33	13.69
412.69	13.608
413.05	13.565
413.41	13.736
413.77	13.868
414.13	13.863
414.5	13.856
414.86	13.767
415.22	13.782
415.58	13.789
415.94	13.782
416.3	13.795
416.66	13.883
417.02	13.96
417.38	14.034
417.74	14.029
418.1	14.12
418.46	14.231
418.82	14.278
419.18	14.433
419.54	14.524
419.9	14.707
420.26	14.868
420.61	14.899
420.97	15.076
421.33	15.119
421.69	15.143
422.05	15.163
422.41	15.316
422.77	15.459
423.13	15.474
423.49	15.603
423.85	15.652
424.21	15.651
424.57	15.816
424.93	15.843
425.29	15.892
425.65	16.053
426.01	16.211
426.36	16.217
426.72	16.187
427.08	16.32
427.44	16.372
427.8	16.505
428.16	16.575
428.52	16.523
428.88	16.491
429.24	16.556
429.59	16.552
429.95	16.603
430.31	16.702
430.67	16.789
431.03	16.795
431.39	16.769
431.75	16.805
432.1	16.891
432.46	17.033
432.82	17.085
433.18	17.107
433.54	17.201
433.9	17.251
434.25	17.149
434.61	17.229
434.97	17.211
435.33	17.233
435.69	17.229
436.04	17.386
436.4	17.438
436.76	17.536
437.12	17.643
437.48	17.589
437.83	17.635
438.19	17.736
438.55	17.756
438.91	17.932
439.27	18.061
439.62	18.087
439.98	18.1
440.34	18.27
440.7	18.351
441.05	18.461
441.41	18.711
441.77	18.804
442.13	18.892
442.48	19.078
442.84	19.12
443.2	19.19
443.56	19.348
443.91	19.379
444.27	19.307
444.63	19.406
444.98	19.472
445.34	19.494
445.7	19.56
446.05	19.715
446.41	19.833
446.77	19.904
447.13	20.075
447.48	20.164
447.84	20.346
448.2	20.536
448.55	20.673
448.91	20.799
449.27	20.909
449.62	21.092
449.98	21.218
450.34	21.265
450.69	21.537
451.05	21.605
451.4	21.804
451.76	21.882
452.12	22.056
452.47	22.227
452.83	22.368
453.19	22.641
453.54	22.795
453.9	22.882
454.25	23.037
454.61	23.177
454.97	23.38
455.32	23.424
455.68	23.598
456.03	23.649
456.39	23.793
456.75	23.969
457.1	24.009
457.46	24.102
457.81	24.288
458.17	24.479
458.52	24.601
458.88	24.709
459.24	24.807
459.59	24.936
459.95	25.069
460.3	25.181
460.66	25.193
461.01	25.304
461.37	25.358
461.72	25.405
462.08	25.526
462.43	25.64
462.79	25.768
463.14	26.055
463.5	26.201
463.85	26.304
464.21	26.258
464.56	26.46
464.92	26.588
465.27	26.836
465.63	27.072
465.98	27.155
466.34	27.248
466.69	27.448
467.05	27.486
467.4	27.668
467.76	27.884
468.11	28.129
468.47	28.284
468.82	28.381
469.18	28.442
469.53	28.528
469.88	28.66
470.24	28.819
470.59	28.833
470.95	28.971
471.3	28.876
471.66	28.989
472.01	29.206
472.36	29.34
472.72	29.61
473.07	29.738
473.43	29.874
473.78	30.003
474.13	30.147
474.49	30.272
474.84	30.513
475.19	30.831
475.55	30.915
475.9	30.968
476.26	31.069
476.61	31.108
476.96	31.304
477.32	31.354
477.67	31.522
478.02	31.602
478.38	31.762
478.73	31.857
479.08	31.922
479.44	32.048
479.79	32.1
480.14	32.171
480.5	32.212
480.85	32.315
481.2	32.478
481.56	32.565
481.91	32.747
482.26	32.837
482.62	32.876
482.97	32.98
483.32	33.08
483.67	33.189
484.03	33.291
484.38	33.392
484.73	33.484
485.08	33.554
485.44	33.669
485.79	33.762
486.14	33.895
486.49	33.996
486.85	34.112
487.2	34.203
487.55	34.261
487.9	34.278
488.26	34.311
488.61	34.326
488.96	34.415
489.31	34.443
489.67	34.469
490.02	34.516
490.37	34.587
490.72	34.587
491.07	34.608
491.43	34.752
491.78	34.838
492.13	34.916
492.48	35.001
492.83	35.074
493.19	35.161
493.54	35.264
493.89	35.37
494.24	35.439
494.59	35.523
494.94	35.589
495.29	35.552
495.65	35.622
496	35.734
496.35	35.751
496.7	35.798
497.05	35.872
497.4	35.93
497.75	36.036
498.11	36.095
498.46	36.172
498.81	36.235
499.16	36.318
499.51	36.38
499.86	36.426
500.21	36.476
500.56	36.466
500.91	36.511
501.26	36.493
501.62	36.53
501.97	36.689
502.32	36.885
502.67	37.008
503.02	37.068
503.37	37.154
503.72	37.19
504.07	37.303
504.42	37.414
504.77	37.434
505.12	37.533
505.47	37.551
505.82	37.604
506.17	37.629
506.52	37.682
506.87	37.757
507.22	37.804
507.57	37.851
507.92	37.859
508.27	37.89
508.62	37.972
508.97	38.049
509.32	38.108
509.67	38.209
510.02	38.134
510.37	38.256
510.72	38.323
511.07	38.396
511.42	38.515
511.77	38.62
512.12	38.801
512.47	38.952
512.82	39.007
513.17	39.049
513.52	39.131
513.87	39.314
514.22	39.313
514.57	39.414
514.91	39.542
515.26	39.604
515.61	39.693
515.96	39.666
516.31	39.792
516.66	39.869
517.01	39.941
517.36	39.976
517.71	40.144
518.06	40.347
518.41	40.414
518.75	40.505
519.1	40.605
519.45	40.722
519.8	40.858
520.15	40.88
520.5	41
520.85	41.169
521.19	41.309
521.54	41.292
521.89	41.266
522.24	41.397
522.59	41.455
522.94	41.557
523.28	41.719
523.63	41.851
523.98	42.036
524.33	42.245
524.68	42.33
525.03	42.366
525.37	42.606
525.72	42.762
526.07	42.987
526.42	43.094
526.76	43.16
527.11	43.322
527.46	43.415
527.81	43.489
528.16	43.567
528.5	43.669
528.85	43.907
529.2	44.035
529.55	44.188
529.89	44.279
530.24	44.483
530.59	44.705
530.94	44.844
531.28	45.141
531.63	45.381
531.98	45.561
532.32	45.839
532.67	45.898
533.02	45.94
533.37	46.078
533.71	46.21
534.06	46.311
534.41	46.481
534.75	46.635
535.1	46.804
535.45	47.045
535.79	47.239
536.14	47.346
536.49	47.528
536.83	47.809
537.18	48.036
537.53	48.122
537.87	48.313
538.22	48.573
538.57	48.8
538.91	48.886
539.26	49.121
539.61	49.328
539.95	49.607
540.3	49.752
540.64	49.818
540.99	49.894
541.34	50.029
541.68	50.14
542.03	50.199
542.37	50.281
542.72	50.383
543.07	50.411
543.41	50.536
543.76	50.507
544.1	50.681
544.45	50.856
544.8	50.96
545.14	51.133
545.49	51.296
545.83	51.413
546.18	51.467
546.52	51.699
546.87	51.736
547.21	51.858
547.56	52.073
547.9	52.202
548.25	52.362
548.59	52.526
548.94	52.677
549.29	52.771
549.63	52.934
549.98	53.247
550.32	53.291
550.67	53.445
551.01	53.542
551.35	53.667
551.7	53.762
552.04	53.863
552.39	54.092
552.73	54.205
553.08	54.326
553.42	54.414
553.77	54.42
554.11	54.645
554.46	54.93
554.8	55.1
555.15	55.34
555.49	55.542
555.83	55.572
556.18	55.609
556.52	55.712
556.87	55.785
557.21	55.852
557.56	55.996
557.9	56.042
558.24	56.103
558.59	56.25
558.93	56.257
559.28	56.295
559.62	56.447
559.96	56.464
560.31	56.538
560.65	56.704
560.99	56.837
561.34	56.976
561.68	57.016
562.02	57.02
562.37	57.159
562.71	57.313
563.06	57.574
563.4	57.691
563.74	57.891
564.09	57.978
564.43	58.013
564.77	58.026
565.11	58.182
565.46	58.378
565.8	58.634
566.14	58.779
566.49	58.96
566.83	58.801
567.17	58.876
567.52	58.98
567.86	59.192
568.2	59.439
568.54	59.514
568.89	59.586
569.23	59.614
569.57	59.72
569.91	59.736
570.26	59.649
570.6	59.887
570.94	60.018
571.28	59.996
571.63	60.055
571.97	60.135
572.31	60.41
572.65	60.426
573	60.447
573.34	60.495
573.68	60.501
574.02	60.677
574.36	60.844
574.71	60.889
575.05	61.033
575.39	61.096
575.73	61.173
576.07	61.244
576.42	61.407
576.76	61.601
577.1	61.607
577.44	61.714
577.78	61.744
578.12	61.776
578.46	61.816
578.81	61.928
579.15	62.002
579.49	61.952
579.83	61.928
580.17	61.957
580.51	61.899
580.85	62.15
581.2	62.289
581.54	62.367
581.88	62.349
582.22	62.387
582.56	62.429
582.9	62.402
583.24	62.484
583.58	62.708
583.92	62.832
584.26	63.215
584.6	63.142
584.95	63.014
585.29	63.077
585.63	62.973
585.97	63.056
586.31	63.133
586.65	63.174
586.99	63.382
587.33	63.218
587.67	63.24
588.01	63.146
588.35	63.33
588.69	63.486
589.03	63.439
589.37	63.644
589.71	63.979
590.05	64.18
590.39	64.255
590.73	64.274
591.07	64.346
591.41	64.383
591.75	64.425
592.09	64.184
592.43	64.261
592.77	64.323
593.11	64.261
593.45	63.941
593.79	63.759
594.13	64
594.47	64.211
594.81	64.343
595.14	64.337
595.48	64.48
595.82	64.718
596.16	64.807
596.5	64.899
596.84	65.072
597.18	65.374
597.52	65.593
597.86	65.477
598.2	65.284
598.54	65.368
598.87	65.529
599.21	65.531
599.55	65.516
599.89	65.669
600.23	65.848
600.57	66.075
600.91	66.093
601.25	66.041
601.58	66.098
601.92	66.379
602.26	66.512
602.6	66.526
602.94	66.631
603.28	66.749
603.61	66.705
603.95	66.76
604.29	66.661
604.63	66.661
604.97	66.779
605.3	66.93
605.64	66.968
605.98	66.948
606.32	67
606.66	66.815
606.99	66.799
607.33	66.905
607.67	66.694
608.01	66.842
608.34	66.816
608.68	66.893
609.02	66.919
609.36	66.801
609.69	66.846
610.03	66.862
610.37	67.097
610.71	67.032
611.04	66.911
611.38	67.152
611.72	67.095
612.06	67.301
612.39	67.275
612.73	67.255
613.07	67.11
613.4	66.89
613.74	66.832
614.08	66.639
614.41	66.811
614.75	66.999
615.09	66.981
615.42	67.036
615.76	66.979
616.1	66.77
616.43	66.859
616.77	67.089
617.11	67.281
617.44	67.179
617.78	67.463
618.12	67.555
618.45	67.583
618.79	67.469
619.13	67.348
619.46	67.138
619.8	67.142
620.13	66.934
620.47	66.593
620.81	66.68
621.14	66.842
621.48	66.656
621.81	66.541
622.15	66.458
622.48	66.512
622.82	66.71
623.16	66.977
623.49	67.167
623.83	67.357
624.16	67.547
624.5	67.505
624.83	67.464
625.17	67.465
625.5	67.671
625.84	67.826
626.18	67.83
626.51	67.744
626.85	67.811
627.18	67.871
627.52	67.798
627.85	67.741
628.19	67.89
628.52	67.918
628.86	68.028
629.19	67.786
629.53	67.629
629.86	67.607
630.19	67.432
630.53	67.228
630.86	67.158
631.2	67.117
631.53	67.241
631.87	66.859
632.2	66.852
632.54	66.799
632.87	66.899
633.2	66.921
633.54	66.957
633.87	67.339
634.21	67.587
634.54	67.665
634.88	67.958
635.21	68.057
635.54	68.492
635.88	68.564
636.21	68.539
636.55	68.505
636.88	68.632
637.21	68.827
637.55	68.862
637.88	68.798
638.21	68.936
638.55	68.795
638.88	68.744
639.21	68.297
639.55	68.213
639.88	68.187
640.21	68.22
640.55	68.262
640.88	67.961
641.21	67.662
641.55	67.587
641.88	67.359
642.21	67.199
642.55	67.311
642.88	67.439
643.21	67.597
643.55	67.782
643.88	67.742
644.21	67.694
644.54	68.09
644.88	68.215
645.21	68.075
645.54	68.122
645.87	68.085
646.21	68.107
646.54	68.207
646.87	68.421
647.2	68.278
647.54	68.194
647.87	68.129
648.2	67.91
648.53	67.676
648.87	67.736
649.2	67.561
649.53	67.446
649.86	67.046
650.19	67.008
650.53	67.014
650.86	66.956
651.19	66.883
651.52	66.804
651.85	66.67
652.18	67.001
652.52	67.143
652.85	67.136
653.18	67.098
653.51	67.214
653.84	67.186
654.17	66.648
654.51	66.542
654.84	66.615
655.17	66.557
655.5	66.524
655.83	66.251
656.16	66.287
656.49	66.303
656.82	66.665
657.15	66.805
657.49	66.879
657.82	67.048
658.15	67.465
658.48	67.604
658.81	67.764
659.14	67.796
659.47	67.856
659.8	67.706
660.13	67.983
660.46	67.619
660.79	67.641
661.12	67.539
661.45	67.699
661.78	67.384
662.11	67.287
662.44	67.081
662.77	67.03
663.1	66.713
663.43	66.805
663.76	66.528
664.09	66.851
664.42	66.642
664.75	66.863
665.08	66.574
665.41	66.432
665.74	66.325
666.07	66.312
666.4	66.49
666.73	66.896
667.06	66.566
667.39	66.659
667.72	66.417
668.05	66.555
668.38	66.242
668.71	66.21
669.04	66.194
669.37	66.06
669.7	65.759
670.03	65.456
670.36	65.099
670.69	65.484
671.01	65.561
671.34	65.683
671.67	65.711
672	65.733
672.33	65.696
672.66	65.599
672.99	65.899
673.32	66.269
673.64	66.286
673.97	66.397
674.3	66.062
674.63	65.746
674.96	65.882
675.29	65.569
675.62	65.55
675.94	65.612
676.27	65.675
676.6	65.337
676.93	65.117
677.26	65.173
677.58	65.03
677.91	64.981
678.24	65.018
678.57	64.792
678.9	64.912
679.22	64.755
679.55	64.816
679.88	64.88
680.21	64.892
680.54	64.7
680.86	64.658
681.19	64.748
681.52	64.673
681.85	64.233
682.17	64.19
682.5	64.223
682.83	63.982
683.16	63.77
683.48	63.749
683.81	64.003
684.14	64.001
684.46	64.063
684.79	63.819
685.12	63.496
685.45	64.106
685.77	64.393
686.1	64.416
686.43	64.744
686.75	64.48
687.08	64.348
687.41	63.914
687.73	64.422
688.06	63.834
688.39	63.965
688.71	64.154
689.04	64.311
689.36	63.517
689.69	63.331
690.02	63.523
690.34	63.538
690.67	63.476
691	63.419
691.32	62.987
691.65	63.621
691.97	63.312
692.3	63.147
692.63	62.357
692.95	62.885
693.28	62.723
693.6	62.337
693.93	62.505
694.26	62.194
694.58	61.835
694.91	62.06
695.23	61.967
695.56	62.286
695.88	62.31
696.21	61.992
696.53	61.719
696.86	61.776
697.18	61.429
697.51	61.305
697.83	61.637
698.16	61.99
698.48	61.799
698.81	61.315
699.13	61.332
699.46	61.189
699.78	61.233
700.11	60.959
700.43	60.516
700.76	60.612
701.08	60.589
701.41	60.594
701.73	59.875
702.06	59.329
702.38	59.313
702.71	58.394
703.03	57.845
703.35	57.617
703.68	57.827
704	57.63
704.33	57.154
704.65	56.998
704.98	56.833
705.3	57.115
705.62	57.454
705.95	57.443
706.27	57.776
706.6	58.289
706.92	58.591
707.24	58.273
707.57	59.125
707.89	59.774
708.21	59.455
708.54	58.537
708.86	58.448
709.18	58.049
709.51	57.706
709.83	57.848
710.15	57.484
710.48	56.731
710.8	56.354
711.12	55.344
711.45	54.772
711.77	54.627
712.09	54.313
712.42	54.191
712.74	54.23
713.06	54.028
713.38	53.651
713.71	53.955
714.03	54.475
714.35	54.784
714.68	54.627
715	54.648
715.32	54.284
715.64	54.5
715.97	54.597
716.29	53.946
716.61	54.313
716.93	54.44
717.25	53.88
717.58	53.624
717.9	53.562
718.22	53.928
718.54	53.922
718.87	54.005
719.19	54.071
719.51	53.516
719.83	52.937
720.15	52.634
720.47	51.628
720.8	51.529
721.12	50.756
721.44	49.622
721.76	49.115
722.08	48.421
722.4	47.483
722.73	47.103
723.05	46.762
723.37	47.986
723.69	47.211
724.01	47.757
724.33	47.629
724.65	47.95
724.97	48.388
725.3	48.225
725.62	48.65
725.94	49.095
726.26	49.691
726.58	50.472
726.9	49.576
727.22	50.158
727.54	49.844
727.86	49.447
728.18	49.454
728.5	49.013
728.82	49.554
729.14	49.573
729.46	49.89
729.78	49.255
730.1	48.252
730.42	48.723
730.74	48.801
731.07	48.168
731.39	48.573
731.71	48.473
732.03	49.024
732.35	48.394
732.66	47.62
732.98	47.874
733.3	47.849
733.62	47.842
733.94	48.144
734.26	47.073
734.58	47.61
734.9	47.293
735.22	47.258
735.54	46.73
735.86	47.435
736.18	47.884
736.5	47.09
736.82	46.576
737.14	46.064
737.46	45.564
737.78	45.309
738.1	45.313
738.41	45.029
738.73	45.207
739.05	44.753
739.37	43.418
739.69	42.322
740.01	40.655
740.33	40.911
740.65	40.944
740.96	40.254
741.28	40.751
741.6	39.874
741.92	38.57
742.24	37.61
742.56	37.133
742.88	37.093
743.19	37.664
743.51	39.268
743.83	38.622
744.15	39.883
744.47	39.605
744.78	40.537
745.1	41.163
745.42	40.8
745.74	40.842
746.06	40.391
746.37	41.119
746.69	41.672
747.01	41.065
747.33	41.269
747.64	41.148
747.96	41.622
748.28	41.521
748.6	41.537
748.91	41.952
749.23	42.847
749.55	44.261
749.87	42.63
750.18	41.898
750.5	42.069
750.82	42.03
751.13	41.662
751.45	40.956
751.77	39.314
752.08	40.012
752.4	41.066
752.72	39.954
753.03	39.758
753.35	41.201
753.67	40.108
753.98	40.136
754.3	39.423
754.62	38.654
754.93	38.634
755.25	38.688
755.57	36.332
755.88	36.44
756.2	37.028
756.51	36.862
756.83	36.149
757.15	36.516
757.46	36.362
757.78	37.631
758.09	37.717
758.41	36.69
758.73	36.161
759.04	36.361
759.36	36.176
759.67	34.122
759.99	33.478
760.3	32.712
760.62	32.513
760.94	32.23
761.25	32.81
761.57	32.709
761.88	33.172
762.2	32.786
762.51	33.069
762.83	33.029
763.14	34.924
763.46	34.756
763.77	35.564
764.09	35.996
764.4	35.232
764.72	33.829
765.03	33.113
765.35	32.91
765.66	32.938
765.98	33.059
766.29	32.614
766.61	31.391
766.92	31.432
767.23	30.929
767.55	30.536
767.86	31.602
768.18	31.579
768.49	32.687
768.81	31.576
769.12	31.532
769.43	31.59
769.75	32.31
770.06	32.53
770.38	32.039
770.69	31.53
771	31.273
771.32	30.695
771.63	31.426
771.94	31.063
772.26	33.375
772.57	34.366
772.89	33.124
773.2	32.502
773.51	32.264
773.83	32.016
774.14	32.162
774.45	32.485
774.77	32.623
775.08	32.566
775.39	33.138
775.7	32.462
776.02	32.137
776.33	33.486
776.64	32.414
776.96	34.713
777.27	35.723
777.58	36.16
777.89	35.313
778.21	35.657
778.52	36.184
778.83	34.291
779.14	34.492
779.46	35.242
779.77	34.332
780.08	35.547
780.39	34.519
780.71	34.331
781.02	32.665
781.33	31.364
781.64	30.842
781.95	28.474
782.27	30.288
782.58	29.128
782.89	28.518
783.2	31.352
783.51	31.179
783.83	28.078
784.14	28.409
784.45	28.466
784.76	29.068
785.07	31.729
785.38	34.33
785.7	33.549
786.01	33.571
786.32	33.863
786.63	30.665
786.94	30.709
787.25	33.096
787.56	32.208
787.87	35.25
788.18	36.968
788.5	35.483
788.81	36.477
789.12	37.685
789.43	38.858
789.74	39.017
790.05	40.168
790.36	40.375
790.67	39.567
790.98	39.365
791.29	38.545
791.6	38.924
791.91	38.075
792.22	33.639
792.53	33.982
792.84	32.718
793.15	32.374
793.46	31.663
793.77	30.109
794.08	30.382
794.39	31.168
794.7	27.891
795.01	26.834
795.32	26.985
795.63	34.081
795.94	33.564
796.25	33.466
796.56	34.305
796.87	35.328
797.18	34.771
797.49	34.524
797.8	32.266
798.11	33.145
798.42	31.36
798.73	31.707
799.04	27.209
799.35	23.08
799.65	24.484
799.96	22.791
800.27	19.095
800.58	19.653
800.89	19.576
801.2	20.576
801.51	22.996
801.82	25.194
802.13	27.032
802.43	26.201
802.74	30.608
803.05	28.533
803.36	29.013
803.67	29.664
803.98	30.323
804.28	29.456
804.59	31.135
804.9	32.129
805.21	30.181
805.52	27.117
805.83	24.821
806.13	26.182
806.44	26.358
806.75	27.619
807.06	24.961
807.36	25.464
807.67	28.035
807.98	26.738
808.29	22.175
808.6	24.733
808.9	25.877
809.21	25.509
809.52	22.033
809.83	23.216
810.13	20.377
810.44	24.778
810.75	23.013
811.05	20.523
811.36	19.584
811.67	25.083
811.98	21.141
812.28	20.845
812.59	23.22
812.9	21.106
813.2	21.531
813.51	24.919
813.82	19.972
814.12	22.154
814.43	21.858
814.74	23.772
815.04	23.575
815.35	25.582
815.65	27.059
815.96	28.965
816.27	29.538
816.57	27.413
816.88	23.197
817.19	31.673
817.49	31.954
817.8	30.209
818.1	30.493
818.41	27.435
818.72	26.733
819.02	22.818
819.33	24.052
819.63	25.621
819.94	25.631
820.24	26.138
820.55	22.84
820.85	21.423
821.16	22.691
821.47	23.244
821.77	23.918
822.08	24.467
822.38	24.667
822.69	24.505
822.99	24.376
823.3	25.235
823.6	25.623
823.91	26.088
824.21	26.548
824.52	26.788
824.82	26.848
825.13	27.237
825.43	27.176
825.73	28.221
826.04	28.536
826.34	29.412
826.65	28.617
826.95	27.27
827.26	28.297
827.56	28.919
827.87	29.142
828.17	28.056
828.47	26.522
828.78	25.482
829.08	25.438
829.39	24.063
829.69	23.277
829.99	20.428
830.3	21.964
830.6	17.161
830.9	14.159
831.21	11.979
831.51	11.391
831.82	13.569
832.12	13.067
832.42	13.185
832.73	13.283
833.03	12.899
833.33	14.348
833.64	13.511
833.94	14.373
834.24	14.335
834.54	15.24
834.85	15.544
835.15	15.308
835.45	14.946
835.76	13.183
836.06	12.175
836.36	13.047
836.66	16.196
836.97	16.708
837.27	15.993
837.57	15.746
837.87	14.216
838.18	12.538
838.48	11.838
838.78	15.805
839.08	19.417
839.39	20.654
839.69	17.308
839.99	6.044
840.29	6.837
840.59	6.784
840.9	9.956
841.2	16.783
841.5	16.351
841.8	19.264
842.1	14.173
842.41	10.027
842.71	11.517
843.01	12.901
843.31	17.822
843.61	19.234
843.91	19.365
844.21	24.365
844.52	19.248
844.82	24.932
845.12	22.919
845.42	23.945
845.72	26.577
846.02	23.394
846.32	20.614
846.62	24.183
846.92	23.345
847.22	21.909
847.52	10.326
847.83	5.665
848.13	7.084
848.43	-1.35
848.73	4.075
849.03	2.214
849.33	1.538
849.63	-2.685
849.93	2.155
850.23	-2.72
850.53	-1.211
850.83	-2.458
851.13	10.519
851.43	10.165
851.73	21.247
852.03	15.833
852.33	22.315
852.63	25.867
852.93	26.841
853.23	19.92
853.53	11.351
853.83	14.548
854.13	17.308
854.43	0.909
854.73	-18.31
855.03	-40.722
855.32	-40.857
855.62	-68.687
855.92	-73.885
856.22	-129.317
856.52	-120.69
856.82	-118.819
857.12	-154.762
857.42	-145.933
857.72	-34.167
858.02	-21.83
858.31	-9.982
858.61	-4.103
858.91	4.235
859.21	13.811
859.51	18.94
859.81	19.97
860.11	25.132
860.4	20.844
860.7	16.623
861	0
861.3	12.088
861.6	-4.448
861.9	-9.073
862.19	-23.414
862.49	-49.764
862.79	-63.957
863.09	-46.512
863.39	-54.848
863.68	-68.468
863.98	-52.344
864.28	-42.822
864.58	-51.441
864.87	-28.546
865.17	-27.073
865.47	-20.092
865.77	-13.872
866.06	1.911
866.36	8.287
866.66	5.227
866.96	4.277
867.25	-0.726
867.55	-0.253
867.85	-7.376
868.14	-8.814
868.44	-12.375
868.74	-17.739
869.03	-14.914
869.33	-40.22
869.63	-83.226
869.92	-59.441
870.22	-31.959
870.52	-7.463
870.81	7.945
871.11	14.252
871.41	3.308
871.7	7.813
872	25
872.3	40.179
872.59	52.115
872.89	51.948
873.18	56.769
873.48	49.475
873.78	50.077
874.07	46.281
874.37	36.762
874.66	34.589
874.96	35.065
875.25	14.124
875.55	-3.409
875.85	-15.217
876.14	-41.026
876.44	-60.606
876.73	-70.33
877.03	-89.851
877.32	-104.037
877.62	-52.048
877.91	-43.692
878.21	-26.681
878.5	-1.554
878.8	6.926
879.09	-10.225
879.39	-6.883
879.68	-6.491
879.98	-5.488
880.27	11.851
880.57	5.666
880.86	5.072
881.16	12.182
881.45	10.314
881.74	11.563
882.04	4.251
882.33	12.575
882.63	14.462
882.92	13.429
883.22	12.937
883.51	10.943
883.8	9.771
884.1	11.039
884.39	8.694
884.69	7.039
884.98	2.897
885.27	4.629
885.57	3.133
885.86	-4.782
886.15	-3.673
886.45	-1.814
886.74	-3.476
887.03	0.957
887.33	-0.78
887.62	7.767
887.91	-15.686
888.21	9.783
888.5	-60
888.79	39.535
889.09	88.608
