190.56	-200
190.94	-200
191.32	-200
191.7	883.333
192.08	-163.636
192.46	-30.282
192.84	-4.717
193.22	84.146
193.6	142.105
193.98	44.915
194.36	-18.868
194.74	19.298
195.13	47.619
195.51	57.895
195.89	76.774
196.27	68.235
196.65	69.347
197.03	81.59
197.4	56.654
197.78	82.573
198.16	122.124
198.54	97.753
198.92	194.118
199.3	560
199.68	120.482
200.06	39.13
200.44	-129.73
200.82	1600
201.2	-107.895
201.58	-2.222
201.96	-64.423
202.34	-20.879
202.72	38.043
203.1	23.019
203.48	13.158
203.86	-1.024
204.24	2.809
204.62	-23.762
205	-9.223
205.38	-5.277
205.76	0
206.13	13.882
206.51	20.531
206.89	17.255
207.27	15.582
207.65	23.755
208.03	22.034
208.41	26.854
208.79	34.066
209.17	25.776
209.55	12.579
209.93	8.609
210.3	8.372
210.68	7.399
211.06	-5.638
211.44	8.847
211.82	2.821
212.2	24.497
212.58	21.951
212.96	26.232
213.33	33.538
213.71	42.167
214.09	43.881
214.47	42.406
214.85	45.313
215.23	37.477
215.61	38.211
215.98	33.333
216.36	22.297
216.74	20.93
217.12	12.935
217.5	7.654
217.88	-1.876
218.25	-7.026
218.63	-12.083
219.01	-14.79
219.39	-16.389
219.77	-23.046
220.14	-23.745
220.52	-27.916
220.9	-29.373
221.28	-17.547
221.66	-16.76
222.03	-18.978
222.41	-12.834
222.79	-7.232
223.17	-8.357
223.55	3.257
223.92	5.824
224.3	6.361
224.68	8.217
225.06	7.656
225.43	8.265
225.81	7.51
226.19	6.878
226.57	6.676
226.95	5
227.32	5.2
227.7	3.574
228.08	2.583
228.46	3.114
228.83	3.079
229.21	2.132
229.59	1.351
229.96	1.513
230.34	1.308
230.72	1.074
231.1	1.527
231.47	1.979
231.85	2.253
232.23	2.793
232.6	2.181
232.98	2.074
233.36	2.773
233.74	3.542
234.11	4.316
234.49	4.677
234.87	4.269
235.24	3.422
235.62	2.16
236	1.443
236.37	0.705
236.75	0.98
237.13	0.833
237.5	1.051
237.88	0.894
238.26	0.835
238.63	0.705
239.01	0.568
239.39	0.933
239.76	0.449
240.14	0.418
240.52	0.643
240.89	0.501
241.27	0.628
241.65	0.885
242.02	0.585
242.4	-0.103
242.77	-0.094
243.15	0.127
243.53	-0.291
243.9	-0.068
244.28	-0.044
244.66	-0.13
245.03	-0.168
245.41	-0.264
245.78	-0.371
246.16	-0.017
246.54	0.412
246.91	0.473
247.29	0.335
247.66	0.55
248.04	0.624
248.41	0.78
248.79	0.918
249.17	0.87
249.54	0.963
249.92	0.93
250.29	0.766
250.67	0.544
251.04	0.346
251.42	0.259
251.8	0.335
252.17	0.049
252.55	0.105
252.92	0.689
253.3	0.862
253.67	0.724
254.05	0.529
254.42	0.698
254.8	1.276
255.17	1.863
255.55	1.739
255.92	1.544
256.3	1.855
256.67	1.278
257.05	0.818
257.42	0.33
257.8	0.521
258.17	0.606
258.55	0.418
258.92	0.133
259.3	0.026
259.67	0.272
260.05	0.22
260.42	0.109
260.8	0.298
261.17	0.055
261.55	0.156
261.92	0.058
262.3	-0.137
262.67	-0.186
263.05	-0.264
263.42	-0.451
263.79	-0.761
264.17	-0.596
264.54	-0.617
264.92	-0.799
265.29	-0.53
265.67	-0.478
266.04	-0.525
266.42	-0.163
266.79	-0.015
267.16	0.202
267.54	0.181
267.91	0.384
268.29	0.507
268.66	0.653
269.03	0.856
269.41	0.783
269.78	0.583
270.16	0.833
270.53	0.836
270.9	0.99
271.28	0.801
271.65	0.736
272.03	0.574
272.4	0.406
272.77	0.453
273.15	0.207
273.52	0.251
273.89	0.255
274.27	0.029
274.64	-0.003
275.01	-0.157
275.39	-0.079
275.76	0.049
276.14	0.192
276.51	0.159
276.88	0.137
277.26	0.45
277.63	0.403
278	0.832
278.38	0.813
278.75	0.798
279.12	0.486
279.49	0.553
279.87	0.578
280.24	0.725
280.61	0.707
280.99	0.741
281.36	0.736
281.73	0.821
282.11	0.627
282.48	0.591
282.85	0.727
283.22	0.923
283.6	0.856
283.97	0.906
284.34	0.763
284.71	0.764
285.09	0.767
285.46	0.549
285.83	0.588
286.21	0.642
286.58	0.784
286.95	0.636
287.32	0.565
287.7	0.532
288.07	0.547
288.44	0.64
288.81	0.783
289.18	0.717
289.56	0.914
289.93	0.952
290.3	0.982
290.67	0.958
291.05	1.086
291.42	1.229
291.79	1.269
292.16	1.205
292.53	1.16
292.91	1.18
293.28	1.208
293.65	1.177
294.02	1.202
294.39	1.325
294.76	1.342
295.14	1.383
295.51	1.4
295.88	1.454
296.25	1.57
296.62	1.663
297	1.681
297.37	1.679
297.74	1.8
298.11	1.738
298.48	1.639
298.85	1.669
299.22	1.659
299.6	1.798
299.97	1.85
300.34	1.66
300.71	1.639
301.08	1.603
301.45	1.802
301.82	1.805
302.19	1.889
302.56	2.221
302.94	2.376
303.31	2.476
303.68	2.258
304.05	2.481
304.42	2.76
304.79	2.779
305.16	2.921
305.53	2.767
305.9	2.644
306.27	2.588
306.64	2.5
307.02	2.443
307.39	2.439
307.76	2.656
308.13	2.604
308.5	2.532
308.87	2.496
309.24	2.417
309.61	2.475
309.98	2.692
310.35	2.7
310.72	2.63
311.09	2.698
311.46	2.545
311.83	2.398
312.2	2.272
312.57	2.205
312.94	2.231
313.31	2.216
313.68	2.269
314.05	2.205
314.42	2.242
314.79	2.262
315.16	2.146
315.53	2.246
315.9	2.415
316.27	2.577
316.64	2.723
317.01	2.683
317.38	2.864
317.75	3.127
318.12	3.259
318.49	3.5
318.86	3.631
319.23	3.762
319.6	4.118
319.97	4.127
320.34	4.107
320.71	4.493
321.08	5.031
321.45	5.345
321.82	5.382
322.19	5.547
322.55	5.872
322.92	6.124
323.29	6.647
323.66	6.88
324.03	7.289
324.4	7.652
324.77	7.896
325.14	8.21
325.51	8.567
325.88	9.066
326.25	9.703
326.61	10.063
326.98	10.787
327.35	11.131
327.72	11.65
328.09	12.224
328.46	12.862
328.83	13.552
329.2	14.314
329.56	14.902
329.93	15.667
330.3	16.097
330.67	16.8
331.04	17.176
331.41	17.79
331.78	18.386
332.14	18.894
332.51	19.387
332.88	19.703
333.25	20.053
333.62	20.456
333.99	20.643
334.35	20.968
334.72	21.32
335.09	21.794
335.46	22.213
335.83	22.186
336.19	22.398
336.56	22.722
336.93	22.879
337.3	22.958
337.67	23.091
338.03	23.203
338.4	23.316
338.77	23.388
339.14	23.243
339.5	23.271
339.87	23.564
340.24	23.498
340.61	23.306
340.97	23.398
341.34	23.256
341.71	23.209
342.08	23.39
342.44	23.325
342.81	23.212
343.18	23.195
343.55	23.194
343.91	23.156
344.28	23.196
344.65	23.193
345.02	23.244
345.38	23.381
345.75	23.436
346.12	23.258
346.48	23.476
346.85	23.47
347.22	23.433
347.59	23.449
347.95	23.429
348.32	23.323
348.69	23.39
349.05	23.275
349.42	23.139
349.79	22.858
350.15	22.803
350.52	22.536
350.89	22.39
351.25	22.542
351.62	22.364
351.99	22.208
352.35	22.319
352.72	22.286
353.09	22.267
353.45	22.244
353.82	22.382
354.18	22.363
354.55	22.242
354.92	22.142
355.28	21.797
355.65	21.645
356.02	21.62
356.38	21.49
356.75	21.352
357.11	21.24
357.48	21.219
357.85	21.119
358.21	20.966
358.58	21.006
358.94	21.078
359.31	21.155
359.67	21.229
360.04	21.161
360.41	21.126
360.77	21.033
361.14	21.008
361.5	20.987
361.87	21.038
362.23	21.092
362.6	21.084
362.97	21.07
363.33	20.943
363.7	20.881
364.06	20.873
364.43	20.823
364.79	20.887
365.16	20.866
365.52	20.902
365.89	20.888
366.25	20.936
366.62	20.878
366.98	20.817
367.35	20.91
367.71	20.889
368.08	20.922
368.44	20.989
368.81	21.033
369.17	21.115
369.54	21.06
369.9	20.898
370.27	20.785
370.63	20.788
371	20.743
371.36	20.76
371.73	20.836
372.09	20.972
372.45	20.991
372.82	21.055
373.18	21.034
373.55	20.886
373.91	20.949
374.28	21.034
374.64	21.113
375.01	21.304
375.37	21.513
375.73	21.563
376.1	21.418
376.46	21.454
376.83	21.465
377.19	21.443
377.55	21.685
377.92	21.741
378.28	21.842
378.65	21.849
379.01	21.763
379.37	21.794
379.74	21.766
380.1	22.009
380.47	22.164
380.83	22.174
381.19	22.418
381.56	22.505
381.92	22.564
382.28	22.736
382.65	22.994
383.01	23.221
383.37	23.264
383.74	23.345
384.1	23.349
384.46	23.397
384.83	23.444
385.19	23.476
385.55	23.444
385.92	23.632
386.28	23.587
386.64	23.525
387.01	23.587
387.37	23.666
387.73	23.851
388.1	23.922
388.46	23.93
388.82	24.06
389.18	24.26
389.55	24.405
389.91	24.463
390.27	24.548
390.64	24.59
391	24.585
391.36	24.661
391.72	24.726
392.09	24.86
392.45	25.053
392.81	25.389
393.17	25.399
393.54	25.521
393.9	25.677
394.26	25.922
394.62	26.1
394.99	26.399
395.35	26.503
395.71	26.638
396.07	26.869
396.43	27.088
396.8	27.076
397.16	27.282
397.52	27.463
397.88	27.654
398.24	27.721
398.61	28.011
398.97	28.047
399.33	28.123
399.69	28.308
400.05	28.455
400.42	28.535
400.78	28.702
401.14	28.893
401.5	28.947
401.86	28.99
402.22	29.077
402.59	29.119
402.95	29.266
403.31	29.421
403.67	29.577
404.03	29.63
404.39	29.865
404.75	29.924
405.12	29.875
405.48	30.074
405.84	30.337
406.2	30.447
406.56	30.57
406.92	30.689
407.28	30.986
407.64	31.056
408	31.205
408.36	31.198
408.73	31.342
409.09	31.557
409.45	31.704
409.81	31.85
410.17	32.058
410.53	32.199
410.89	32.437
411.25	32.39
411.61	32.638
411.97	32.84
412.33	33.009
412.69	33.215
413.05	33.487
413.41	33.541
413.77	33.59
414.13	33.767
414.5	33.884
414.86	33.995
415.22	34.261
415.58	34.324
415.94	34.45
416.3	34.606
416.66	34.747
417.02	34.915
417.38	35.191
417.74	35.308
418.1	35.392
418.46	35.532
418.82	35.692
419.18	35.818
419.54	35.998
419.9	36.195
420.26	36.354
420.61	36.469
420.97	36.547
421.33	36.698
421.69	36.845
422.05	37.065
422.41	37.224
422.77	37.393
423.13	37.557
423.49	37.625
423.85	37.806
424.21	37.952
424.57	38.117
424.93	38.3
425.29	38.416
425.65	38.591
426.01	38.693
426.36	38.758
426.72	38.857
427.08	38.975
427.44	39.153
427.8	39.266
428.16	39.371
428.52	39.517
428.88	39.596
429.24	39.767
429.59	39.868
429.95	40.015
430.31	40.372
430.67	40.499
431.03	40.616
431.39	40.797
431.75	40.835
432.1	40.928
432.46	41.098
432.82	41.266
433.18	41.421
433.54	41.702
433.9	41.758
434.25	41.805
434.61	42.046
434.97	42.292
435.33	42.51
435.69	42.748
436.04	42.891
436.4	43.084
436.76	43.266
437.12	43.459
437.48	43.596
437.83	43.913
438.19	44.096
438.55	44.158
438.91	44.374
439.27	44.582
439.62	44.657
439.98	44.969
440.34	45.08
440.7	45.162
441.05	45.209
441.41	45.371
441.77	45.556
442.13	45.76
442.48	46.084
442.84	46.289
443.2	46.39
443.56	46.68
443.91	46.825
444.27	47.129
444.63	47.401
444.98	47.686
445.34	47.791
445.7	47.928
446.05	48.119
446.41	48.179
446.77	48.303
447.13	48.565
447.48	48.804
447.84	49.016
448.2	49.155
448.55	49.335
448.91	49.517
449.27	49.756
449.62	49.926
449.98	50.005
450.34	50.239
450.69	50.367
451.05	50.447
451.4	50.505
451.76	50.565
452.12	50.624
452.47	50.728
452.83	50.878
453.19	50.957
453.54	51.071
453.9	51.281
454.25	51.381
454.61	51.637
454.97	51.852
455.32	51.942
455.68	52.036
456.03	52.136
456.39	52.258
456.75	52.159
457.1	52.243
457.46	52.399
457.81	52.502
458.17	52.597
458.52	52.586
458.88	52.606
459.24	52.772
459.59	52.976
459.95	53.122
460.3	53.209
460.66	53.364
461.01	53.533
461.37	53.602
461.72	53.637
462.08	53.708
462.43	53.759
462.79	53.928
463.14	53.916
463.5	53.979
463.85	54.018
464.21	54.153
464.56	54.216
464.92	54.199
465.27	54.193
465.63	54.34
465.98	54.445
466.34	54.535
466.69	54.406
467.05	54.425
467.4	54.398
467.76	54.345
468.11	54.281
468.47	54.302
468.82	54.348
469.18	54.388
469.53	54.277
469.88	54.296
470.24	54.331
470.59	54.478
470.95	54.563
471.3	54.594
471.66	54.683
472.01	54.754
472.36	54.848
472.72	54.911
473.07	54.939
473.43	55.075
473.78	55.184
474.13	55.316
474.49	55.366
474.84	55.425
475.19	55.347
475.55	55.483
475.9	55.524
476.26	55.549
476.61	55.562
476.96	55.518
477.32	55.502
477.67	55.437
478.02	55.377
478.38	55.396
478.73	55.426
479.08	55.602
479.44	55.534
479.79	55.648
480.14	55.763
480.5	55.884
480.85	56.014
481.2	56.058
481.56	56.187
481.91	56.417
482.26	56.601
482.62	56.643
482.97	56.688
483.32	56.749
483.67	56.661
484.03	56.627
484.38	56.602
484.73	56.586
485.08	56.631
485.44	56.64
485.79	56.608
486.14	56.567
486.49	56.655
486.85	56.662
487.2	56.654
487.55	56.78
487.9	56.834
488.26	56.929
488.61	57.061
488.96	57.123
489.31	57.208
489.67	57.232
490.02	57.174
490.37	57.144
490.72	57.164
491.07	57.225
491.43	57.197
491.78	57.243
492.13	57.287
492.48	57.277
492.83	57.337
493.19	57.316
493.54	57.288
493.89	57.46
494.24	57.521
494.59	57.564
494.94	57.682
495.29	57.794
495.65	57.888
496	57.855
496.35	57.948
496.7	57.968
497.05	58.068
497.4	58.208
497.75	58.133
498.11	58.195
498.46	58.34
498.81	58.277
499.16	58.289
499.51	58.417
499.86	58.52
500.21	58.52
500.56	58.599
500.91	58.646
501.26	58.631
501.62	58.78
501.97	58.758
502.32	58.698
502.67	58.73
503.02	58.866
503.37	58.816
503.72	58.859
504.07	58.882
504.42	58.927
504.77	58.898
505.12	58.978
505.47	58.958
505.82	59.062
506.17	59.224
506.52	59.445
506.87	59.498
507.22	59.525
507.57	59.532
507.92	59.656
508.27	59.696
508.62	59.831
508.97	59.924
509.32	60.163
509.67	60.183
510.02	60.212
510.37	60.253
510.72	60.3
511.07	60.475
511.42	60.594
511.77	60.669
512.12	60.834
512.47	60.984
512.82	61.003
513.17	61.003
513.52	61.093
513.87	61.208
514.22	61.31
514.57	61.385
514.91	61.379
515.26	61.549
515.61	61.579
515.96	61.654
516.31	61.578
516.66	61.646
517.01	61.676
517.36	61.678
517.71	61.783
518.06	61.879
518.41	61.959
518.75	61.962
519.1	61.969
519.45	62.08
519.8	62.136
520.15	62.315
520.5	62.432
520.85	62.532
521.19	62.692
521.54	62.607
521.89	62.626
522.24	62.783
522.59	62.854
522.94	63.003
523.28	63.122
523.63	63.177
523.98	63.272
524.33	63.436
524.68	63.476
525.03	63.618
525.37	63.793
525.72	63.955
526.07	64.052
526.42	64.346
526.76	64.52
527.11	64.683
527.46	64.722
527.81	64.812
528.16	64.852
528.5	64.94
528.85	65
529.2	65.087
529.55	65.091
529.89	65.165
530.24	65.179
530.59	65.189
530.94	65.203
531.28	65.391
531.63	65.493
531.98	65.578
532.32	65.736
532.67	65.725
533.02	65.824
533.37	65.928
533.71	65.975
534.06	65.963
534.41	66.074
534.75	66.249
535.1	66.351
535.45	66.441
535.79	66.634
536.14	66.733
536.49	66.906
536.83	67.05
537.18	67.294
537.53	67.439
537.87	67.653
538.22	67.705
538.57	67.672
538.91	67.709
539.26	67.882
539.61	68.058
539.95	68.273
540.3	68.48
540.64	68.464
540.99	68.456
541.34	68.569
541.68	68.699
542.03	68.798
542.37	68.86
542.72	68.977
543.07	69.006
543.41	68.999
543.76	68.956
544.1	68.974
544.45	69.065
544.8	69.157
545.14	69.196
545.49	69.198
545.83	69.274
546.18	69.422
546.52	69.598
546.87	69.763
547.21	69.883
547.56	69.967
547.9	70.105
548.25	70.256
548.59	70.361
548.94	70.454
549.29	70.505
549.63	70.42
549.98	70.528
550.32	70.442
550.67	70.401
551.01	70.345
551.35	70.354
551.7	70.437
552.04	70.551
552.39	70.594
552.73	70.718
553.08	70.75
553.42	71.09
553.77	71.118
554.11	71.238
554.46	71.374
554.8	71.505
555.15	71.675
555.49	71.614
555.83	71.669
556.18	71.655
556.52	71.735
556.87	71.897
557.21	71.724
557.56	71.887
557.9	72.078
558.24	72.171
558.59	72.293
558.93	72.264
559.28	72.468
559.62	72.499
559.96	72.61
560.31	72.528
560.65	72.603
560.99	72.751
561.34	72.742
561.68	72.636
562.02	72.602
562.37	72.586
562.71	72.593
563.06	72.699
563.4	72.742
563.74	72.88
564.09	73.046
564.43	73.19
564.77	73.324
565.11	73.385
565.46	73.528
565.8	73.529
566.14	73.568
566.49	73.757
566.83	73.555
567.17	73.685
567.52	73.691
567.86	73.729
568.2	73.503
568.54	73.425
568.89	73.474
569.23	73.443
569.57	73.514
569.91	73.607
570.26	73.697
570.6	73.998
570.94	73.959
571.28	73.991
571.63	74.123
571.97	74.32
572.31	74.398
572.65	74.425
573	74.456
573.34	74.394
573.68	74.43
574.02	74.347
574.36	74.37
574.71	74.452
575.05	74.443
575.39	74.388
575.73	74.422
576.07	74.481
576.42	74.547
576.76	74.637
577.1	74.77
577.44	74.736
577.78	74.949
578.12	74.901
578.46	74.949
578.81	75.245
579.15	75.416
579.49	75.637
579.83	75.732
580.17	75.557
580.51	75.517
580.85	75.607
581.2	75.749
581.54	75.608
581.88	75.592
582.22	75.607
582.56	75.372
582.9	75.318
583.24	75.274
583.58	75.164
583.92	75.369
584.26	75.641
584.6	75.679
584.95	75.757
585.29	75.896
585.63	75.994
585.97	75.839
586.31	75.905
586.65	75.866
586.99	75.852
587.33	76.058
587.67	76.099
588.01	76.019
588.35	76.151
588.69	76.068
589.03	75.9
589.37	75.954
589.71	76.115
590.05	76.255
590.39	76.256
590.73	76.32
591.07	76.274
591.41	76.403
591.75	76.377
592.09	76.15
592.43	76.32
592.77	76.387
593.11	76.351
593.45	76.498
593.79	76.437
594.13	76.658
594.47	76.657
594.81	76.74
595.14	76.648
595.48	76.689
595.82	76.886
596.16	76.743
596.5	76.903
596.84	76.996
597.18	76.976
597.52	77.008
597.86	77.049
598.2	77.08
598.54	77.141
598.87	77.337
599.21	77.251
599.55	77.389
599.89	77.543
600.23	77.497
600.57	77.447
600.91	77.49
601.25	77.705
601.58	77.597
601.92	77.679
602.26	77.786
602.6	77.776
602.94	77.998
603.28	77.962
603.61	77.935
603.95	78.098
604.29	78.238
604.63	78.31
604.97	78.236
605.3	78.291
605.64	78.273
605.98	78.107
606.32	78.186
606.66	78.112
606.99	78.146
607.33	78.28
607.67	78.283
608.01	78.219
608.34	78.208
608.68	78.193
609.02	78.088
609.36	77.829
609.69	77.86
610.03	77.609
610.37	77.629
610.71	77.693
611.04	77.652
611.38	77.628
611.72	77.822
612.06	77.754
612.39	77.843
612.73	77.907
613.07	78.399
613.4	78.496
613.74	78.629
614.08	78.62
614.41	78.54
614.75	78.568
615.09	78.325
615.42	78.182
615.76	78.427
616.1	78.388
616.43	78.64
616.77	78.576
617.11	78.612
617.44	78.69
617.78	78.78
618.12	78.776
618.45	78.774
618.79	79.078
619.13	78.929
619.46	78.744
619.8	78.928
620.13	78.564
620.47	78.489
620.81	78.562
621.14	78.538
621.48	78.431
621.81	78.359
622.15	78.452
622.48	78.325
622.82	78.306
623.16	78.313
623.49	78.168
623.83	78.38
624.16	78.309
624.5	78.159
624.83	78.29
625.17	78.33
625.5	78.552
625.84	78.448
626.18	78.475
626.51	78.613
626.85	78.568
627.18	78.58
627.52	78.627
627.85	78.613
628.19	78.761
628.52	78.915
628.86	79.102
629.19	79.013
629.53	79.035
629.86	79.197
630.19	79.149
630.53	79.2
630.86	79.183
631.2	79.21
631.53	79.031
631.87	79.032
632.2	78.839
632.54	78.774
632.87	78.821
633.2	78.969
633.54	78.944
633.87	78.953
634.21	79.044
634.54	79.155
634.88	79.238
635.21	79.464
635.54	79.414
635.88	79.379
636.21	79.377
636.55	79.212
636.88	79.114
637.21	78.861
637.55	78.789
637.88	78.754
638.21	78.701
638.55	78.719
638.88	78.816
639.21	78.76
639.55	78.701
639.88	78.585
640.21	78.652
640.55	78.543
640.88	78.681
641.21	78.874
641.55	78.755
641.88	78.718
642.21	78.381
642.55	78.253
642.88	78.199
643.21	78.453
643.55	78.488
643.88	78.422
644.21	78.558
644.54	78.594
644.88	78.56
645.21	78.593
645.54	78.724
645.87	78.824
646.21	78.777
646.54	78.926
646.87	78.783
647.2	78.726
647.54	78.757
647.87	78.758
648.2	78.552
648.53	78.369
648.87	78.296
649.2	78.135
649.53	78.015
649.86	78.286
650.19	78.387
650.53	78.369
650.86	78.369
651.19	78.243
651.52	78.073
651.85	78.357
652.18	78.255
652.52	78.512
652.85	78.763
653.18	79.203
653.51	79.143
653.84	79.008
654.17	79.015
654.51	78.956
654.84	78.913
655.17	79.076
655.5	79.05
655.83	79.176
656.16	79.131
656.49	78.888
656.82	78.622
657.15	78.385
657.49	78.44
657.82	78.322
658.15	78.358
658.48	78.714
658.81	78.527
659.14	78.419
659.47	78.437
659.8	78.145
660.13	78.177
660.46	78.398
660.79	78.415
661.12	78.17
661.45	78.151
661.78	78.28
662.11	77.979
662.44	78.153
662.77	78.129
663.1	78.042
663.43	78.089
663.76	77.7
664.09	77.091
664.42	77.136
664.75	77.123
665.08	77.131
665.41	76.944
665.74	77.044
666.07	76.905
666.4	76.872
666.73	76.964
667.06	77.259
667.39	77.562
667.72	77.83
668.05	77.552
668.38	77.391
668.71	77.213
669.04	77.199
669.37	76.91
669.7	76.798
670.03	76.732
670.36	76.825
670.69	76.544
671.01	76.452
671.34	76.251
671.67	76.557
672	76.654
672.33	76.748
672.66	76.964
672.99	76.925
673.32	76.849
673.64	76.802
673.97	76.706
674.3	76.953
674.63	76.814
674.96	76.773
675.29	76.629
675.62	76.686
675.94	76.509
676.27	76.076
676.6	76.28
676.93	76.257
677.26	76.114
677.58	76.252
677.91	75.632
678.24	75.444
678.57	75.274
678.9	75.215
679.22	75.097
679.55	75.215
679.88	75.123
680.21	75.012
680.54	74.908
680.86	74.675
681.19	74.361
681.52	74.448
681.85	74.683
682.17	74.961
682.5	74.677
682.83	74.313
683.16	74.243
683.48	74.312
683.81	74.113
684.14	74.003
684.46	74.048
684.79	73.959
685.12	73.874
685.45	73.446
685.77	73.192
686.1	73.497
686.43	73.681
686.75	73.641
687.08	73.413
687.41	73.113
687.73	73.232
688.06	73.403
688.39	73.352
688.71	73.01
689.04	73.25
689.36	73.229
689.69	73.076
690.02	73.033
690.34	72.952
690.67	72.941
691	73.357
691.32	73.515
691.65	73.273
691.97	73.055
692.3	73.525
692.63	73.616
692.95	73.2
693.28	72.996
693.6	73.038
693.93	72.709
694.26	72.868
694.58	72.361
694.91	72.243
695.23	72.17
695.56	72.065
695.88	72.048
696.21	71.701
696.53	71.702
696.86	71.908
697.18	72.191
697.51	72.334
697.83	72.212
698.16	72.327
698.48	71.892
698.81	71.874
699.13	71.67
699.46	71.329
699.78	70.913
700.11	70.939
700.43	70.511
700.76	69.766
701.08	69.669
701.41	69.047
701.73	68.875
702.06	69.077
702.38	68.953
702.71	69.407
703.03	69.792
703.35	69.876
703.68	69.492
704	69.446
704.33	69.65
704.65	69.611
704.98	69.759
705.3	70.413
705.62	69.77
705.95	70.198
706.27	69.571
706.6	68.688
706.92	68.23
707.24	68.507
707.57	68.567
707.89	68.457
708.21	67.649
708.54	68.016
708.86	67.424
709.18	67.83
709.51	66.826
709.83	66.744
710.15	67.11
710.48	67.459
710.8	67.978
711.12	67.858
711.45	68.239
711.77	68.475
712.09	68.146
712.42	67.866
712.74	67.606
713.06	67.741
713.38	67.584
713.71	67.615
714.03	67.923
714.35	66.837
714.68	66.415
715	65.778
715.32	66.053
715.64	65.795
715.97	65.528
716.29	65.614
716.61	65.582
716.93	65.79
717.25	65.528
717.58	65.984
717.9	66.473
718.22	66.802
718.54	67.178
718.87	66.904
719.19	66.86
719.51	67.327
719.83	67.888
720.15	68.066
720.47	68.225
720.8	67.461
721.12	66.724
721.44	66.102
721.76	65.936
722.08	65.044
722.4	64.516
722.73	64.749
723.05	64.526
723.37	63.389
723.69	62.654
724.01	61.768
724.33	63.109
724.65	62.097
724.97	63.125
725.3	62.544
725.62	63.138
725.94	62.845
726.26	62.288
726.58	61.611
726.9	61.314
727.22	62.405
727.54	63.188
727.86	62.537
728.18	63.137
728.5	62.024
728.82	62.149
729.14	61.708
729.46	62.027
729.78	61.856
730.1	62.207
730.42	62.587
730.74	62.135
731.07	62.326
731.39	62.15
731.71	62.03
732.03	62.37
732.35	62.817
732.66	63.264
732.98	64.435
733.3	65.093
733.62	65.601
733.94	65.023
734.26	65.114
734.58	64.615
734.9	64.436
735.22	64.053
735.54	63.6
735.86	63.646
736.18	63.444
736.5	62.417
736.82	61.66
737.14	61.107
737.46	61.325
737.78	60.173
738.1	60.031
738.41	60.307
738.73	61.064
739.05	61.496
739.37	60.776
739.69	59.724
740.01	59.462
740.33	59.726
740.65	59.808
740.96	59.818
741.28	60.14
741.6	60.01
741.92	59.988
742.24	59.323
742.56	58.724
742.88	58.957
743.19	60.291
743.51	60.06
743.83	60.114
744.15	60.613
744.47	60.876
744.78	61.461
745.1	60.918
745.42	61.057
745.74	62.06
746.06	61.893
746.37	62.015
746.69	62.112
747.01	61.834
747.33	61.528
747.64	60.416
747.96	60.623
748.28	61.134
748.6	61.953
748.91	61.584
749.23	60.338
749.55	60.3
749.87	60.41
750.18	59.821
750.5	59.982
750.82	60.439
751.13	61.464
751.45	61.005
751.77	60.304
752.08	60.595
752.4	61.142
752.72	62.192
753.03	62.883
753.35	62.117
753.67	62.387
753.98	62.604
754.3	62.423
754.62	61.937
754.93	61.78
755.25	61.61
755.57	61.171
755.88	60.341
756.2	58.928
756.51	58.157
756.83	58.544
757.15	57.588
757.46	57.225
757.78	57.519
758.09	56.922
758.41	56.672
758.73	57.013
759.04	55.719
759.36	55.351
759.67	55.799
759.99	55.904
760.3	55.722
760.62	55.668
760.94	55.407
761.25	55.054
761.57	55.222
761.88	55.945
762.2	55.307
762.51	56.107
762.83	56.972
763.14	57.233
763.46	57.765
763.77	58.953
764.09	58.984
764.4	58.973
764.72	58.643
765.03	58.501
765.35	57.663
765.66	58.666
765.98	58.339
766.29	58.143
766.61	58.383
766.92	57.916
767.23	56.404
767.55	57.511
767.86	57.981
768.18	59.15
768.49	59.75
768.81	60.507
769.12	59.678
769.43	60.181
769.75	59.581
770.06	58.317
770.38	58.939
770.69	58.651
771	56.686
771.32	56.361
771.63	54.915
771.94	55.124
772.26	55.71
772.57	55.871
772.89	56.431
773.2	56.358
773.51	57.244
773.83	56.908
774.14	57.461
774.45	59.523
774.77	58.04
775.08	60.089
775.39	60.075
775.7	60.224
776.02	60.718
776.33	60.574
776.64	61.31
776.96	60.988
777.27	61.513
777.58	61.817
777.89	60.919
778.21	61.766
778.52	60.048
778.83	58.637
779.14	57.298
779.46	56.754
779.77	55.741
780.08	55.245
780.39	55.054
780.71	53.335
781.02	52.915
781.33	52.429
781.64	53.38
781.95	53.988
782.27	54.46
782.58	55.265
782.89	54.02
783.2	52.368
783.51	52.76
783.83	52.532
784.14	52.545
784.45	52.083
784.76	50.639
785.07	51.226
785.38	49.574
785.7	48.359
786.01	49.242
786.32	49.885
786.63	52.401
786.94	50.76
787.25	51.516
787.56	52.315
787.87	51.938
788.18	52.53
788.5	53.059
788.81	51.215
789.12	51.767
789.43	50.478
789.74	49.677
790.05	49.202
790.36	48.364
790.67	46.996
790.98	46.649
791.29	46.738
791.6	46.484
791.91	44.469
792.22	48.609
792.53	48.201
792.84	49.518
793.15	50.596
793.46	52.102
793.77	54.17
794.08	56.212
794.39	56.92
794.7	57.68
795.01	56.833
795.32	55.844
795.63	54.592
795.94	54.925
796.25	53.481
796.56	52.051
796.87	50.569
797.18	50.164
797.49	49.349
797.8	47.077
798.11	45.325
798.42	45.026
798.73	45.555
799.04	44.517
799.35	44.377
799.65	44.228
799.96	44.539
800.27	44.542
800.58	42.922
800.89	43.041
801.2	45.997
801.51	45.493
801.82	47.039
802.13	47.845
802.43	47.72
802.74	48.225
803.05	48.248
803.36	49.019
803.67	47.438
803.98	48.277
804.28	45.583
804.59	42.626
804.9	45.008
805.21	44.411
805.52	42.262
805.83	43.877
806.13	42.972
806.44	43.461
806.75	44.204
807.06	45.561
807.36	46.889
807.67	47.574
807.98	49.502
808.29	46.648
808.6	46.012
808.9	47.804
809.21	46.811
809.52	47.489
809.83	45.993
810.13	44.023
810.44	42.835
810.75	41.952
811.05	43.165
811.36	43.76
811.67	44.154
811.98	46.037
812.28	43.674
812.59	43.218
812.9	43.192
813.2	43.106
813.51	41.294
813.82	41.77
814.12	40.119
814.43	37.469
814.74	36.968
815.04	37.487
815.35	35.722
815.65	37.874
815.96	40.053
816.27	39.291
816.57	38.211
816.88	38.447
817.19	36.123
817.49	38.585
817.8	39.481
818.1	38.14
818.41	38.429
818.72	41.057
819.02	43.617
819.33	42.998
819.63	41.75
819.94	43.287
820.24	43.871
820.55	46.699
820.85	45.413
821.16	45.829
821.47	46.278
821.77	46.025
822.08	44.599
822.38	44.098
822.69	43.611
822.99	43.926
823.3	44.001
823.6	44.231
823.91	44.014
824.21	44.116
824.52	44.168
824.82	43.508
825.13	42.816
825.43	43.404
825.73	43.4
826.04	44.315
826.34	44.366
826.65	43.461
826.95	43.045
827.26	42.987
827.56	43.429
827.87	42.836
828.17	43.089
828.47	43.897
828.78	44.522
829.08	44.512
829.39	43.623
829.69	43.849
829.99	43.845
830.3	43.504
830.6	41.58
830.9	38.869
831.21	39.39
831.51	36.55
831.82	36.149
832.12	32.118
832.42	32.401
832.73	33.635
833.03	35.55
833.33	37.796
833.64	39.535
833.94	41.484
834.24	41.927
834.54	40.852
834.85	42.551
835.15	43.761
835.45	46.54
835.76	45.5
836.06	45.883
836.36	44.394
836.66	44.08
836.97	44.709
837.27	44.544
837.57	46.866
837.87	49.908
838.18	49.321
838.48	48.735
838.78	45.749
839.08	48.308
839.39	46.337
839.69	46.969
839.99	47.512
840.29	47.261
840.59	45.469
840.9	43.947
841.2	41.793
841.5	38.754
841.8	36.108
842.1	37.58
842.41	32.823
842.71	31.444
843.01	32.323
843.31	30.387
843.61	22.66
843.91	25.589
844.21	27.018
844.52	30.946
844.82	39.503
845.12	40.288
845.42	35.607
845.72	34.793
846.02	36.664
846.32	33.656
846.62	33.213
846.92	39.134
847.22	31.849
847.52	26.745
847.83	24.494
848.13	23.986
848.43	17.751
848.73	16.076
849.03	17.027
849.33	16.222
849.63	18.164
849.93	14.776
850.23	12.013
850.53	7.676
850.83	9.667
851.13	6.716
851.43	6.077
851.73	9.091
852.03	18.254
852.33	23.774
852.63	19.093
852.93	24.033
853.23	29.365
853.53	25.598
853.83	29.33
854.13	27.445
854.43	26.994
854.73	27.722
855.03	29.113
855.32	29.483
855.62	27.397
855.92	31.373
856.22	34.353
856.52	30.535
856.82	42.055
857.12	50.543
857.42	53.46
857.72	56.446
858.02	49.826
858.31	57.296
858.61	56.282
858.91	63.128
859.21	66.995
859.51	53.947
859.81	61.857
860.11	54.52
860.4	52.859
860.7	61.75
861	62.914
861.3	71.829
861.6	65.204
861.9	61.24
862.19	63.008
862.49	60.55
862.79	69.212
863.09	75.155
863.39	72.338
863.68	68.623
863.98	61.707
864.28	65.495
864.58	69.026
864.87	80.415
865.17	87.152
865.47	77.286
865.77	72.761
866.06	58.645
866.36	45.321
866.66	39.929
866.96	41.483
867.25	39.8
867.55	28.75
867.85	18.236
868.14	-8.061
868.44	-17.116
868.74	-1.506
869.03	9.699
869.33	8.591
869.63	-4.185
869.92	-5.478
870.22	-10.678
870.52	-2.336
870.81	-8.899
871.11	-8.613
871.41	0.427
871.7	9.16
872	0.447
872.3	-1.76
872.59	-8.839
872.89	6.728
873.18	2.724
873.48	1.538
873.78	-19.538
874.07	-16.781
874.37	-7.419
874.66	-18.868
874.96	-6.584
875.25	5.502
875.55	-0.31
875.85	6.793
876.14	9.37
876.44	20.755
876.73	18.513
877.03	22.804
877.32	23.231
877.62	15.127
877.91	18.894
878.21	12.479
878.5	16.292
878.8	26.654
879.09	32.358
879.39	34.006
879.68	25.039
879.98	34.189
880.27	38.038
880.57	37.931
880.86	31.7
881.16	33.648
881.45	30.373
881.74	28.365
882.04	27.844
882.33	25.709
882.63	23.471
882.92	26.913
883.22	28.368
883.51	29.084
883.8	29.686
884.1	33.333
884.39	32.522
884.69	33.571
884.98	32.444
885.27	31.955
885.57	35.304
885.86	35.18
886.15	31.275
886.45	27.582
886.74	23.15
887.03	26.234
887.33	12.708
887.62	13.483
887.91	64.706
888.21	-16.667
888.5	104.762
888.79	-93.651
889.09	29.032
