190.56	102.174
190.94	102.174
191.32	102.174
191.7	343.75
192.08	243.75
192.46	336.22
192.84	664.815
193.22	772.5
193.6	731.429
193.98	820.513
194.36	13900
194.74	398.947
195.13	166.667
195.51	145.283
195.89	153.311
196.27	154.734
196.65	145.171
197.03	145.946
197.4	151.834
197.78	176.62
198.16	146.027
198.54	163.86
198.92	404.494
199.3	-1075
199.68	-413.846
200.06	-85.714
200.44	-48.421
200.82	-47.35
201.2	-4.467
201.58	-18.78
201.96	-48.352
202.34	-45.045
202.72	-85.989
203.1	-81.543
203.48	-109.127
203.86	-80.428
204.24	-202.475
204.62	-220.856
205	-275.281
205.38	-393.103
205.76	-245.283
206.13	-152.632
206.51	-262.264
206.89	-175.281
207.27	-151.22
207.65	-150.789
208.03	-116.915
208.41	-98.963
208.79	-104.626
209.17	-83.918
209.55	-78.079
209.93	-69.002
210.3	-74.69
210.68	-60.28
211.06	-107.767
211.44	-216.518
211.82	-130.225
212.2	-227.568
212.58	-224.405
212.96	-141.176
213.33	-135.6
213.71	-93.443
214.09	-122.464
214.47	-94.063
214.85	-44.165
215.23	-34.898
215.61	-15.098
215.98	-23.745
216.36	-33.661
216.74	-25.417
217.12	-43.452
217.5	-56.798
217.88	-88.441
218.25	-76.543
218.63	-75.116
219.01	-99.279
219.39	-116.222
219.77	-108.559
220.14	-102.98
220.52	-98.675
220.9	-95.441
221.28	-67.075
221.66	-55.391
222.03	-45.856
222.41	-51.293
222.79	-46.116
223.17	-38.712
223.55	-28.049
223.92	-30.724
224.3	-27.363
224.68	-24.528
225.06	-23.302
225.43	-22.064
225.81	-19.6
226.19	-14.696
226.57	-9.173
226.95	-9.697
227.32	-9.519
227.7	-9.018
228.08	-8.311
228.46	-6.462
228.83	-5.835
229.21	-4.404
229.59	-4.045
229.96	-3.301
230.34	-3.208
230.72	-3.483
231.1	-3.424
231.47	-2.979
231.85	-2.452
232.23	0.015
232.6	-0.949
232.98	0.373
233.36	-0.658
233.74	-0.823
234.11	-2.145
234.49	-2.946
234.87	-3.014
235.24	-2.278
235.62	-2.093
236	-2.612
236.37	-2.997
236.75	-3.052
237.13	-3.469
237.5	-3.034
237.88	-3.696
238.26	-4.193
238.63	-3.915
239.01	-2.611
239.39	-1.798
239.76	-1.65
240.14	-0.721
240.52	-1.074
240.89	-1.149
241.27	-0.663
241.65	-0.192
242.02	0.142
242.4	0.81
242.77	0.847
243.15	0.617
243.53	0.43
243.9	0.346
244.28	-0.04
244.66	0.394
245.03	1.261
245.41	0.957
245.78	0.754
246.16	0.953
246.54	1.246
246.91	1.087
247.29	1.029
247.66	0.995
248.04	1.139
248.41	1.51
248.79	1.423
249.17	1.189
249.54	1.125
249.92	1.117
250.29	0.878
250.67	0.744
251.04	1.144
251.42	0.919
251.8	0.829
252.17	0.476
252.55	0.006
252.92	-0.34
253.3	-0.378
253.67	0.059
254.05	-0.012
254.42	-0.081
254.8	-0.839
255.17	-0.994
255.55	-0.873
255.92	-0.736
256.3	-0.52
256.67	-0.289
257.05	-0.251
257.42	-0.52
257.8	-1.011
258.17	-0.549
258.55	-0.09
258.92	0.104
259.3	-0.116
259.67	0.032
260.05	0.135
260.42	0.172
260.8	0.13
261.17	0.115
261.55	-0.245
261.92	-0.024
262.3	-0.341
262.67	-0.777
263.05	-1.347
263.42	-1.245
263.79	-1.353
264.17	-1.22
264.54	-1.009
264.92	-0.747
265.29	-0.465
265.67	0.032
266.04	0.012
266.42	0.289
266.79	0.169
267.16	0.526
267.54	0.448
267.91	0.628
268.29	0.316
268.66	0.129
269.03	0.175
269.41	0.089
269.78	0.273
270.16	0.396
270.53	0.078
270.9	0.385
271.28	0.555
271.65	0.683
272.03	0.346
272.4	0.343
272.77	0.338
273.15	0.125
273.52	-0.08
273.89	-0.131
274.27	-0.104
274.64	0.034
275.01	-0.077
275.39	-0.459
275.76	-0.448
276.14	-0.562
276.51	-0.685
276.88	-0.336
277.26	-0.173
277.63	0.115
278	0.154
278.38	0.142
278.75	0.163
279.12	-0.011
279.49	0.1
279.87	0.095
280.24	0.366
280.61	0.62
280.99	0.24
281.36	0.059
281.73	0.009
282.11	0.048
282.48	-0.1
282.85	0.072
283.22	0.17
283.6	0.452
283.97	0.394
284.34	0.454
284.71	0.535
285.09	0.727
285.46	0.98
285.83	1.078
286.21	1.056
286.58	1.259
286.95	1.289
287.32	1.426
287.7	1.278
288.07	1.378
288.44	1.591
288.81	1.627
289.18	1.86
289.56	1.83
289.93	1.894
290.3	2.077
290.67	2.129
291.05	2.212
291.42	2.257
291.79	2.4
292.16	2.598
292.53	2.7
292.91	2.781
293.28	2.84
293.65	3.095
294.02	3.31
294.39	3.496
294.76	3.547
295.14	3.644
295.51	3.81
295.88	4.003
296.25	4.004
296.62	3.971
297	4.157
297.37	4.245
297.74	4.335
298.11	4.387
298.48	4.404
298.85	4.417
299.22	4.515
299.6	4.624
299.97	4.82
300.34	5.004
300.71	5.076
301.08	5.099
301.45	5.125
301.82	5.171
302.19	5.206
302.56	5.359
302.94	5.646
303.31	5.839
303.68	6.054
304.05	6.086
304.42	6.325
304.79	6.496
305.16	6.684
305.53	6.939
305.9	7.036
306.27	7.085
306.64	7.169
307.02	7.257
307.39	7.295
307.76	7.406
308.13	7.635
308.5	7.654
308.87	7.785
309.24	7.97
309.61	7.999
309.98	8.025
310.35	8.245
310.72	8.317
311.09	8.552
311.46	8.742
311.83	8.647
312.2	8.749
312.57	8.929
312.94	9.12
313.31	9.417
313.68	9.673
314.05	9.878
314.42	9.97
314.79	10.189
315.16	10.356
315.53	10.395
315.9	10.732
316.27	10.847
316.64	11.158
317.01	11.411
317.38	11.349
317.75	11.408
318.12	11.721
318.49	12.134
318.86	12.417
319.23	12.512
319.6	12.849
319.97	13.05
320.34	13.215
320.71	13.189
321.08	13.359
321.45	13.487
321.82	13.762
322.19	13.86
322.55	13.913
322.92	14.001
323.29	14.204
323.66	14.322
324.03	14.448
324.4	14.603
324.77	14.647
325.14	14.962
325.51	15.464
325.88	15.615
326.25	15.899
326.61	16.104
326.98	16.248
327.35	16.465
327.72	16.824
328.09	16.994
328.46	17.458
328.83	18.027
329.2	18.07
329.56	18.123
329.93	18.5
330.3	18.693
330.67	19.009
331.04	19.401
331.41	19.449
331.78	19.667
332.14	19.988
332.51	20
332.88	20.061
333.25	20.345
333.62	20.45
333.99	20.278
334.35	20.27
334.72	20.421
335.09	20.451
335.46	20.704
335.83	20.627
336.19	20.67
336.56	20.726
336.93	20.671
337.3	20.698
337.67	20.73
338.03	21.013
338.4	21.073
338.77	20.983
339.14	20.955
339.5	20.99
339.87	21.09
340.24	21.126
340.61	21.278
340.97	21.443
341.34	21.489
341.71	21.461
342.08	21.418
342.44	21.373
342.81	21.332
343.18	21.313
343.55	21.203
343.91	21.017
344.28	21.015
344.65	20.848
345.02	20.675
345.38	20.627
345.75	20.409
346.12	20.223
346.48	20.256
346.85	20.258
347.22	20.254
347.59	20.245
347.95	20.335
348.32	20.275
348.69	20.264
349.05	20.194
349.42	19.938
349.79	20.199
350.15	20.058
350.52	19.935
350.89	19.909
351.25	19.892
351.62	19.873
351.99	19.797
352.35	19.74
352.72	19.696
353.09	19.746
353.45	19.748
353.82	19.569
354.18	19.568
354.55	19.559
354.92	19.427
355.28	19.289
355.65	19.258
356.02	19.293
356.38	19.134
356.75	18.942
357.11	19.026
357.48	19.105
357.85	19.056
358.21	19.034
358.58	18.96
358.94	18.999
359.31	18.903
359.67	18.788
360.04	18.683
360.41	18.718
360.77	18.724
361.14	18.552
361.5	18.525
361.87	18.559
362.23	18.573
362.6	18.598
362.97	18.496
363.33	18.606
363.7	18.628
364.06	18.524
364.43	18.484
364.79	18.583
365.16	18.495
365.52	18.419
365.89	18.342
366.25	18.356
366.62	18.311
366.98	18.371
367.35	18.262
367.71	18.276
368.08	18.333
368.44	18.444
368.81	18.481
369.17	18.686
369.54	18.637
369.9	18.527
370.27	18.532
370.63	18.61
371	18.657
371.36	18.693
371.73	18.574
372.09	18.592
372.45	18.521
372.82	18.42
373.18	18.389
373.55	18.417
373.91	18.541
374.28	18.498
374.64	18.386
375.01	18.337
375.37	18.346
375.73	18.489
376.1	18.445
376.46	18.424
376.83	18.43
377.19	18.474
377.55	18.451
377.92	18.458
378.28	18.571
378.65	18.634
379.01	18.546
379.37	18.594
379.74	18.441
380.1	18.542
380.47	18.567
380.83	18.624
381.19	18.591
381.56	18.789
381.92	18.893
382.28	18.892
382.65	18.947
383.01	18.96
383.37	18.863
383.74	18.892
384.1	18.838
384.46	18.757
384.83	18.603
385.19	18.618
385.55	18.394
385.92	18.184
386.28	18.114
386.64	18.061
387.01	18.078
387.37	18.091
387.73	18.213
388.1	18.24
388.46	18.275
388.82	18.348
389.18	18.144
389.55	18.283
389.91	18.384
390.27	18.437
390.64	18.314
391	18.361
391.36	18.375
391.72	18.47
392.09	18.473
392.45	18.512
392.81	18.574
393.17	18.684
393.54	18.66
393.9	18.635
394.26	18.599
394.62	18.69
394.99	18.713
395.35	18.708
395.71	18.578
396.07	18.66
396.43	18.547
396.8	18.512
397.16	18.48
397.52	18.434
397.88	18.506
398.24	18.412
398.61	18.501
398.97	18.453
399.33	18.382
399.69	18.37
400.05	18.315
400.42	18.396
400.78	18.365
401.14	18.452
401.5	18.444
401.86	18.411
402.22	18.489
402.59	18.453
402.95	18.464
403.31	18.57
403.67	18.631
404.03	18.527
404.39	18.588
404.75	18.533
405.12	18.566
405.48	18.54
405.84	18.477
406.2	18.478
406.56	18.516
406.92	18.456
407.28	18.477
407.64	18.414
408	18.439
408.36	18.369
408.73	18.519
409.09	18.376
409.45	18.409
409.81	18.497
410.17	18.466
410.53	18.451
410.89	18.483
411.25	18.424
411.61	18.441
411.97	18.46
412.33	18.484
412.69	18.364
413.05	18.415
413.41	18.424
413.77	18.42
414.13	18.343
414.5	18.316
414.86	18.278
415.22	18.33
415.58	18.3
415.94	18.202
416.3	18.133
416.66	18.221
417.02	18.239
417.38	18.262
417.74	18.219
418.1	18.29
418.46	18.285
418.82	18.371
419.18	18.306
419.54	18.318
419.9	18.335
420.26	18.391
420.61	18.446
420.97	18.435
421.33	18.411
421.69	18.396
422.05	18.362
422.41	18.304
422.77	18.289
423.13	18.405
423.49	18.393
423.85	18.436
424.21	18.428
424.57	18.385
424.93	18.421
425.29	18.504
425.65	18.462
426.01	18.541
426.36	18.644
426.72	18.627
427.08	18.548
427.44	18.547
427.8	18.552
428.16	18.518
428.52	18.564
428.88	18.584
429.24	18.543
429.59	18.725
429.95	18.627
430.31	18.589
430.67	18.636
431.03	18.629
431.39	18.64
431.75	18.712
432.1	18.713
432.46	18.593
432.82	18.488
433.18	18.478
433.54	18.436
433.9	18.454
434.25	18.439
434.61	18.415
434.97	18.392
435.33	18.346
435.69	18.309
436.04	18.32
436.4	18.336
436.76	18.357
437.12	18.381
437.48	18.321
437.83	18.323
438.19	18.309
438.55	18.294
438.91	18.295
439.27	18.409
439.62	18.365
439.98	18.454
440.34	18.557
440.7	18.601
441.05	18.608
441.41	18.593
441.77	18.618
442.13	18.705
442.48	18.734
442.84	18.748
443.2	18.711
443.56	18.746
443.91	18.679
444.27	18.638
444.63	18.634
444.98	18.644
445.34	18.764
445.7	18.871
446.05	18.871
446.41	18.888
446.77	18.971
447.13	18.986
447.48	19.039
447.84	19.158
448.2	19.183
448.55	19.242
448.91	19.25
449.27	19.253
449.62	19.243
449.98	19.212
450.34	19.276
450.69	19.268
451.05	19.313
451.4	19.342
451.76	19.325
452.12	19.351
452.47	19.398
452.83	19.37
453.19	19.377
453.54	19.366
453.9	19.456
454.25	19.531
454.61	19.608
454.97	19.581
455.32	19.581
455.68	19.552
456.03	19.543
456.39	19.564
456.75	19.655
457.1	19.649
457.46	19.583
457.81	19.557
458.17	19.542
458.52	19.546
458.88	19.61
459.24	19.627
459.59	19.64
459.95	19.712
460.3	19.704
460.66	19.713
461.01	19.68
461.37	19.79
461.72	19.853
462.08	19.822
462.43	19.828
462.79	19.773
463.14	19.76
463.5	19.789
463.85	19.802
464.21	19.821
464.56	19.819
464.92	19.864
465.27	19.859
465.63	19.815
465.98	19.823
466.34	19.829
466.69	19.922
467.05	19.933
467.4	19.948
467.76	19.852
468.11	19.812
468.47	19.826
468.82	19.929
469.18	19.942
469.53	20.005
469.88	20.026
470.24	19.97
470.59	19.916
470.95	19.921
471.3	19.897
471.66	19.925
472.01	19.981
472.36	19.939
472.72	19.865
473.07	19.936
473.43	19.869
473.78	19.867
474.13	19.883
474.49	19.849
474.84	19.86
475.19	19.879
475.55	19.969
475.9	19.961
476.26	20.021
476.61	20.029
476.96	19.993
477.32	19.992
477.67	19.967
478.02	20.026
478.38	20.072
478.73	20.076
479.08	20.067
479.44	20.004
479.79	19.925
480.14	19.863
480.5	19.862
480.85	19.781
481.2	19.778
481.56	19.744
481.91	19.742
482.26	19.788
482.62	19.831
482.97	19.858
483.32	19.872
483.67	19.921
484.03	19.937
484.38	19.931
484.73	19.986
485.08	19.991
485.44	20.011
485.79	20.003
486.14	19.974
486.49	19.929
486.85	19.911
487.2	19.939
487.55	19.936
487.9	19.917
488.26	19.943
488.61	19.901
488.96	19.884
489.31	19.873
489.67	19.858
490.02	19.805
490.37	19.821
490.72	19.81
491.07	19.735
491.43	19.707
491.78	19.728
492.13	19.692
492.48	19.665
492.83	19.691
493.19	19.7
493.54	19.693
493.89	19.744
494.24	19.708
494.59	19.663
494.94	19.699
495.29	19.685
495.65	19.635
496	19.625
496.35	19.636
496.7	19.64
497.05	19.644
497.4	19.665
497.75	19.684
498.11	19.681
498.46	19.697
498.81	19.633
499.16	19.643
499.51	19.649
499.86	19.643
500.21	19.646
500.56	19.633
500.91	19.59
501.26	19.549
501.62	19.505
501.97	19.46
502.32	19.443
502.67	19.463
503.02	19.428
503.37	19.434
503.72	19.411
504.07	19.345
504.42	19.258
504.77	19.271
505.12	19.26
505.47	19.275
505.82	19.31
506.17	19.317
506.52	19.308
506.87	19.356
507.22	19.293
507.57	19.317
507.92	19.423
508.27	19.437
508.62	19.466
508.97	19.413
509.32	19.43
509.67	19.379
510.02	19.364
510.37	19.339
510.72	19.241
511.07	19.243
511.42	19.162
511.77	19.096
512.12	19.124
512.47	19.11
512.82	19.157
513.17	19.089
513.52	19.138
513.87	19.091
514.22	19.101
514.57	19.091
514.91	19.086
515.26	19.079
515.61	18.955
515.96	18.852
516.31	18.814
516.66	18.714
517.01	18.626
517.36	18.539
517.71	18.464
518.06	18.414
518.41	18.383
518.75	18.375
519.1	18.364
519.45	18.344
519.8	18.367
520.15	18.255
520.5	18.285
520.85	18.314
521.19	18.285
521.54	18.302
521.89	18.246
522.24	18.263
522.59	18.218
522.94	18.17
523.28	18.17
523.63	18.09
523.98	18.047
524.33	18.002
524.68	17.95
525.03	17.875
525.37	17.875
525.72	17.803
526.07	17.681
526.42	17.576
526.76	17.506
527.11	17.503
527.46	17.491
527.81	17.532
528.16	17.474
528.5	17.45
528.85	17.466
529.2	17.433
529.55	17.433
529.89	17.409
530.24	17.392
530.59	17.402
530.94	17.351
531.28	17.289
531.63	17.163
531.98	17.129
532.32	17.083
532.67	17.044
533.02	17.001
533.37	17.001
533.71	17.033
534.06	17.007
534.41	16.966
534.75	16.952
535.1	16.916
535.45	16.898
535.79	16.872
536.14	16.821
536.49	16.816
536.83	16.803
537.18	16.72
537.53	16.651
537.87	16.671
538.22	16.637
538.57	16.529
538.91	16.55
539.26	16.539
539.61	16.51
539.95	16.571
540.3	16.543
540.64	16.526
540.99	16.541
541.34	16.517
541.68	16.511
542.03	16.552
542.37	16.572
542.72	16.549
543.07	16.573
543.41	16.611
543.76	16.541
544.1	16.485
544.45	16.482
544.8	16.471
545.14	16.543
545.49	16.521
545.83	16.5
546.18	16.529
546.52	16.572
546.87	16.608
547.21	16.641
547.56	16.658
547.9	16.714
548.25	16.689
548.59	16.68
548.94	16.613
549.29	16.623
549.63	16.573
549.98	16.616
550.32	16.545
550.67	16.514
551.01	16.439
551.35	16.398
551.7	16.374
552.04	16.371
552.39	16.452
552.73	16.502
553.08	16.498
553.42	16.475
553.77	16.486
554.11	16.5
554.46	16.52
554.8	16.528
555.15	16.597
555.49	16.648
555.83	16.753
556.18	16.727
556.52	16.717
556.87	16.777
557.21	16.822
557.56	16.79
557.9	16.748
558.24	16.709
558.59	16.727
558.93	16.662
559.28	16.607
559.62	16.578
559.96	16.565
560.31	16.508
560.65	16.464
560.99	16.453
561.34	16.457
561.68	16.51
562.02	16.499
562.37	16.468
562.71	16.494
563.06	16.442
563.4	16.316
563.74	16.226
564.09	16.324
564.43	16.336
564.77	16.341
565.11	16.35
565.46	16.3
565.8	16.258
566.14	16.254
566.49	16.184
566.83	16.196
567.17	16.185
567.52	16.2
567.86	16.166
568.2	16.064
568.54	16.014
568.89	15.985
569.23	15.996
569.57	15.97
569.91	15.969
570.26	16.027
570.6	16.032
570.94	16.069
571.28	16.038
571.63	15.976
571.97	16.009
572.31	15.989
572.65	15.967
573	15.948
573.34	15.953
573.68	16
574.02	15.973
574.36	16.006
574.71	16.025
575.05	16.064
575.39	16.147
575.73	16.081
576.07	16.031
576.42	16.006
576.76	16.034
577.1	15.974
577.44	15.922
577.78	15.976
578.12	15.961
578.46	15.914
578.81	15.826
579.15	15.751
579.49	15.786
579.83	15.953
580.17	15.981
580.51	15.97
580.85	16.013
581.2	16.001
581.54	15.945
581.88	15.925
582.22	15.941
582.56	16.027
582.9	15.929
583.24	16.05
583.58	16.005
583.92	16.025
584.26	16.074
584.6	16.216
584.95	16.316
585.29	16.376
585.63	16.361
585.97	16.423
586.31	16.466
586.65	16.691
586.99	16.731
587.33	16.726
587.67	16.766
588.01	16.82
588.35	16.868
588.69	16.853
589.03	16.978
589.37	17.17
589.71	17.303
590.05	17.469
590.39	17.509
590.73	17.606
591.07	17.766
591.41	17.922
591.75	18.047
592.09	18.042
592.43	18.156
592.77	18.251
593.11	18.296
593.45	18.343
593.79	18.366
594.13	18.547
594.47	18.63
594.81	18.782
595.14	18.947
595.48	19.156
595.82	19.398
596.16	19.642
596.5	19.824
596.84	20.061
597.18	20.239
597.52	20.444
597.86	20.626
598.2	20.803
598.54	20.902
598.87	21.046
599.21	21.176
599.55	21.373
599.89	21.453
600.23	21.613
600.57	21.776
600.91	21.907
601.25	22.05
601.58	22.098
601.92	22.315
602.26	22.603
602.6	22.711
602.94	22.852
603.28	22.952
603.61	23.126
603.95	23.321
604.29	23.482
604.63	23.667
604.97	23.873
605.3	24.052
605.64	24.213
605.98	24.33
606.32	24.544
606.66	24.745
606.99	24.981
607.33	25.216
607.67	25.407
608.01	25.592
608.34	25.685
608.68	25.758
609.02	25.818
609.36	25.911
609.69	26.005
610.03	26.155
610.37	26.12
610.71	26.181
611.04	26.175
611.38	26.182
611.72	26.189
612.06	26.275
612.39	26.49
612.73	26.675
613.07	26.808
613.4	26.904
613.74	26.9
614.08	27.215
614.41	27.426
614.75	27.677
615.09	27.819
615.42	28.01
615.76	28.23
616.1	28.223
616.43	28.356
616.77	28.551
617.11	28.744
617.44	28.877
617.78	29.096
618.12	29.031
618.45	29.175
618.79	29.179
619.13	29.181
619.46	29.167
619.8	29.314
620.13	29.447
620.47	29.327
620.81	29.346
621.14	29.536
621.48	29.438
621.81	29.708
622.15	29.759
622.48	29.84
622.82	29.865
623.16	29.951
623.49	29.894
623.83	29.909
624.16	30.101
624.5	30.042
624.83	30.034
625.17	30.037
625.5	30.134
625.84	30.037
626.18	30.178
626.51	30.235
626.85	30.441
627.18	30.614
627.52	30.661
627.85	30.634
628.19	30.877
628.52	30.897
628.86	31.023
629.19	30.988
629.53	31.15
629.86	31.102
630.19	31.259
630.53	31.125
630.86	31.166
631.2	31.321
631.53	31.402
631.87	31.445
632.2	31.362
632.54	31.364
632.87	31.34
633.2	31.341
633.54	31.502
633.87	31.533
634.21	31.715
634.54	31.8
634.88	31.757
635.21	31.882
635.54	31.974
635.88	32.16
636.21	32.244
636.55	32.314
636.88	32.402
637.21	32.434
637.55	32.508
637.88	32.435
638.21	32.432
638.55	32.233
638.88	32.255
639.21	32.216
639.55	32.26
639.88	32.311
640.21	32.292
640.55	32.355
640.88	32.383
641.21	32.186
641.55	32.283
641.88	32.211
642.21	32.444
642.55	32.267
642.88	32.158
643.21	32.179
643.55	32.245
643.88	32.197
644.21	32.076
644.54	31.902
644.88	31.953
645.21	31.792
645.54	31.784
645.87	31.77
646.21	31.796
646.54	31.845
646.87	31.759
647.2	31.647
647.54	31.674
647.87	31.566
648.2	31.589
648.53	31.613
648.87	31.705
649.2	31.733
649.53	31.667
649.86	31.785
650.19	31.84
650.53	31.974
650.86	31.998
651.19	32.098
651.52	31.971
651.85	32.133
652.18	32.124
652.52	32.157
652.85	32.17
653.18	32.208
653.51	32.299
653.84	32.294
654.17	32.275
654.51	32.199
654.84	32.13
655.17	32.393
655.5	32.512
655.83	32.601
656.16	32.699
656.49	32.771
656.82	32.807
657.15	32.727
657.49	32.765
657.82	32.665
658.15	32.605
658.48	32.507
658.81	32.363
659.14	32.165
659.47	32.308
659.8	32.242
660.13	32.141
660.46	32.162
660.79	32.134
661.12	32.016
661.45	32.106
661.78	32.163
662.11	32.302
662.44	32.291
662.77	32.178
663.1	31.851
663.43	31.795
663.76	31.849
664.09	31.639
664.42	31.711
664.75	31.693
665.08	31.594
665.41	31.423
665.74	31.211
666.07	31.38
666.4	31.485
666.73	31.405
667.06	31.281
667.39	31.302
667.72	31.223
668.05	30.999
668.38	30.915
668.71	30.901
669.04	31.07
669.37	31.204
669.7	31.187
670.03	31.217
670.36	31.378
670.69	31.48
671.01	31.311
671.34	31.547
671.67	31.446
672	31.5
672.33	31.313
672.66	31.274
672.99	31.188
673.32	30.957
673.64	30.815
673.97	30.647
674.3	30.556
674.63	30.492
674.96	30.269
675.29	30.406
675.62	30.362
675.94	30.564
676.27	30.595
676.6	30.607
676.93	30.67
677.26	30.817
677.58	31.077
677.91	31.123
678.24	31.217
678.57	31.164
678.9	31.123
679.22	30.94
679.55	30.818
679.88	30.663
680.21	30.764
680.54	30.672
680.86	30.345
681.19	30.057
681.52	30.121
681.85	29.971
682.17	29.787
682.5	29.591
682.83	29.617
683.16	29.457
683.48	29.263
683.81	28.736
684.14	28.707
684.46	28.712
684.79	28.61
685.12	28.35
685.45	28.039
685.77	28.089
686.1	28.083
686.43	28.094
686.75	28.027
687.08	27.999
687.41	27.835
687.73	27.559
688.06	27.772
688.39	27.691
688.71	27.697
689.04	27.753
689.36	27.385
689.69	27.19
690.02	26.735
690.34	26.719
690.67	26.651
691	26.942
691.32	26.936
691.65	26.384
691.97	26.098
692.3	25.808
692.63	25.756
692.95	26.12
693.28	26.055
693.6	26.14
693.93	25.924
694.26	25.727
694.58	25.426
694.91	25.347
695.23	25.368
695.56	25.318
695.88	24.865
696.21	24.694
696.53	24.28
696.86	24.107
697.18	23.766
697.51	23.558
697.83	23.483
698.16	23.359
698.48	23.149
698.81	22.841
699.13	22.706
699.46	22.585
699.78	22.253
700.11	22.031
700.43	21.788
700.76	21.865
701.08	21.91
701.41	21.514
701.73	21.382
702.06	21.197
702.38	21.162
702.71	21.17
703.03	21.155
703.35	21.294
703.68	21.599
704	21.201
704.33	20.987
704.65	19.957
704.98	20.008
705.3	19.98
705.62	19.889
705.95	19.742
706.27	19.373
706.6	18.884
706.92	18.699
707.24	18.395
707.57	18.534
707.89	18.339
708.21	18.497
708.54	18.067
708.86	17.504
709.18	17.256
709.51	16.846
709.83	16.267
710.15	16.326
710.48	15.91
710.8	15.5
711.12	15.393
711.45	15.115
711.77	15.374
712.09	15.314
712.42	15.292
712.74	14.77
713.06	14.867
713.38	15.327
713.71	14.901
714.03	14.717
714.35	14.535
714.68	14.227
715	14.206
715.32	13.762
715.64	13.459
715.97	12.936
716.29	13.412
716.61	12.797
716.93	12.183
717.25	12.286
717.58	12.053
717.9	11.967
718.22	11.505
718.54	10.665
718.87	10.192
719.19	9.824
719.51	9.876
719.83	8.496
720.15	7.959
720.47	7.898
720.8	6.89
721.12	6.483
721.44	6.237
721.76	6.389
722.08	6.466
722.4	6.044
722.73	5.707
723.05	5.613
723.37	5.922
723.69	5.635
724.01	5.461
724.33	5.842
724.65	6.466
724.97	5.481
725.3	4.805
725.62	4.643
725.94	4.781
726.26	4.938
726.58	4.005
726.9	3.91
727.22	4.093
727.54	3.823
727.86	3.148
728.18	2.263
728.5	2.461
728.82	2.014
729.14	1.678
729.46	1.168
729.78	1.373
730.1	1.933
730.42	1.772
730.74	1.89
731.07	1.452
731.39	1.521
731.71	1.415
732.03	1.171
732.35	1.204
732.66	1.46
732.98	1.547
733.3	0.244
733.62	-0.678
733.94	-0.865
734.26	-1.578
734.58	-1.706
734.9	-2.117
735.22	-3.027
735.54	-3.115
735.86	-3.376
736.18	-4.483
736.5	-4.62
736.82	-4.442
737.14	-4.957
737.46	-4.942
737.78	-5.077
738.1	-5.407
738.41	-5.68
738.73	-5.016
739.05	-5.27
739.37	-5.717
739.69	-5.228
740.01	-5.134
740.33	-5.377
740.65	-5.021
740.96	-4.632
741.28	-4.353
741.6	-4.891
741.92	-4.215
742.24	-4.779
742.56	-4.852
742.88	-5.114
743.19	-4.88
743.51	-5.412
743.83	-5.56
744.15	-4.985
744.47	-6.526
744.78	-6.562
745.1	-6.485
745.42	-7.176
745.74	-7.35
746.06	-7.401
746.37	-6.075
746.69	-7.14
747.01	-7.682
747.33	-7.215
747.64	-8.158
747.96	-7.93
748.28	-8.104
748.6	-7.259
748.91	-7.551
749.23	-6.112
749.55	-5.682
749.87	-6.353
750.18	-6.936
750.5	-7.005
750.82	-7.16
751.13	-6.893
751.45	-7.441
751.77	-7.954
752.08	-9.663
752.4	-10.963
752.72	-12.973
753.03	-15.133
753.35	-16.01
753.67	-15.651
753.98	-15.514
754.3	-16.99
754.62	-16.564
754.93	-15.929
755.25	-15.147
755.57	-13.751
755.88	-11.557
756.2	-11.462
756.51	-10.633
756.83	-11.188
757.15	-10.856
757.46	-11.395
757.78	-10.74
758.09	-11.129
758.41	-11.111
758.73	-12.603
759.04	-13.587
759.36	-14.943
759.67	-15.442
759.99	-15.382
760.3	-14.319
760.62	-14.428
760.94	-13.739
761.25	-12.666
761.57	-12.349
761.88	-13.708
762.2	-12.639
762.51	-12.391
762.83	-11.875
763.14	-11.369
763.46	-11.395
763.77	-11.882
764.09	-12.085
764.4	-13.012
764.72	-13.442
765.03	-14.257
765.35	-14.112
765.66	-15.102
765.98	-15.427
766.29	-15.495
766.61	-16.344
766.92	-15.957
767.23	-14.045
767.55	-14.684
767.86	-14.833
768.18	-15.72
768.49	-14.759
768.81	-14.896
769.12	-14.271
769.43	-13.675
769.75	-15.459
770.06	-15.528
770.38	-17.405
770.69	-19.46
771	-18.872
771.32	-17.101
771.63	-17.342
771.94	-16.396
772.26	-15.815
772.57	-15.548
772.89	-15.988
773.2	-13.195
773.51	-12.703
773.83	-11.94
774.14	-12.75
774.45	-12.049
774.77	-12.661
775.08	-10.596
775.39	-11.712
775.7	-11.261
776.02	-11.655
776.33	-11.007
776.64	-12.724
776.96	-13.666
777.27	-13.804
777.58	-13.498
777.89	-15.825
778.21	-17.944
778.52	-20.943
778.83	-22.492
779.14	-23.912
779.46	-24.025
779.77	-24.411
780.08	-25.321
780.39	-27.141
780.71	-27.597
781.02	-30.593
781.33	-28.895
781.64	-27.852
781.95	-26.503
782.27	-24.268
782.58	-21.9
782.89	-22.65
783.2	-24.618
783.51	-20.809
783.83	-19.325
784.14	-17.495
784.45	-13.672
784.76	-13.463
785.07	-12.056
785.38	-12.55
785.7	-14.941
786.01	-15.251
786.32	-13.165
786.63	-12.013
786.94	-16.107
787.25	-15.476
787.56	-17.249
787.87	-18.613
788.18	-17.325
788.5	-17.913
788.81	-17.842
789.12	-17.876
789.43	-18.935
789.74	-21.583
790.05	-23.639
790.36	-21.939
790.67	-22.97
790.98	-22.798
791.29	-22.85
791.6	-23.185
791.91	-22.461
792.22	-21.405
792.53	-23.445
792.84	-23.732
793.15	-22.854
793.46	-21.786
793.77	-20.497
794.08	-19.194
794.39	-19.935
794.7	-19.735
795.01	-21.871
795.32	-20.583
795.63	-21.107
795.94	-18.732
796.25	-20.15
796.56	-21.732
796.87	-22.017
797.18	-24.402
797.49	-25.921
797.8	-28.39
798.11	-30.076
798.42	-30.046
798.73	-32.283
799.04	-36.182
799.35	-34.545
799.65	-33.724
799.96	-32.093
800.27	-30.703
800.58	-28.917
800.89	-27.69
801.2	-24.557
801.51	-22.459
801.82	-20.477
802.13	-22.408
802.43	-18.838
802.74	-20.984
803.05	-21.88
803.36	-20.557
803.67	-20.749
803.98	-22.475
804.28	-22.499
804.59	-21.007
804.9	-21.604
805.21	-20.402
805.52	-19.499
805.83	-19.428
806.13	-18.273
806.44	-16.457
806.75	-17.529
807.06	-14.367
807.36	-16.089
807.67	-15.446
807.98	-16.549
808.29	-18.547
808.6	-22.422
808.9	-21.521
809.21	-21.763
809.52	-21.718
809.83	-22.984
810.13	-26.478
810.44	-35.965
810.75	-35.877
811.05	-35.137
811.36	-34.762
811.67	-35.602
811.98	-36.219
812.28	-36.395
812.59	-36.32
812.9	-40.535
813.2	-37.888
813.51	-36.03
813.82	-31.18
814.12	-28.488
814.43	-31.977
814.74	-33.967
815.04	-33.659
815.35	-35.641
815.65	-41.194
815.96	-43.777
816.27	-38.992
816.57	-37.436
816.88	-38.854
817.19	-42.202
817.49	-46.611
817.8	-47.581
818.1	-42.756
818.41	-39.976
818.72	-35.791
819.02	-31.805
819.33	-31.918
819.63	-32.115
819.94	-35.388
820.24	-33.343
820.55	-29.995
820.85	-23.265
821.16	-20.539
821.47	-20.181
821.77	-18.866
822.08	-18.056
822.38	-17.563
822.69	-17.078
822.99	-16.811
823.3	-16.25
823.6	-15.683
823.91	-15.25
824.21	-15.289
824.52	-14.993
824.82	-15
825.13	-16.131
825.43	-17.434
825.73	-17.568
826.04	-16.837
826.34	-17.4
826.65	-17.371
826.95	-17.847
827.26	-18.791
827.56	-20.932
827.87	-21.88
828.17	-23.522
828.47	-22.454
828.78	-22.83
829.08	-24.667
829.39	-27.236
829.69	-29.794
829.99	-32.294
830.3	-34.831
830.6	-36.845
830.9	-36.856
831.21	-38.327
831.51	-34.004
831.82	-32.219
832.12	-25.737
832.42	-24.384
832.73	-23.893
833.03	-22.809
833.33	-21.653
833.64	-22.951
833.94	-20.2
834.24	-19.393
834.54	-20.648
834.85	-24.092
835.15	-24.893
835.45	-27.389
835.76	-28.068
836.06	-28.509
836.36	-28.002
836.66	-29.552
836.97	-27.924
837.27	-29.521
837.57	-35.575
837.87	-36.944
838.18	-33.031
838.48	-30.416
838.78	-31.72
839.08	-30.797
839.39	-34.464
839.69	-35.005
839.99	-33.608
840.29	-33.368
840.59	-38.652
840.9	-37.621
841.2	-35.334
841.5	-41.577
841.8	-56.082
842.1	-58.407
842.41	-58.986
842.71	-60.67
843.01	-68.622
843.31	-74.486
843.61	-73.563
843.91	-75.929
844.21	-69.657
844.52	-70.041
844.82	-72.843
845.12	-60
845.42	-48.255
845.72	-44.693
846.02	-42.634
846.32	-38.814
846.62	-39.983
846.92	-39.223
847.22	-34.679
847.52	-36.155
847.83	-31.018
848.13	-28.48
848.43	-26.227
848.73	-32.951
849.03	-41.146
849.33	-41.509
849.63	-35.116
849.93	-51.106
850.23	-52.093
850.53	-57.987
850.83	-54.8
851.13	-65.478
851.43	-70.36
851.73	-67.255
852.03	-69.263
852.33	-65.997
852.63	-65.337
852.93	-64.103
853.23	-42.174
853.53	-48.941
853.83	-39.894
854.13	-41.599
854.43	-37.621
854.73	-34.795
855.03	-41.048
855.32	-49.745
855.62	-50.928
855.92	-37.341
856.22	-43.072
856.52	-42.576
856.82	-43.33
857.12	-46.146
857.42	-47.872
857.72	-47.229
858.02	-49.461
858.31	-50.124
858.61	-44.525
858.91	-41.007
859.21	-56.124
859.51	-65.867
859.81	-54.119
860.11	-59.497
860.4	-67.56
860.7	-101.213
861	-102.64
861.3	-83.964
861.6	-74.566
861.9	-81.545
862.19	-88.03
862.49	-77.226
862.79	-82.555
863.09	-88.165
863.39	-75.367
863.68	-72.238
863.98	-46.941
864.28	-54.098
864.58	-76.199
864.87	-95.697
865.17	-83.943
865.47	-88.039
865.77	-85.288
866.06	-69.246
866.36	-98.941
866.66	-82.072
866.96	-67.901
867.25	-78.838
867.55	-50.749
867.85	-46.708
868.14	-41.385
868.44	-42.654
868.74	-42.336
869.03	-47.989
869.33	-47.389
869.63	-34.01
869.92	-40.263
870.22	-46.633
870.52	-49.298
870.81	-51.778
871.11	-52.603
871.41	-55.733
871.7	-58.344
872	-63.248
872.3	-72.782
872.59	-81.613
872.89	-92.845
873.18	-111.462
873.48	-116.034
873.78	-82.79
874.07	-99.471
874.37	-115.02
874.66	-146.083
874.96	-162.687
875.25	-157.294
875.55	-180.541
875.85	-213.538
876.14	-333.175
876.44	-365.054
876.73	-252.245
877.03	-336.41
877.32	-273.394
877.62	-346.286
877.91	-266.949
878.21	-267.568
878.5	-234.363
878.8	-193.651
879.09	-159.259
879.39	-123.743
879.68	-130.688
879.98	-124.471
880.27	-134.744
880.57	-104.945
880.86	-75
881.16	-55.535
881.45	-45.635
881.74	-41.526
882.04	-39.071
882.33	-37.55
882.63	-34.671
882.92	-32.617
883.22	-36.461
883.51	-37.922
883.8	-38.74
884.1	-39.754
884.39	-38.607
884.69	-40.911
884.98	-41.005
885.27	-43.731
885.57	-47.475
885.86	-54.02
886.15	-64.119
886.45	-58.431
886.74	-50.518
887.03	-69.655
887.33	-70.972
887.62	-70.391
887.91	1.075
888.21	-59.375
888.5	-270.37
888.79	-161.29
889.09	-3.226
