190.56	395.833
190.94	395.833
191.32	395.833
191.7	33.333
192.08	6.452
192.46	626
192.84	-1076.923
193.22	-102.632
193.6	76.531
193.98	38.889
194.36	13.725
194.74	-5.921
195.13	8.397
195.51	24.806
195.89	13.043
196.27	26.336
196.65	64.794
197.03	60.569
197.4	30.622
197.78	44.5
198.16	89.545
198.54	85.662
198.92	90.029
199.3	68.5
199.68	66.389
200.06	55.388
200.44	55.478
200.82	45.722
201.2	33.171
201.58	35.774
201.96	21.601
202.34	2.817
202.72	10
203.1	-0.46
203.48	-9.828
203.86	-20.228
204.24	-27.586
204.62	-54.783
205	-31.271
205.38	-14.717
205.76	5.167
206.13	12.558
206.51	38.636
206.89	37.813
207.27	70
207.65	100.651
208.03	86.998
208.41	87.321
208.79	71.007
209.17	72.605
209.55	54.247
209.93	49.227
210.3	31.236
210.68	21.616
211.06	-4.726
211.44	-4.077
211.82	-16.704
212.2	-20.386
212.58	-19.477
212.96	-50
213.33	-43.673
213.71	-32.824
214.09	-21.184
214.47	-8.766
214.85	14.724
215.23	34.783
215.61	11.485
215.98	14.325
216.36	9.585
216.74	3.326
217.12	4.545
217.5	4.375
217.88	9.824
218.25	22.222
218.63	20.025
219.01	6.417
219.39	5.836
219.77	10.602
220.14	15.176
220.52	12.358
220.9	21.216
221.28	31.795
221.66	29.773
222.03	28.844
222.41	25.929
222.79	26.351
223.17	27.628
223.55	25.129
223.92	16.881
224.3	11.912
224.68	10.572
225.06	10.573
225.43	5.561
225.81	4.211
226.19	2.281
226.57	3.268
226.95	4.712
227.32	5.045
227.7	5.204
228.08	6.563
228.46	6.138
228.83	6.942
229.21	5.851
229.59	6.006
229.96	6.488
230.34	6.655
230.72	5.989
231.1	5.157
231.47	4.782
231.85	4.58
232.23	3.711
232.6	3.245
232.98	2.062
233.36	1.199
233.74	-0.595
234.11	-0.389
234.49	0.821
234.87	0.394
235.24	0.467
235.62	0.552
236	-0.171
236.37	1.79
236.75	1.956
237.13	2.175
237.5	2.838
237.88	4.112
238.26	3.951
238.63	2.746
239.01	3.092
239.39	3.32
239.76	2.746
240.14	2.982
240.52	2.649
240.89	3.021
241.27	2.857
241.65	3.228
242.02	3.112
242.4	3.793
242.77	3.97
243.15	3.994
243.53	3.69
243.9	3.918
244.28	3.876
244.66	3.174
245.03	3.197
245.41	3.255
245.78	3.111
246.16	3.301
246.54	2.71
246.91	2.63
247.29	2.773
247.66	2.922
248.04	2.519
248.41	2.789
248.79	3.104
249.17	3.34
249.54	3.337
249.92	3.092
250.29	3.118
250.67	3.437
251.04	3.61
251.42	3.205
251.8	2.917
252.17	3.277
252.55	2.809
252.92	3.147
253.3	2.259
253.67	2.311
254.05	2.465
254.42	2.483
254.8	2.374
255.17	1.97
255.55	2.348
255.92	2.202
256.3	2.177
256.67	2.435
257.05	2.295
257.42	2.529
257.8	2.375
258.17	2.236
258.55	2.091
258.92	2.002
259.3	2.014
259.67	2.042
260.05	2.369
260.42	2.443
260.8	2.495
261.17	2.386
261.55	2.351
261.92	2.342
262.3	2.434
262.67	2.276
263.05	2.266
263.42	2.171
263.79	1.752
264.17	1.717
264.54	1.754
264.92	1.717
265.29	1.918
265.67	1.94
266.04	1.959
266.42	2.1
266.79	2.143
267.16	1.885
267.54	2.012
267.91	2.091
268.29	1.575
268.66	1.64
269.03	1.763
269.41	1.434
269.78	1.649
270.16	1.85
270.53	1.788
270.9	2.016
271.28	2.405
271.65	2.398
272.03	2.576
272.4	2.813
272.77	2.933
273.15	2.933
273.52	3.155
273.89	3.079
274.27	2.795
274.64	2.776
275.01	2.56
275.39	2.192
275.76	2.055
276.14	1.83
276.51	1.817
276.88	1.614
277.26	1.565
277.63	1.592
278	1.487
278.38	1.548
278.75	1.456
279.12	1.553
279.49	1.808
279.87	1.855
280.24	1.943
280.61	1.915
280.99	1.83
281.36	1.877
281.73	1.816
282.11	1.865
282.48	1.676
282.85	1.816
283.22	1.72
283.6	1.683
283.97	1.734
284.34	1.968
284.71	2.213
285.09	2.326
285.46	2.109
285.83	2
286.21	2.127
286.58	2.375
286.95	2.403
287.32	2.368
287.7	2.381
288.07	2.408
288.44	2.009
288.81	2.03
289.18	2.049
289.56	2.196
289.93	2.347
290.3	2.37
290.67	2.38
291.05	2.252
291.42	2.308
291.79	2.434
292.16	2.651
292.53	3.028
292.91	2.934
293.28	2.94
293.65	3.116
294.02	3.024
294.39	2.994
294.76	2.919
295.14	3.108
295.51	3.132
295.88	3.147
296.25	3.046
296.62	3.003
297	2.959
297.37	2.939
297.74	2.872
298.11	2.901
298.48	2.93
298.85	2.969
299.22	2.806
299.6	2.876
299.97	2.781
300.34	2.777
300.71	2.675
301.08	2.791
301.45	2.89
301.82	2.826
302.19	2.84
302.56	2.747
302.94	2.727
303.31	2.938
303.68	2.893
304.05	3.044
304.42	3.006
304.79	2.901
305.16	2.873
305.53	2.826
305.9	2.73
306.27	2.684
306.64	2.887
307.02	2.823
307.39	2.645
307.76	2.624
308.13	2.41
308.5	2.422
308.87	2.549
309.24	2.432
309.61	2.315
309.98	2.578
310.35	2.811
310.72	2.748
311.09	3.02
311.46	3.069
311.83	3.243
312.2	3.248
312.57	3.177
312.94	3.037
313.31	2.977
313.68	2.893
314.05	2.806
314.42	2.648
314.79	2.695
315.16	2.634
315.53	2.612
315.9	2.519
316.27	2.637
316.64	2.669
317.01	2.837
317.38	2.856
317.75	2.938
318.12	2.946
318.49	2.916
318.86	3.027
319.23	2.911
319.6	3.091
319.97	3.046
320.34	3.079
320.71	3.129
321.08	3.322
321.45	3.695
321.82	3.885
322.19	3.866
322.55	4.024
322.92	3.921
323.29	3.891
323.66	3.664
324.03	3.782
324.4	3.795
324.77	3.913
325.14	3.676
325.51	3.491
325.88	3.621
326.25	3.685
326.61	3.683
326.98	3.731
327.35	3.842
327.72	3.957
328.09	3.869
328.46	3.968
328.83	4.073
329.2	4.41
329.56	4.529
329.93	4.385
330.3	4.389
330.67	4.399
331.04	4.363
331.41	4.495
331.78	4.457
332.14	4.515
332.51	4.511
332.88	4.515
333.25	4.565
333.62	4.768
333.99	4.877
334.35	5.065
334.72	5.158
335.09	5.306
335.46	5.333
335.83	5.536
336.19	5.631
336.56	5.571
336.93	5.348
337.3	5.191
337.67	4.783
338.03	4.57
338.4	4.336
338.77	4.235
339.14	4.039
339.5	3.964
339.87	3.685
340.24	3.674
340.61	3.733
340.97	3.737
341.34	3.596
341.71	3.817
342.08	3.834
342.44	3.889
342.81	3.962
343.18	3.946
343.55	3.976
343.91	4.125
344.28	4.107
344.65	3.995
345.02	4.045
345.38	4.021
345.75	4.009
346.12	4.05
346.48	3.9
346.85	3.699
347.22	3.611
347.59	3.504
347.95	3.478
348.32	3.463
348.69	3.36
349.05	3.265
349.42	3.243
349.79	3.117
350.15	3.033
350.52	3.188
350.89	3.204
351.25	3.1
351.62	3.049
351.99	2.951
352.35	2.699
352.72	2.742
353.09	2.639
353.45	2.654
353.82	2.653
354.18	2.746
354.55	2.571
354.92	2.579
355.28	2.709
355.65	2.581
356.02	2.621
356.38	2.703
356.75	2.519
357.11	2.558
357.48	2.563
357.85	2.477
358.21	2.4
358.58	2.414
358.94	2.457
359.31	2.36
359.67	2.533
360.04	2.358
360.41	2.318
360.77	2.42
361.14	2.355
361.5	2.303
361.87	2.31
362.23	2.264
362.6	2.224
362.97	2.167
363.33	2.237
363.7	2.105
364.06	2.177
364.43	2.136
364.79	2.115
365.16	2.219
365.52	2.151
365.89	2.08
366.25	2.15
366.62	2.251
366.98	2.301
367.35	2.27
367.71	2.284
368.08	2.253
368.44	2.217
368.81	2.162
369.17	2.147
369.54	2.258
369.9	2.345
370.27	2.341
370.63	2.249
371	2.157
371.36	2.056
371.73	2.046
372.09	2.216
372.45	2.401
372.82	2.399
373.18	2.327
373.55	2.275
373.91	2.383
374.28	2.375
374.64	2.474
375.01	2.528
375.37	2.64
375.73	2.671
376.1	2.637
376.46	2.528
376.83	2.612
377.19	2.602
377.55	2.583
377.92	2.556
378.28	2.511
378.65	2.495
379.01	2.401
379.37	2.374
379.74	2.439
380.1	2.424
380.47	2.478
380.83	2.429
381.19	2.497
381.56	2.56
381.92	2.561
382.28	2.575
382.65	2.578
383.01	2.743
383.37	2.894
383.74	2.954
384.1	2.853
384.46	2.9
384.83	2.936
385.19	3.035
385.55	3.136
385.92	3.187
386.28	3.313
386.64	3.289
387.01	3.308
387.37	3.186
387.73	3.116
388.1	3.261
388.46	3.263
388.82	3.353
389.18	3.385
389.55	3.432
389.91	3.431
390.27	3.441
390.64	3.539
391	3.577
391.36	3.656
391.72	3.665
392.09	3.63
392.45	3.692
392.81	3.61
393.17	3.569
393.54	3.553
393.9	3.57
394.26	3.598
394.62	3.55
394.99	3.505
395.35	3.426
395.71	3.491
396.07	3.6
396.43	3.525
396.8	3.667
397.16	3.738
397.52	3.76
397.88	3.892
398.24	3.891
398.61	3.983
398.97	4.037
399.33	4.186
399.69	4.159
400.05	4.236
400.42	4.36
400.78	4.444
401.14	4.452
401.5	4.577
401.86	4.554
402.22	4.652
402.59	4.74
402.95	4.793
403.31	4.842
403.67	4.995
404.03	5.002
404.39	5.038
404.75	5.087
405.12	5.185
405.48	5.175
405.84	5.198
406.2	5.236
406.56	5.311
406.92	5.274
407.28	5.329
407.64	5.335
408	5.395
408.36	5.477
408.73	5.496
409.09	5.575
409.45	5.604
409.81	5.644
410.17	5.693
410.53	5.65
410.89	5.853
411.25	5.864
411.61	5.906
411.97	5.992
412.33	5.966
412.69	6.071
413.05	6.08
413.41	6.208
413.77	6.388
414.13	6.407
414.5	6.528
414.86	6.651
415.22	6.747
415.58	6.797
415.94	6.854
416.3	6.924
416.66	6.973
417.02	7.031
417.38	7.07
417.74	7.1
418.1	7.21
418.46	7.314
418.82	7.293
419.18	7.334
419.54	7.434
419.9	7.425
420.26	7.52
420.61	7.544
420.97	7.603
421.33	7.677
421.69	7.704
422.05	7.765
422.41	7.738
422.77	7.737
423.13	7.791
423.49	7.814
423.85	7.945
424.21	8.057
424.57	8.115
424.93	8.182
425.29	8.219
425.65	8.226
426.01	8.288
426.36	8.374
426.72	8.5
427.08	8.606
427.44	8.702
427.8	8.742
428.16	8.731
428.52	8.786
428.88	8.838
429.24	8.85
429.59	8.996
429.95	8.994
430.31	9.089
430.67	9.124
431.03	9.203
431.39	9.3
431.75	9.375
432.1	9.474
432.46	9.585
432.82	9.629
433.18	9.761
433.54	9.787
433.9	9.909
434.25	10.032
434.61	10.157
434.97	10.244
435.33	10.273
435.69	10.326
436.04	10.417
436.4	10.477
436.76	10.592
437.12	10.702
437.48	10.844
437.83	11.014
438.19	11.043
438.55	11.129
438.91	11.253
439.27	11.361
439.62	11.491
439.98	11.575
440.34	11.701
440.7	11.835
441.05	11.85
441.41	11.94
441.77	11.957
442.13	12.166
442.48	12.239
442.84	12.266
443.2	12.396
443.56	12.54
443.91	12.64
444.27	12.772
444.63	12.91
444.98	13.08
445.34	13.143
445.7	13.25
446.05	13.334
446.41	13.493
446.77	13.615
447.13	13.733
447.48	13.853
447.84	14
448.2	14.11
448.55	14.266
448.91	14.477
449.27	14.725
449.62	14.89
449.98	14.891
450.34	14.998
450.69	15.242
451.05	15.344
451.4	15.515
451.76	15.635
452.12	15.761
452.47	15.851
452.83	15.95
453.19	16.043
453.54	16.266
453.9	16.525
454.25	16.703
454.61	16.855
454.97	17.07
455.32	17.132
455.68	17.307
456.03	17.503
456.39	17.648
456.75	17.769
457.1	18.015
457.46	18.182
457.81	18.326
458.17	18.479
458.52	18.653
458.88	18.852
459.24	19.035
459.59	19.232
459.95	19.452
460.3	19.635
460.66	19.837
461.01	19.961
461.37	20.072
461.72	20.263
462.08	20.52
462.43	20.691
462.79	20.891
463.14	21.132
463.5	21.297
463.85	21.425
464.21	21.709
464.56	21.931
464.92	22.156
465.27	22.466
465.63	22.713
465.98	22.916
466.34	23.1
466.69	23.265
467.05	23.416
467.4	23.665
467.76	23.917
468.11	24.016
468.47	24.291
468.82	24.446
469.18	24.593
469.53	24.813
469.88	25.077
470.24	25.326
470.59	25.586
470.95	25.832
471.3	26.021
471.66	26.243
472.01	26.428
472.36	26.526
472.72	26.73
473.07	26.884
473.43	27.063
473.78	27.209
474.13	27.405
474.49	27.568
474.84	27.783
475.19	27.968
475.55	28.068
475.9	28.368
476.26	28.582
476.61	28.856
476.96	29.069
477.32	29.3
477.67	29.466
478.02	29.66
478.38	29.842
478.73	29.963
479.08	30.092
479.44	30.211
479.79	30.292
480.14	30.448
480.5	30.536
480.85	30.605
481.2	30.717
481.56	30.841
481.91	31.034
482.26	31.189
482.62	31.377
482.97	31.527
483.32	31.68
483.67	31.782
484.03	31.858
484.38	31.996
484.73	32.138
485.08	32.246
485.44	32.419
485.79	32.521
486.14	32.68
486.49	32.795
486.85	32.974
487.2	33.124
487.55	33.258
487.9	33.398
488.26	33.503
488.61	33.612
488.96	33.831
489.31	34.019
489.67	34.258
490.02	34.486
490.37	34.723
490.72	34.948
491.07	35.083
491.43	35.256
491.78	35.46
492.13	35.649
492.48	35.877
492.83	36.003
493.19	36.196
493.54	36.424
493.89	36.66
494.24	36.914
494.59	37.147
494.94	37.524
495.29	37.815
495.65	38.054
496	38.296
496.35	38.6
496.7	38.847
497.05	39.023
497.4	39.202
497.75	39.386
498.11	39.593
498.46	39.797
498.81	40.013
499.16	40.309
499.51	40.537
499.86	40.823
500.21	41.037
500.56	41.41
500.91	41.606
501.26	41.938
501.62	42.253
501.97	42.605
502.32	42.914
502.67	43.178
503.02	43.493
503.37	43.825
503.72	44.062
504.07	44.284
504.42	44.486
504.77	44.897
505.12	45.068
505.47	45.403
505.82	45.678
506.17	45.911
506.52	46.257
506.87	46.614
507.22	46.943
507.57	47.292
507.92	47.618
508.27	47.869
508.62	48.253
508.97	48.621
509.32	48.839
509.67	49.068
510.02	49.338
510.37	49.701
510.72	49.889
511.07	50.189
511.42	50.38
511.77	50.544
512.12	50.84
512.47	51.047
512.82	51.256
513.17	51.554
513.52	51.904
513.87	52.17
514.22	52.35
514.57	52.584
514.91	52.805
515.26	53.194
515.61	53.642
515.96	53.854
516.31	54.094
516.66	54.298
517.01	54.545
517.36	54.79
517.71	55.028
518.06	55.31
518.41	55.554
518.75	55.704
519.1	55.796
519.45	55.964
519.8	56.275
520.15	56.534
520.5	56.782
520.85	57.052
521.19	57.259
521.54	57.598
521.89	57.735
522.24	57.889
522.59	58.161
522.94	58.399
523.28	58.569
523.63	58.704
523.98	58.839
524.33	59.081
524.68	59.16
525.03	59.397
525.37	59.593
525.72	59.841
526.07	60.148
526.42	60.437
526.76	60.733
527.11	61.038
527.46	61.282
527.81	61.472
528.16	61.673
528.5	61.913
528.85	62.01
529.2	62.158
529.55	62.242
529.89	62.421
530.24	62.617
530.59	62.762
530.94	62.92
531.28	63.042
531.63	63.212
531.98	63.305
532.32	63.452
532.67	63.591
533.02	63.634
533.37	63.929
533.71	63.985
534.06	63.98
534.41	64.097
534.75	64.158
535.1	64.385
535.45	64.558
535.79	64.831
536.14	64.912
536.49	65.08
536.83	65.327
537.18	65.38
537.53	65.537
537.87	65.763
538.22	65.952
538.57	66.198
538.91	66.277
539.26	66.551
539.61	66.765
539.95	66.988
540.3	67.208
540.64	67.297
540.99	67.441
541.34	67.583
541.68	67.623
542.03	67.712
542.37	67.746
542.72	67.843
543.07	67.827
543.41	67.91
543.76	67.977
544.1	68.068
544.45	68.234
544.8	68.313
545.14	68.405
545.49	68.622
545.83	68.843
546.18	69.052
546.52	69.171
546.87	69.34
547.21	69.44
547.56	69.582
547.9	69.639
548.25	69.749
548.59	69.905
548.94	70.034
549.29	70.109
549.63	70.166
549.98	70.199
550.32	70.487
550.67	70.566
551.01	70.564
551.35	70.494
551.7	70.607
552.04	70.619
552.39	70.587
552.73	70.623
553.08	70.648
553.42	70.635
553.77	70.758
554.11	70.601
554.46	70.677
554.8	70.588
555.15	70.711
555.49	70.695
555.83	70.662
556.18	70.796
556.52	70.929
556.87	71.055
557.21	71.095
557.56	71.156
557.9	71.435
558.24	71.431
558.59	71.716
558.93	71.876
559.28	72.053
559.62	72.209
559.96	72.302
560.31	72.278
560.65	72.344
560.99	72.483
561.34	72.563
561.68	72.493
562.02	72.562
562.37	72.718
562.71	72.834
563.06	72.873
563.4	72.942
563.74	73.013
564.09	73.04
564.43	73.242
564.77	73.365
565.11	73.435
565.46	73.673
565.8	73.861
566.14	73.798
566.49	73.821
566.83	73.925
567.17	74.046
567.52	74.182
567.86	74.351
568.2	74.447
568.54	74.662
568.89	74.854
569.23	74.875
569.57	75.05
569.91	75.154
570.26	75.421
570.6	75.557
570.94	75.7
571.28	75.719
571.63	75.794
571.97	75.821
572.31	75.658
572.65	75.738
573	76.01
573.34	76.055
573.68	76.254
574.02	76.311
574.36	76.451
574.71	76.574
575.05	76.756
575.39	76.885
575.73	76.966
576.07	77.152
576.42	77.159
576.76	77.033
577.1	77.099
577.44	77.014
577.78	76.905
578.12	77.064
578.46	77.029
578.81	76.943
579.15	76.856
579.49	76.903
579.83	76.92
580.17	77.05
580.51	77.189
580.85	77.22
581.2	77.3
581.54	77.322
581.88	77.237
582.22	77.381
582.56	77.587
582.9	77.79
583.24	77.711
583.58	77.717
583.92	77.756
584.26	77.768
584.6	77.721
584.95	77.827
585.29	78.108
585.63	78.103
585.97	78.123
586.31	78.149
586.65	78.282
586.99	78.559
587.33	78.713
587.67	78.771
588.01	78.841
588.35	78.98
588.69	79.054
589.03	78.88
589.37	79.05
589.71	79.229
590.05	79.389
590.39	79.492
590.73	79.424
591.07	79.425
591.41	79.438
591.75	79.461
592.09	79.476
592.43	79.718
592.77	79.988
593.11	79.997
593.45	80.077
593.79	79.826
594.13	79.816
594.47	80.014
594.81	80.171
595.14	80.201
595.48	80.257
595.82	80.421
596.16	80.376
596.5	80.279
596.84	80.382
597.18	80.341
597.52	80.67
597.86	80.864
598.2	80.824
598.54	80.74
598.87	80.768
599.21	80.8
599.55	80.784
599.89	80.773
600.23	80.87
600.57	80.736
600.91	80.752
601.25	80.645
601.58	80.543
601.92	80.584
602.26	80.706
602.6	80.935
602.94	81.014
603.28	81.045
603.61	81.2
603.95	81.217
604.29	81.306
604.63	81.339
604.97	81.543
605.3	81.433
605.64	81.52
605.98	81.504
606.32	81.304
606.66	81.332
606.99	81.352
607.33	81.269
607.67	81.387
608.01	81.333
608.34	81.188
608.68	81.101
609.02	81.383
609.36	81.322
609.69	81.328
610.03	81.434
610.37	81.376
610.71	81.446
611.04	81.519
611.38	81.524
611.72	81.711
612.06	81.974
612.39	81.969
612.73	81.916
613.07	82.007
613.4	82.138
613.74	82.285
614.08	82.43
614.41	82.375
614.75	82.345
615.09	82.489
615.42	82.507
615.76	82.364
616.1	82.223
616.43	82.141
616.77	82.12
617.11	82.166
617.44	81.995
617.78	81.903
618.12	82.026
618.45	81.979
618.79	82.007
619.13	81.82
619.46	81.785
619.8	81.709
620.13	81.747
620.47	81.797
620.81	81.864
621.14	81.953
621.48	82.078
621.81	81.889
622.15	81.832
622.48	81.642
622.82	81.839
623.16	82.014
623.49	82.225
623.83	82.394
624.16	82.305
624.5	82.283
624.83	82.399
625.17	82.284
625.5	82.437
625.84	82.621
626.18	82.894
626.51	82.883
626.85	82.988
627.18	82.993
627.52	82.828
627.85	82.824
628.19	82.654
628.52	82.642
628.86	82.765
629.19	82.807
629.53	82.761
629.86	82.502
630.19	82.689
630.53	82.528
630.86	82.653
631.2	82.767
631.53	82.764
631.87	82.988
632.2	82.906
632.54	82.857
632.87	83.007
633.2	83.009
633.54	83.081
633.87	83.021
634.21	83.047
634.54	82.898
634.88	82.661
635.21	82.635
635.54	82.711
635.88	82.761
636.21	82.739
636.55	82.531
636.88	82.723
637.21	82.669
637.55	82.416
637.88	82.368
638.21	82.379
638.55	82.657
638.88	82.736
639.21	82.548
639.55	82.381
639.88	82.356
640.21	82.578
640.55	82.247
640.88	82.32
641.21	82.441
641.55	82.476
641.88	82.463
642.21	82.246
642.55	82.172
642.88	82.192
643.21	82.396
643.55	82.238
643.88	82.106
644.21	82.363
644.54	82.464
644.88	82.364
645.21	82.337
645.54	82.33
645.87	82.246
646.21	82.22
646.54	82.302
646.87	82.113
647.2	82.201
647.54	82.026
647.87	81.979
648.2	81.811
648.53	81.578
648.87	81.578
649.2	81.681
649.53	81.77
649.86	81.845
650.19	81.669
650.53	81.895
650.86	81.838
651.19	82.023
651.52	81.972
651.85	82.061
652.18	82.159
652.52	82.198
652.85	81.959
653.18	82.02
653.51	82.079
653.84	82.285
654.17	82.33
654.51	82.278
654.84	82.286
655.17	82.312
655.5	82.065
655.83	82.247
656.16	81.983
656.49	82.014
656.82	81.867
657.15	82.096
657.49	82.119
657.82	81.802
658.15	81.954
658.48	81.918
658.81	81.711
659.14	81.907
659.47	82.042
659.8	82.472
660.13	82.644
660.46	82.529
660.79	82.372
661.12	82.091
661.45	82.298
661.78	82.332
662.11	82.236
662.44	82.459
662.77	82.241
663.1	82.011
663.43	81.624
663.76	81.512
664.09	81.488
664.42	81.403
664.75	81.586
665.08	81.632
665.41	81.835
665.74	82.037
666.07	81.865
666.4	81.834
666.73	81.588
667.06	81.66
667.39	81.551
667.72	81.737
668.05	81.793
668.38	81.709
668.71	81.321
669.04	80.935
669.37	80.563
669.7	80.533
670.03	80.544
670.36	80.604
670.69	80.666
671.01	80.709
671.34	80.988
671.67	80.868
672	80.951
672.33	81.36
672.66	81.415
672.99	81.53
673.32	81.562
673.64	81.678
673.97	81.873
674.3	81.908
674.63	82.096
674.96	81.704
675.29	81.855
675.62	81.745
675.94	81.274
676.27	81.061
676.6	81.065
676.93	80.789
677.26	80.969
677.58	80.911
677.91	80.517
678.24	80.28
678.57	80.283
678.9	80.363
679.22	80.166
679.55	80.203
679.88	80.423
680.21	80.319
680.54	80.504
680.86	80.355
681.19	80.195
681.52	80.287
681.85	80.407
682.17	80.485
682.5	80.227
682.83	80.412
683.16	80.477
683.48	80.397
683.81	80.548
684.14	79.968
684.46	79.772
684.79	80.138
685.12	80.057
685.45	79.274
685.77	79.236
686.1	79.035
686.43	78.972
686.75	79.252
687.08	79.024
687.41	78.676
687.73	79.104
688.06	78.99
688.39	78.542
688.71	78.706
689.04	79.118
689.36	79.405
689.69	79.437
690.02	79.13
690.34	78.738
690.67	79.08
691	79.393
691.32	79.35
691.65	79.583
691.97	79.615
692.3	79.73
692.63	79.85
692.95	79.438
693.28	79.662
693.6	79.499
693.93	79.167
694.26	79.02
694.58	78.948
694.91	79.08
695.23	79.317
695.56	79.218
695.88	79.161
696.21	79.003
696.53	78.721
696.86	78.165
697.18	78.173
697.51	78.651
697.83	78.306
698.16	78.187
698.48	78.153
698.81	77.751
699.13	77.696
699.46	77.512
699.78	77.551
700.11	77.497
700.43	77.65
700.76	77.677
701.08	77.365
701.41	77.524
701.73	77.166
702.06	77.048
702.38	76.935
702.71	76.744
703.03	76.154
703.35	75.911
703.68	75.337
704	75.244
704.33	75.419
704.65	75.259
704.98	75.214
705.3	75.496
705.62	75.119
705.95	74.825
706.27	74.551
706.6	74.562
706.92	74.396
707.24	74.737
707.57	75.086
707.89	74.752
708.21	74.941
708.54	75.396
708.86	75.314
709.18	75.397
709.51	75.45
709.83	75.395
710.15	75.378
710.48	75.177
710.8	75.217
711.12	74.452
711.45	73.923
711.77	73.742
712.09	72.785
712.42	72.508
712.74	72.581
713.06	72.287
713.38	72.316
713.71	72.543
714.03	72.242
714.35	71.843
714.68	71.836
715	72.551
715.32	71.864
715.64	72.098
715.97	72.12
716.29	71.539
716.61	71.909
716.93	72.21
717.25	72.398
717.58	73.299
717.9	73.177
718.22	72.764
718.54	72.577
718.87	72.583
719.19	71.601
719.51	71.15
719.83	71.614
720.15	70.709
720.47	70.598
720.8	69.777
721.12	68.683
721.44	69.414
721.76	69.786
722.08	69.222
722.4	70.061
722.73	71.101
723.05	70.747
723.37	70.319
723.69	70.713
724.01	70.328
724.33	70.575
724.65	70.805
724.97	70.534
725.3	71.53
725.62	71.865
725.94	71.286
726.26	70.952
726.58	71.52
726.9	71.946
727.22	71.857
727.54	70.995
727.86	70.849
728.18	71.182
728.5	70.806
728.82	69.584
729.14	69.534
729.46	68.736
729.78	68.904
730.1	68.216
730.42	67.695
730.74	67.517
731.07	68.242
731.39	67.079
731.71	67.202
732.03	67.407
732.35	67.756
732.66	67.822
732.98	68.079
733.3	66.954
733.62	66.474
733.94	66.392
734.26	66.855
734.58	66.419
734.9	67.313
735.22	66.461
735.54	65.57
735.86	64.737
736.18	64.273
736.5	64.863
736.82	65.25
737.14	65.524
737.46	65.429
737.78	64.346
738.1	64.782
738.41	64.609
738.73	65.077
739.05	65.781
739.37	66.068
739.69	65.187
740.01	65.186
740.33	65.54
740.65	66.066
740.96	66.12
741.28	66.157
741.6	65.392
741.92	65.376
742.24	63.837
742.56	63.746
742.88	63.078
743.19	63.486
743.51	62.353
743.83	62.206
744.15	61.356
744.47	61.198
744.78	62.081
745.1	62.71
745.42	62.963
745.74	63.983
746.06	63.539
746.37	63.125
746.69	64.536
747.01	64.14
747.33	63.79
747.64	63.182
747.96	62.283
748.28	61.698
748.6	61.113
748.91	60.304
749.23	59.958
749.55	60.684
749.87	61.686
750.18	60.874
750.5	61.051
750.82	60.207
751.13	61.223
751.45	62.633
751.77	61.987
752.08	62.18
752.4	62.062
752.72	61.85
753.03	61.04
753.35	60.49
753.67	60.366
753.98	61.036
754.3	62.711
754.62	63.232
754.93	61.358
755.25	62.168
755.57	61.769
755.88	62.907
756.2	63.146
756.51	63.643
756.83	64.453
757.15	63.222
757.46	63.713
757.78	61.557
758.09	60.619
758.41	63.102
758.73	62.587
759.04	62.536
759.36	61.604
759.67	61.484
759.99	60.62
760.3	59.63
760.62	60.925
760.94	59.849
761.25	60.924
761.57	61.472
761.88	60.08
762.2	61.105
762.51	61.636
762.83	62.421
763.14	62.959
763.46	63.767
763.77	64.748
764.09	64.875
764.4	65.527
764.72	65.646
765.03	65.156
765.35	66.162
765.66	65.793
765.98	64.983
766.29	64.662
766.61	63.97
766.92	64.146
767.23	63.539
767.55	62.724
767.86	61.725
768.18	61.687
768.49	61.465
768.81	59.837
769.12	59.393
769.43	60.914
769.75	61.375
770.06	60.895
770.38	60.377
770.69	59.143
771	59.138
771.32	58.996
771.63	59.263
771.94	61.556
772.26	61.472
772.57	60.985
772.89	59.663
773.2	58.362
773.51	57.818
773.83	56.291
774.14	56.205
774.45	55.807
774.77	56.322
775.08	56.626
775.39	56.064
775.7	55.111
776.02	55.694
776.33	55.409
776.64	54.821
776.96	56.032
777.27	55.656
777.58	54.949
777.89	55.196
778.21	54.658
778.52	54.534
778.83	53.282
779.14	52.404
779.46	51.469
779.77	51.594
780.08	53.685
780.39	54.736
780.71	55.745
781.02	57.019
781.33	57.004
781.64	56.357
781.95	54.696
782.27	55.842
782.58	59.874
782.89	61.199
783.2	60.609
783.51	58.406
783.83	56.098
784.14	57.263
784.45	57.147
784.76	56.173
785.07	58.605
785.38	58.904
785.7	59.316
786.01	54.641
786.32	52.694
786.63	54.833
786.94	56.14
787.25	58.02
787.56	56.537
787.87	57.063
788.18	57.52
788.5	57.159
788.81	60.779
789.12	59.874
789.43	62.042
789.74	63.578
790.05	62.403
790.36	62.924
790.67	62.515
790.98	65.834
791.29	64.658
791.6	63.744
791.91	63.78
792.22	60.469
792.53	59.309
792.84	57.716
793.15	55.684
793.46	53.58
793.77	53.378
794.08	50.849
794.39	47.079
794.7	49.007
795.01	49.854
795.32	47.804
795.63	46.07
795.94	45.804
796.25	45.951
796.56	46.575
796.87	48.259
797.18	46.342
797.49	47.908
797.8	49.79
798.11	49.226
798.42	47.758
798.73	47.804
799.04	48.566
799.35	48.267
799.65	48.73
799.96	48.728
800.27	48.935
800.58	49.372
800.89	50.115
801.2	49.4
801.51	47.833
801.82	51.6
802.13	52.944
802.43	52.116
802.74	55.181
803.05	54.17
803.36	55.16
803.67	53.859
803.98	51.785
804.28	48.526
804.59	49.465
804.9	50.58
805.21	49.506
805.52	48.276
805.83	50.722
806.13	47.889
806.44	50.58
806.75	49.364
807.06	53.363
807.36	53.614
807.67	57.125
807.98	57.411
808.29	57.708
808.6	55.367
808.9	56.978
809.21	55.419
809.52	55.051
809.83	53.138
810.13	52.416
810.44	48.399
810.75	50.197
811.05	48.357
811.36	45.601
811.67	44.587
811.98	45.655
812.28	44.03
812.59	44.722
812.9	44.579
813.2	44.866
813.51	42.135
813.82	40.725
814.12	39.191
814.43	41.014
814.74	40.656
815.04	39.51
815.35	41.915
815.65	42.816
815.96	44.368
816.27	45.762
816.57	46.211
816.88	50.224
817.19	52.317
817.49	55.042
817.8	51.526
818.1	52.624
818.41	53.895
818.72	52.672
819.02	51.561
819.33	52.083
819.63	51.836
819.94	54.332
820.24	51.464
820.55	49.637
820.85	47.838
821.16	49.334
821.47	47.79
821.77	46.907
822.08	46.637
822.38	46.527
822.69	45.787
822.99	46.148
823.3	45.76
823.6	46.66
823.91	46.671
824.21	47.349
824.52	47.424
824.82	48.932
825.13	49.359
825.43	50.683
825.73	51.415
826.04	51.033
826.34	50.875
826.65	50.713
826.95	50.702
827.26	51.902
827.56	50.961
827.87	51.081
828.17	51.168
828.47	50.287
828.78	49.316
829.08	51.081
829.39	52.413
829.69	52.529
829.99	51.537
830.3	49.327
830.6	47.276
830.9	46.328
831.21	41.645
831.51	41.126
831.82	45.005
832.12	44.281
832.42	38.107
832.73	37.31
833.03	36.693
833.33	40.563
833.64	40.881
833.94	43.281
834.24	44.868
834.54	45.649
834.85	43.3
835.15	40.868
835.45	41.1
835.76	43.871
836.06	44.95
836.36	46.182
836.66	43.024
836.97	45.76
837.27	43.695
837.57	42.028
837.87	44.55
838.18	42.959
838.48	46.571
838.78	45.066
839.08	47.612
839.39	43.161
839.69	44.807
839.99	45.345
840.29	47.949
840.59	48.734
840.9	50
841.2	50.035
841.5	50.566
841.8	52.578
842.1	50.934
842.41	39.662
842.71	41.176
843.01	37.028
843.31	39.388
843.61	38.01
843.91	37.783
844.21	26.545
844.52	24.091
844.82	28.228
845.12	18.354
845.42	19.333
845.72	26.1
846.02	26.991
846.32	22.76
846.62	25.898
846.92	20.513
847.22	19.14
847.52	23.29
847.83	27.982
848.13	6.752
848.43	2.799
848.73	-3.873
849.03	7.45
849.33	6.794
849.63	6.552
849.93	-3.093
850.23	-6.284
850.53	-9.684
850.83	7.339
851.13	16.082
851.43	27.716
851.73	42.115
852.03	45.359
852.33	22.844
852.63	30.607
852.93	41.867
853.23	40.525
853.53	45.576
853.83	46.652
854.13	29.389
854.43	24.059
854.73	15.748
855.03	11.085
855.32	25.107
855.62	33.588
855.92	26.05
856.22	33.201
856.52	48.116
856.82	45.876
857.12	44.408
857.42	52.135
857.72	48.054
858.02	61.441
858.31	53.377
858.61	49.51
858.91	47.613
859.21	46.225
859.51	38.005
859.81	36.921
860.11	37.569
860.4	33.873
860.7	25.296
861	23.602
861.3	13.417
861.6	19.518
861.9	23.275
862.19	26.609
862.49	35.158
862.79	40.047
863.09	35.135
863.39	37.032
863.68	42.136
863.98	49.1
864.28	51.736
864.58	55.805
864.87	43.925
865.17	37.352
865.47	33.932
865.77	21.896
866.06	-4.651
866.36	-41.85
866.66	-54.167
866.96	-89.815
867.25	-131.707
867.55	-141.346
867.85	-132.773
868.14	-59.444
868.44	-53.922
868.74	-49.533
869.03	-26.316
869.33	2.941
869.63	23.41
869.92	26.611
870.22	30.667
870.52	37.805
870.81	52.104
871.11	60.885
871.41	59.957
871.7	72.684
872	78.472
872.3	68.329
872.59	62.046
872.89	52.744
873.18	38.786
873.48	27.244
873.78	5.674
874.07	-13.589
874.37	-29.646
874.66	7.373
874.96	16.509
875.25	3.067
875.55	57.143
875.85	62.105
876.14	80.769
876.44	92.308
876.73	77.778
877.03	97.447
877.32	143.716
877.62	151.832
877.91	104.132
878.21	84.512
878.5	61.692
878.8	39.617
879.09	47.558
879.39	38.953
879.68	29.243
879.98	30
880.27	33.574
880.57	26.88
880.86	23.162
881.16	16.541
881.45	14.86
881.74	16.103
882.04	19.252
882.33	21.267
882.63	22.063
882.92	22.789
883.22	24.245
883.51	24.216
883.8	26.472
884.1	27
884.39	31.688
884.69	30.593
884.98	34.945
885.27	33.839
885.57	33.873
885.86	31.59
886.15	33.055
886.45	28.519
886.74	28.826
887.03	25.926
887.33	30.119
887.62	31.587
887.91	-145
888.21	44.792
888.5	40.244
888.79	-388.889
889.09	157.895
