190.56	41.935
190.94	41.935
191.32	41.935
191.7	121.739
192.08	133.333
192.46	66.667
192.84	70.253
193.22	80.263
193.6	85.648
193.98	85.251
194.36	71.951
194.74	75
195.13	100.875
195.51	118.008
195.89	162.703
196.27	165
196.65	204.878
197.03	179.365
197.4	136.53
197.78	141.475
198.16	187.179
198.54	-576.19
198.92	-268.354
199.3	-104.505
199.68	-108.75
200.06	-86.486
200.44	-10.68
200.82	5.844
201.2	22.519
201.58	27.697
201.96	59.847
202.34	51.402
202.72	46.757
203.1	44.872
203.48	39.244
203.86	21.012
204.24	-1.224
204.62	-1.408
205	-36.932
205.38	-102
205.76	-25.926
206.13	-106.863
206.51	-302.632
206.89	129.31
207.27	126.087
207.65	94.805
208.03	-113.043
208.41	222.581
208.79	337.5
209.17	270
209.55	130.973
209.93	161.538
210.3	65.161
210.68	15.676
211.06	12.075
211.44	0.323
211.82	-9.315
212.2	-11.982
212.58	-37.662
212.96	-36.007
213.33	-30.185
213.71	-48.803
214.09	-44.563
214.47	-38.581
214.85	-32.026
215.23	-17.434
215.61	-10.28
215.98	-2.842
216.36	-5.609
216.74	-7.568
217.12	-2.568
217.5	-1.046
217.88	0.528
218.25	-3.66
218.63	3.255
219.01	12.91
219.39	6.881
219.77	10.364
220.14	16.65
220.52	13.609
220.9	21.282
221.28	22.901
221.66	23.608
222.03	25.991
222.41	25.122
222.79	23.353
223.17	20.68
223.55	22.774
223.92	20.6
224.3	16.783
224.68	18.459
225.06	14.966
225.43	15.512
225.81	12.725
226.19	13.407
226.57	9.435
226.95	7.429
227.32	6.461
227.7	4.284
228.08	5.037
228.46	3.606
228.83	3.477
229.21	4.115
229.59	3.413
229.96	3.644
230.34	2.707
230.72	3.58
231.1	3.931
231.47	4.147
231.85	4.959
232.23	4.922
232.6	6.954
232.98	7.315
233.36	6.206
233.74	5.748
234.11	5.346
234.49	7.116
234.87	7.47
235.24	6.377
235.62	6.322
236	6.828
236.37	6.096
236.75	5.416
237.13	4.726
237.5	3.797
237.88	3.421
238.26	3.686
238.63	2.639
239.01	2.591
239.39	2.921
239.76	2.611
240.14	2.277
240.52	1.723
240.89	1.548
241.27	1.659
241.65	1.891
242.02	2.362
242.4	1.918
242.77	1.884
243.15	2.016
243.53	1.937
243.9	1.748
244.28	1.613
244.66	2.125
245.03	2.224
245.41	2.073
245.78	2.313
246.16	2.324
246.54	2.461
246.91	2.416
247.29	2.136
247.66	2.26
248.04	2.387
248.41	2.683
248.79	2.361
249.17	2.398
249.54	2.489
249.92	2.676
250.29	2.56
250.67	2.401
251.04	2.675
251.42	2.884
251.8	2.815
252.17	2.936
252.55	2.449
252.92	2.566
253.3	2.44
253.67	2.466
254.05	2.136
254.42	2.133
254.8	2.497
255.17	2.438
255.55	2.217
255.92	2.149
256.3	2.062
256.67	2.046
257.05	1.952
257.42	1.974
257.8	1.978
258.17	1.829
258.55	1.75
258.92	1.72
259.3	1.553
259.67	1.545
260.05	1.598
260.42	1.487
260.8	1.355
261.17	1.363
261.55	1.196
261.92	1.222
262.3	0.988
262.67	1.058
263.05	1.055
263.42	1.077
263.79	1.064
264.17	0.912
264.54	0.977
264.92	1.002
265.29	0.97
265.67	1.247
266.04	1.177
266.42	1.655
266.79	1.239
267.16	0.924
267.54	0.804
267.91	0.831
268.29	0.949
268.66	1.108
269.03	1.337
269.41	1.241
269.78	0.955
270.16	0.72
270.53	0.705
270.9	0.896
271.28	1.039
271.65	1.041
272.03	1.142
272.4	1.076
272.77	1.014
273.15	0.898
273.52	0.925
273.89	1.021
274.27	1.217
274.64	1.285
275.01	1.394
275.39	1.433
275.76	1.423
276.14	1.334
276.51	1.172
276.88	1.168
277.26	1.133
277.63	1.233
278	1.375
278.38	1.359
278.75	1.334
279.12	1.267
279.49	1.116
279.87	1.187
280.24	1.149
280.61	1.343
280.99	1.255
281.36	1.398
281.73	1.24
282.11	1.278
282.48	1.178
282.85	1.078
283.22	1.156
283.6	1.372
283.97	1.37
284.34	1.407
284.71	1.314
285.09	1.298
285.46	1.243
285.83	1.253
286.21	1.121
286.58	1.237
286.95	1.466
287.32	1.442
287.7	1.275
288.07	1.532
288.44	1.492
288.81	1.55
289.18	1.527
289.56	1.62
289.93	1.795
290.3	1.722
290.67	1.728
291.05	1.726
291.42	1.812
291.79	2.024
292.16	1.925
292.53	1.962
292.91	2.036
293.28	2.16
293.65	2.24
294.02	2.191
294.39	2.42
294.76	2.54
295.14	2.396
295.51	2.27
295.88	2.127
296.25	2.166
296.62	2.21
297	2.253
297.37	2.369
297.74	2.338
298.11	2.322
298.48	2.29
298.85	2.278
299.22	2.368
299.6	2.466
299.97	2.624
300.34	2.548
300.71	2.608
301.08	2.589
301.45	2.563
301.82	2.511
302.19	2.524
302.56	2.325
302.94	2.244
303.31	2.077
303.68	2.142
304.05	1.924
304.42	1.952
304.79	1.928
305.16	1.853
305.53	1.862
305.9	1.788
306.27	1.912
306.64	2.161
307.02	2.137
307.39	2.35
307.76	2.403
308.13	2.595
308.5	2.684
308.87	2.674
309.24	2.604
309.61	2.504
309.98	2.605
310.35	2.606
310.72	2.711
311.09	2.669
311.46	2.643
311.83	2.683
312.2	2.607
312.57	2.527
312.94	2.552
313.31	2.544
313.68	2.572
314.05	2.552
314.42	2.486
314.79	2.51
315.16	2.604
315.53	2.531
315.9	2.452
316.27	2.514
316.64	2.691
317.01	2.643
317.38	2.834
317.75	2.856
318.12	2.982
318.49	3.119
318.86	3.085
319.23	3.112
319.6	3.311
319.97	3.478
320.34	3.51
320.71	3.464
321.08	3.533
321.45	3.774
321.82	3.975
322.19	3.927
322.55	4.201
322.92	4.347
323.29	4.584
323.66	4.76
324.03	4.904
324.4	5.17
324.77	5.374
325.14	5.718
325.51	5.835
325.88	6.259
326.25	6.711
326.61	6.935
326.98	7.279
327.35	7.673
327.72	7.854
328.09	8.223
328.46	8.699
328.83	8.919
329.2	9.316
329.56	9.785
329.93	10.092
330.3	10.36
330.67	10.699
331.04	11.045
331.41	11.355
331.78	11.877
332.14	12.142
332.51	12.412
332.88	13.003
333.25	13.216
333.62	13.494
333.99	13.636
334.35	13.944
334.72	14.39
335.09	14.519
335.46	14.571
335.83	14.657
336.19	15.091
336.56	15.298
336.93	15.486
337.3	15.645
337.67	15.915
338.03	16.209
338.4	16.34
338.77	16.421
339.14	16.71
339.5	17.226
339.87	17.379
340.24	17.44
340.61	17.362
340.97	17.567
341.34	17.754
341.71	17.939
342.08	18.167
342.44	18.426
342.81	18.49
343.18	18.463
343.55	18.345
343.91	18.485
344.28	18.571
344.65	18.836
345.02	18.854
345.38	18.903
345.75	18.816
346.12	18.819
346.48	18.782
346.85	18.889
347.22	19.204
347.59	19.382
347.95	19.492
348.32	19.315
348.69	19.323
349.05	19.305
349.42	19.226
349.79	19.279
350.15	19.224
350.52	19.274
350.89	19.212
351.25	18.986
351.62	18.878
351.99	18.993
352.35	19.163
352.72	19.244
353.09	19.232
353.45	19.27
353.82	19.22
354.18	19.257
354.55	19.254
354.92	19.255
355.28	19.287
355.65	19.254
356.02	19.113
356.38	19.03
356.75	18.858
357.11	18.751
357.48	18.706
357.85	18.778
358.21	18.624
358.58	18.544
358.94	18.505
359.31	18.438
359.67	18.483
360.04	18.541
360.41	18.39
360.77	18.433
361.14	18.35
361.5	18.432
361.87	18.383
362.23	18.31
362.6	18.292
362.97	18.288
363.33	18.295
363.7	18.228
364.06	18.182
364.43	18.378
364.79	18.36
365.16	18.441
365.52	18.5
365.89	18.6
366.25	18.831
366.62	18.911
366.98	18.962
367.35	19.035
367.71	19.074
368.08	19.066
368.44	19.057
368.81	19.031
369.17	19.165
369.54	19.235
369.9	19.066
370.27	19.014
370.63	18.954
371	19.024
371.36	18.885
371.73	18.932
372.09	19.011
372.45	19.036
372.82	19.057
373.18	18.939
373.55	18.866
373.91	19.01
374.28	19.168
374.64	19.255
375.01	19.251
375.37	19.412
375.73	19.466
376.1	19.55
376.46	19.595
376.83	19.602
377.19	19.796
377.55	19.843
377.92	19.858
378.28	19.936
378.65	20.019
379.01	20.186
379.37	20.295
379.74	20.349
380.1	20.482
380.47	20.617
380.83	20.847
381.19	20.93
381.56	21.196
381.92	21.281
382.28	21.306
382.65	21.369
383.01	21.339
383.37	21.609
383.74	21.804
384.1	21.864
384.46	21.99
384.83	22.273
385.19	22.353
385.55	22.427
385.92	22.692
386.28	22.937
386.64	23.117
387.01	23.269
387.37	23.329
387.73	23.585
388.1	23.726
388.46	23.761
388.82	23.9
389.18	24.175
389.55	24.186
389.91	24.435
390.27	24.636
390.64	24.846
391	25.067
391.36	25.248
391.72	25.215
392.09	25.336
392.45	25.641
392.81	25.77
393.17	25.85
393.54	26.107
393.9	26.181
394.26	26.288
394.62	26.529
394.99	26.693
395.35	26.866
395.71	27.101
396.07	27.317
396.43	27.331
396.8	27.547
397.16	27.975
397.52	28.238
397.88	28.474
398.24	28.627
398.61	28.796
398.97	29.007
399.33	29.234
399.69	29.346
400.05	29.536
400.42	29.866
400.78	30.095
401.14	30.13
401.5	30.172
401.86	30.356
402.22	30.485
402.59	30.598
402.95	30.842
403.31	31.003
403.67	31.253
404.03	31.421
404.39	31.605
404.75	31.657
405.12	31.808
405.48	31.974
405.84	32.045
406.2	32.298
406.56	32.44
406.92	32.591
407.28	32.582
407.64	32.737
408	32.911
408.36	33.038
408.73	33.246
409.09	33.417
409.45	33.644
409.81	33.955
410.17	34.117
410.53	34.269
410.89	34.304
411.25	34.455
411.61	34.611
411.97	34.728
412.33	34.944
412.69	35.124
413.05	35.275
413.41	35.488
413.77	35.569
414.13	35.686
414.5	35.778
414.86	36.083
415.22	36.433
415.58	36.698
415.94	36.952
416.3	37.025
416.66	37.183
417.02	37.219
417.38	37.3
417.74	37.388
418.1	37.512
418.46	37.711
418.82	37.702
419.18	37.826
419.54	37.833
419.9	37.946
420.26	38.167
420.61	38.318
420.97	38.569
421.33	38.758
421.69	38.912
422.05	39.135
422.41	39.373
422.77	39.594
423.13	39.64
423.49	39.864
423.85	39.934
424.21	39.998
424.57	40.036
424.93	40.099
425.29	40.213
425.65	40.326
426.01	40.355
426.36	40.395
426.72	40.515
427.08	40.695
427.44	40.813
427.8	40.878
428.16	40.965
428.52	41.062
428.88	41.125
429.24	41.238
429.59	41.411
429.95	41.6
430.31	41.723
430.67	41.758
431.03	41.94
431.39	41.931
431.75	42.164
432.1	42.449
432.46	42.661
432.82	42.879
433.18	43.026
433.54	43.139
433.9	43.284
434.25	43.472
434.61	43.727
434.97	43.756
435.33	44.024
435.69	44.144
436.04	44.155
436.4	44.385
436.76	44.501
437.12	44.556
437.48	44.652
437.83	44.688
438.19	44.805
438.55	44.939
438.91	45.114
439.27	45.21
439.62	45.447
439.98	45.715
440.34	45.853
440.7	46.086
441.05	46.264
441.41	46.385
441.77	46.614
442.13	46.62
442.48	46.727
442.84	46.895
443.2	47.135
443.56	47.306
443.91	47.362
444.27	47.459
444.63	47.552
444.98	47.751
445.34	47.935
445.7	48.055
446.05	48.286
446.41	48.45
446.77	48.551
447.13	48.56
447.48	48.59
447.84	48.706
448.2	48.767
448.55	48.812
448.91	48.857
449.27	48.871
449.62	48.909
449.98	49.039
450.34	48.957
450.69	49.086
451.05	49.128
451.4	49.222
451.76	49.215
452.12	49.253
452.47	49.292
452.83	49.212
453.19	49.257
453.54	49.241
453.9	49.135
454.25	49.303
454.61	49.353
454.97	49.455
455.32	49.569
455.68	49.728
456.03	49.816
456.39	49.974
456.75	50.183
457.1	50.316
457.46	50.387
457.81	50.352
458.17	50.461
458.52	50.504
458.88	50.637
459.24	50.549
459.59	50.558
459.95	50.545
460.3	50.492
460.66	50.441
461.01	50.44
461.37	50.514
461.72	50.703
462.08	50.57
462.43	50.621
462.79	50.59
463.14	50.697
463.5	50.75
463.85	50.764
464.21	50.792
464.56	50.889
464.92	50.892
465.27	50.923
465.63	50.849
465.98	50.975
466.34	50.833
466.69	50.752
467.05	50.818
467.4	50.81
467.76	50.907
468.11	51.028
468.47	50.995
468.82	51.083
469.18	51.053
469.53	51.099
469.88	51.115
470.24	51.162
470.59	51.335
470.95	51.28
471.3	51.305
471.66	51.359
472.01	51.222
472.36	51.259
472.72	51.338
473.07	51.319
473.43	51.459
473.78	51.403
474.13	51.447
474.49	51.462
474.84	51.57
475.19	51.64
475.55	51.63
475.9	51.717
476.26	51.775
476.61	51.625
476.96	51.668
477.32	51.653
477.67	51.722
478.02	51.777
478.38	51.794
478.73	51.833
479.08	51.865
479.44	51.815
479.79	51.852
480.14	51.899
480.5	52.097
480.85	52.143
481.2	52.19
481.56	52.307
481.91	52.397
482.26	52.45
482.62	52.485
482.97	52.452
483.32	52.465
483.67	52.487
484.03	52.423
484.38	52.4
484.73	52.467
485.08	52.447
485.44	52.439
485.79	52.358
486.14	52.339
486.49	52.292
486.85	52.295
487.2	52.371
487.55	52.418
487.9	52.531
488.26	52.584
488.61	52.583
488.96	52.657
489.31	52.656
489.67	52.777
490.02	52.787
490.37	52.878
490.72	52.98
491.07	52.965
491.43	53.004
491.78	53.104
492.13	53.138
492.48	53.144
492.83	53.22
493.19	53.355
493.54	53.446
493.89	53.578
494.24	53.652
494.59	53.756
494.94	53.925
495.29	54.05
495.65	54.073
496	54.157
496.35	54.249
496.7	54.32
497.05	54.421
497.4	54.473
497.75	54.664
498.11	54.724
498.46	54.745
498.81	54.836
499.16	54.817
499.51	54.895
499.86	54.99
500.21	55.057
500.56	55.059
500.91	55.095
501.26	55.133
501.62	55.026
501.97	55.154
502.32	55.164
502.67	55.222
503.02	55.353
503.37	55.377
503.72	55.537
504.07	55.708
504.42	55.852
504.77	55.877
505.12	55.938
505.47	56.081
505.82	56.116
506.17	56.241
506.52	56.278
506.87	56.332
507.22	56.454
507.57	56.412
507.92	56.467
508.27	56.609
508.62	56.697
508.97	56.932
509.32	57.08
509.67	57.266
510.02	57.527
510.37	57.588
510.72	57.789
511.07	57.882
511.42	57.974
511.77	58.032
512.12	58.15
512.47	58.285
512.82	58.339
513.17	58.35
513.52	58.287
513.87	58.346
514.22	58.406
514.57	58.386
514.91	58.555
515.26	58.761
515.61	58.819
515.96	58.891
516.31	58.991
516.66	59.032
517.01	59.092
517.36	59.19
517.71	59.152
518.06	59.363
518.41	59.493
518.75	59.567
519.1	59.534
519.45	59.677
519.8	59.666
520.15	59.712
520.5	59.836
520.85	59.942
521.19	60.106
521.54	60.328
521.89	60.449
522.24	60.582
522.59	60.604
522.94	60.877
523.28	60.907
523.63	61.012
523.98	61.078
524.33	61.201
524.68	61.258
525.03	61.329
525.37	61.382
525.72	61.477
526.07	61.568
526.42	61.663
526.76	61.743
527.11	61.967
527.46	62.126
527.81	62.178
528.16	62.232
528.5	62.305
528.85	62.344
529.2	62.394
529.55	62.449
529.89	62.477
530.24	62.584
530.59	62.628
530.94	62.655
531.28	62.717
531.63	62.881
531.98	62.984
532.32	63.173
532.67	63.303
533.02	63.381
533.37	63.424
533.71	63.505
534.06	63.511
534.41	63.635
534.75	63.69
535.1	63.75
535.45	63.84
535.79	63.814
536.14	63.829
536.49	63.946
536.83	64.04
537.18	64.155
537.53	64.32
537.87	64.475
538.22	64.46
538.57	64.567
538.91	64.633
539.26	64.776
539.61	65.035
539.95	65.165
540.3	65.262
540.64	65.279
540.99	65.384
541.34	65.42
541.68	65.505
542.03	65.621
542.37	65.666
542.72	65.821
543.07	65.881
543.41	65.937
543.76	66.078
544.1	66.109
544.45	66.297
544.8	66.422
545.14	66.532
545.49	66.75
545.83	66.769
546.18	66.933
546.52	67.024
546.87	67.037
547.21	67.13
547.56	67.124
547.9	67.178
548.25	67.25
548.59	67.323
548.94	67.403
549.29	67.319
549.63	67.51
549.98	67.642
550.32	67.707
550.67	67.878
551.01	67.934
551.35	67.921
551.7	68.101
552.04	68.174
552.39	68.177
552.73	68.28
553.08	68.307
553.42	68.349
553.77	68.293
554.11	68.391
554.46	68.449
554.8	68.608
555.15	68.704
555.49	68.71
555.83	68.64
556.18	68.731
556.52	68.735
556.87	68.916
557.21	68.944
557.56	69.113
557.9	69.107
558.24	69.088
558.59	69.044
558.93	69.202
559.28	69.263
559.62	69.504
559.96	69.501
560.31	69.51
560.65	69.44
560.99	69.601
561.34	69.474
561.68	69.502
562.02	69.73
562.37	69.824
562.71	69.799
563.06	69.843
563.4	69.899
563.74	69.962
564.09	70.152
564.43	70.18
564.77	70.277
565.11	70.494
565.46	70.505
565.8	70.468
566.14	70.523
566.49	70.614
566.83	70.693
567.17	70.763
567.52	71.01
567.86	70.961
568.2	71.061
568.54	70.975
568.89	71.014
569.23	71.157
569.57	71.286
569.91	71.314
570.26	71.524
570.6	71.541
570.94	71.497
571.28	71.358
571.63	71.34
571.97	71.43
572.31	71.459
572.65	71.451
573	71.397
573.34	71.352
573.68	71.41
574.02	71.243
574.36	71.296
574.71	71.459
575.05	71.543
575.39	71.706
575.73	71.841
576.07	71.85
576.42	71.853
576.76	71.975
577.1	71.902
577.44	71.833
577.78	71.994
578.12	72.019
578.46	71.894
578.81	71.906
579.15	71.865
579.49	71.691
579.83	71.722
580.17	71.697
580.51	71.782
580.85	71.929
581.2	72.105
581.54	72.114
581.88	72.11
582.22	72.119
582.56	72.114
582.9	72.139
583.24	72.146
583.58	72.353
583.92	72.447
584.26	72.395
584.6	72.507
584.95	72.37
585.29	72.354
585.63	72.466
585.97	72.55
586.31	72.503
586.65	72.639
586.99	72.809
587.33	72.839
587.67	72.993
588.01	73.216
588.35	73.089
588.69	73.202
589.03	73.345
589.37	73.334
589.71	73.443
590.05	73.692
590.39	73.662
590.73	73.639
591.07	73.701
591.41	73.657
591.75	73.494
592.09	73.686
592.43	73.865
592.77	73.706
593.11	73.763
593.45	73.788
593.79	73.835
594.13	73.878
594.47	73.959
594.81	73.795
595.14	73.901
595.48	73.788
595.82	73.846
596.16	73.73
596.5	73.634
596.84	73.607
597.18	73.7
597.52	73.6
597.86	73.672
598.2	73.564
598.54	73.676
598.87	73.643
599.21	73.763
599.55	73.781
599.89	73.763
600.23	74.166
600.57	74.185
600.91	74.3
601.25	74.446
601.58	74.397
601.92	74.665
602.26	74.629
602.6	74.622
602.94	74.758
603.28	74.785
603.61	74.868
603.95	74.785
604.29	75.017
604.63	74.884
604.97	74.845
605.3	74.906
605.64	74.826
605.98	74.827
606.32	74.967
606.66	74.751
606.99	74.908
607.33	74.944
607.67	74.97
608.01	74.776
608.34	74.762
608.68	74.699
609.02	74.666
609.36	74.74
609.69	74.869
610.03	74.805
610.37	75.043
610.71	74.841
611.04	74.879
611.38	75.001
611.72	75.189
612.06	75.193
612.39	75.291
612.73	75.261
613.07	75.222
613.4	75.182
613.74	75.119
614.08	75.108
614.41	75.048
614.75	75.01
615.09	74.87
615.42	74.664
615.76	74.775
616.1	74.689
616.43	74.863
616.77	74.893
617.11	75.082
617.44	75.104
617.78	75.075
618.12	75.141
618.45	74.976
618.79	74.981
619.13	75.054
619.46	75.156
619.8	75.264
620.13	75.249
620.47	75.176
620.81	75.095
621.14	75.151
621.48	75.077
621.81	75.175
622.15	75.246
622.48	75.294
622.82	75.345
623.16	75.184
623.49	75.372
623.83	75.426
624.16	75.641
624.5	75.639
624.83	75.803
625.17	75.995
625.5	76.12
625.84	76.221
626.18	76.164
626.51	76.261
626.85	76.341
627.18	75.951
627.52	75.894
627.85	76.053
628.19	76.078
628.52	76.024
628.86	75.881
629.19	75.624
629.53	75.703
629.86	75.925
630.19	75.856
630.53	75.897
630.86	76.072
631.2	76.133
631.53	76.165
631.87	75.996
632.2	75.818
632.54	75.916
632.87	76.076
633.2	76.087
633.54	75.914
633.87	76.101
634.21	76.114
634.54	76.027
634.88	76.139
635.21	76.105
635.54	76.272
635.88	76.242
636.21	76.203
636.55	76.265
636.88	76.142
637.21	76.216
637.55	75.901
637.88	75.877
638.21	75.844
638.55	75.692
638.88	75.348
639.21	75.168
639.55	75.444
639.88	75.521
640.21	75.56
640.55	75.87
640.88	75.766
641.21	75.9
641.55	75.915
641.88	76.201
642.21	76.409
642.55	76.476
642.88	76.807
643.21	76.682
643.55	76.676
643.88	76.4
644.21	76.352
644.54	76.368
644.88	76.375
645.21	76.372
645.54	76.22
645.87	76.038
646.21	76.152
646.54	75.902
646.87	75.953
647.2	76.009
647.54	76.088
647.87	75.841
648.2	75.841
648.53	75.901
648.87	75.832
649.2	75.867
649.53	75.921
649.86	75.765
650.19	75.875
650.53	75.895
650.86	75.724
651.19	75.621
651.52	75.661
651.85	75.716
652.18	75.677
652.52	75.995
652.85	76.018
653.18	75.948
653.51	75.994
653.84	76.01
654.17	75.965
654.51	76.007
654.84	76.234
655.17	76.305
655.5	76.297
655.83	76.353
656.16	76.069
656.49	76.17
656.82	76.026
657.15	75.847
657.49	75.902
657.82	75.768
658.15	75.656
658.48	75.298
658.81	75.177
659.14	74.905
659.47	74.9
659.8	74.862
660.13	74.649
660.46	74.725
660.79	74.917
661.12	74.793
661.45	74.779
661.78	75.038
662.11	75.255
662.44	75.515
662.77	75.749
663.1	75.62
663.43	75.567
663.76	75.848
664.09	75.818
664.42	75.482
664.75	75.493
665.08	75.606
665.41	75.122
665.74	75.093
666.07	74.638
666.4	74.584
666.73	74.481
667.06	74.247
667.39	74.148
667.72	74.048
668.05	74.283
668.38	74.103
668.71	74.23
669.04	74.69
669.37	74.51
669.7	74.621
670.03	74.498
670.36	74.673
670.69	74.801
671.01	74.571
671.34	74.658
671.67	74.416
672	74.444
672.33	73.965
672.66	73.65
672.99	73.753
673.32	73.86
673.64	73.893
673.97	73.724
674.3	73.682
674.63	73.686
674.96	73.443
675.29	73.454
675.62	73.387
675.94	73.411
676.27	73.382
676.6	73.194
676.93	72.887
677.26	73.102
677.58	72.991
677.91	72.978
678.24	72.86
678.57	72.991
678.9	73.08
679.22	73.107
679.55	73.124
679.88	73.119
680.21	73.197
680.54	73.149
680.86	72.727
681.19	72.705
681.52	72.649
681.85	72.374
682.17	72.275
682.5	71.976
682.83	71.999
683.16	71.927
683.48	71.721
683.81	71.243
684.14	71.1
684.46	70.997
684.79	70.626
685.12	70.675
685.45	70.914
685.77	70.727
686.1	70.704
686.43	70.332
686.75	70.442
687.08	70.273
687.41	70.685
687.73	70.783
688.06	70.68
688.39	71.187
688.71	70.929
689.04	70.777
689.36	70.839
689.69	70.805
690.02	70.722
690.34	70.855
690.67	70.754
691	70.865
691.32	71.151
691.65	71.455
691.97	70.807
692.3	70.844
692.63	70.415
692.95	70.149
693.28	70.05
693.6	69.558
693.93	68.961
694.26	68.52
694.58	68.088
694.91	67.796
695.23	67.441
695.56	67.569
695.88	67.277
696.21	67.539
696.53	67.663
696.86	67.702
697.18	68.055
697.51	67.41
697.83	67.713
698.16	67.579
698.48	67.257
698.81	67.16
699.13	66.93
699.46	67.047
699.78	67.056
700.11	66.47
700.43	66.209
700.76	65.588
701.08	65.885
701.41	65.645
701.73	65.618
702.06	65.331
702.38	65.411
702.71	65.381
703.03	64.874
703.35	64.895
703.68	65.383
704	65.514
704.33	66.232
704.65	66.051
704.98	65.788
705.3	66.269
705.62	66.549
705.95	66.276
706.27	66.227
706.6	66.587
706.92	66.036
707.24	65.428
707.57	65.054
707.89	64.951
708.21	65.297
708.54	65.532
708.86	64.583
709.18	64.011
709.51	63.908
709.83	64.39
710.15	63.892
710.48	63.682
710.8	63.694
711.12	63.927
711.45	63.924
711.77	63.333
712.09	62.645
712.42	62.465
712.74	62.693
713.06	62.308
713.38	61.06
713.71	60.956
714.03	61.185
714.35	61.096
714.68	60.877
715	60.372
715.32	60.618
715.64	61.029
715.97	60.916
716.29	61.105
716.61	61.032
716.93	60.676
717.25	60.08
717.58	59.67
717.9	60.112
718.22	59.612
718.54	59.452
718.87	58.985
719.19	58.434
719.51	58.757
719.83	58.479
720.15	59.113
720.47	60.282
720.8	60.816
721.12	60.806
721.44	59.928
721.76	59.944
722.08	59.827
722.4	60.303
722.73	60.684
723.05	60.409
723.37	59.967
723.69	59.097
724.01	58.818
724.33	58.714
724.65	58.715
724.97	58.037
725.3	57.771
725.62	57.779
725.94	57.735
726.26	57.809
726.58	58.069
726.9	58.497
727.22	58.968
727.54	58.659
727.86	58.663
728.18	58.529
728.5	58.919
728.82	58.801
729.14	59.214
729.46	58.458
729.78	58.22
730.1	58.088
730.42	57.108
730.74	56.826
731.07	57.167
731.39	57.455
731.71	57.596
732.03	57.931
732.35	58.051
732.66	57.531
732.98	58.468
733.3	58.264
733.62	57.996
733.94	58.593
734.26	57.853
734.58	57.139
734.9	57.1
735.22	56.741
735.54	56.614
735.86	56.27
736.18	56.513
736.5	55.525
736.82	55.031
737.14	54.816
737.46	54.545
737.78	55.235
738.1	55.517
738.41	54.313
738.73	53.865
739.05	53.978
739.37	54.545
739.69	54.475
740.01	54.94
740.33	56.044
740.65	56.1
740.96	56.436
741.28	55.835
741.6	55.582
741.92	55.965
742.24	56.268
742.56	56.016
742.88	54.942
743.19	54.449
743.51	53.986
743.83	51.969
744.15	52.345
744.47	51.246
744.78	52.864
745.1	53.663
745.42	53.841
745.74	54.02
746.06	54.468
746.37	55.504
746.69	55.802
747.01	55.779
747.33	56.852
747.64	56.07
747.96	56.027
748.28	53.362
748.6	52.25
748.91	52.69
749.23	52.541
749.55	52.494
749.87	52.623
750.18	51.436
750.5	51.284
750.82	51.92
751.13	52.653
751.45	52.877
751.77	54.149
752.08	54.363
752.4	54.081
752.72	54.346
753.03	54.819
753.35	54.186
753.67	55.663
753.98	55.111
754.3	54.252
754.62	53.407
754.93	53.08
755.25	52.94
755.57	52.375
755.88	52.034
756.2	51.582
756.51	50.581
756.83	49.993
757.15	48.289
757.46	49.48
757.78	50.488
758.09	50.545
758.41	50.563
758.73	50.538
759.04	51.448
759.36	51.256
759.67	51.348
759.99	50.671
760.3	51.211
760.62	51.012
760.94	49.564
761.25	48.184
761.57	47.226
761.88	48.029
762.2	47.004
762.51	46.736
762.83	46.633
763.14	45.776
763.46	45.44
763.77	45.666
764.09	46.657
764.4	47.317
764.72	47.744
765.03	47.918
765.35	47.252
765.66	47.768
765.98	47.73
766.29	48.1
766.61	48.88
766.92	50.281
767.23	49.546
767.55	48.601
767.86	46.948
768.18	47.07
768.49	46.588
768.81	46.187
769.12	45.294
769.43	45.107
769.75	44.517
770.06	43.27
770.38	43.432
770.69	44.08
771	45.274
771.32	46.496
771.63	46.656
771.94	47.997
772.26	49.194
772.57	50.137
772.89	50.702
773.2	50.933
773.51	52.14
773.83	51.61
774.14	50.464
774.45	49.219
774.77	49.554
775.08	47.972
775.39	46.355
775.7	43.982
776.02	42.77
776.33	41.783
776.64	41.779
776.96	40.465
777.27	39.517
777.58	38.829
777.89	38.61
778.21	38.658
778.52	38.366
778.83	39.452
779.14	41.808
779.46	43.656
779.77	42.81
780.08	43.076
780.39	43.86
780.71	43.462
781.02	45.01
781.33	44.87
781.64	45.232
781.95	46.941
782.27	47.354
782.58	47.634
782.89	47.162
783.2	47.551
783.51	45.768
783.83	47.328
784.14	47.229
784.45	46.583
784.76	47.122
785.07	45.177
785.38	44.831
785.7	43.605
786.01	41.593
786.32	41.455
786.63	42.229
786.94	44.22
787.25	43.218
787.56	42.782
787.87	42.9
788.18	43.665
788.5	44.512
788.81	44.604
789.12	44.966
789.43	44.835
789.74	44.851
790.05	44.078
790.36	40.642
790.67	39.61
790.98	40.979
791.29	41.527
791.6	39.401
791.91	39.578
792.22	38.55
792.53	38.897
792.84	39.9
793.15	38.393
793.46	39.403
793.77	43.259
794.08	45.534
794.39	44.205
794.7	41.642
795.01	41.852
795.32	40.968
795.63	41.173
795.94	40.066
796.25	39.095
796.56	39.022
796.87	37.026
797.18	36.219
797.49	34.425
797.8	35.668
798.11	36.586
798.42	38.526
798.73	37.422
799.04	36.783
799.35	35.56
799.65	36.949
799.96	37.542
800.27	38.117
800.58	38.389
800.89	37.269
801.2	36.287
801.51	37.5
801.82	33.828
802.13	34.836
802.43	34.87
802.74	35.906
803.05	30.991
803.36	29.245
803.67	29.298
803.98	26.766
804.28	30.689
804.59	31.575
804.9	31.108
805.21	32.571
805.52	33.874
805.83	31.873
806.13	33.148
806.44	35.422
806.75	36.292
807.06	36.145
807.36	36.465
807.67	35
807.98	34.794
808.29	35.292
808.6	36.487
808.9	34.497
809.21	33.921
809.52	32.961
809.83	31.836
810.13	34.861
810.44	35.706
810.75	36.563
811.05	35.248
811.36	35.047
811.67	33.931
811.98	34.534
812.28	35.662
812.59	39.255
812.9	41.052
813.2	43.283
813.51	38.854
813.82	39.018
814.12	38.545
814.43	38.408
814.74	34.262
815.04	33.13
815.35	34.371
815.65	34.409
815.96	33.042
816.27	33.295
816.57	31.898
816.88	36.729
817.19	36.156
817.49	35.307
817.8	34.377
818.1	36.822
818.41	39.644
818.72	37.736
819.02	36.688
819.33	35.956
819.63	34.82
819.94	35.959
820.24	33.041
820.55	31.566
820.85	31.845
821.16	32.524
821.47	33.273
821.77	33.406
822.08	33.223
822.38	33.939
822.69	33.933
822.99	34.066
823.3	34.557
823.6	34.709
823.91	35.376
824.21	35.948
824.52	36.321
824.82	36.353
825.13	36.485
825.43	37.437
825.73	37.384
826.04	36.433
826.34	35.803
826.65	33.771
826.95	33.198
827.26	32.008
827.56	30.954
827.87	30.319
828.17	29.374
828.47	29.44
828.78	29.504
829.08	28.173
829.39	30.306
829.69	29.61
829.99	30.942
830.3	32.812
830.6	33.85
830.9	32.869
831.21	34.856
831.51	35.958
831.82	35.863
832.12	34.559
832.42	36.388
832.73	35.616
833.03	37.852
833.33	37.386
833.64	35.099
833.94	35.877
834.24	38.036
834.54	36.69
834.85	37.041
835.15	34.341
835.45	34.412
835.76	33.707
836.06	32.97
836.36	34.019
836.66	31.9
836.97	33.907
837.27	33.264
837.57	31.184
837.87	31.308
838.18	31.569
838.48	38.45
838.78	38.557
839.08	39.236
839.39	36.274
839.69	32.651
839.99	35.327
840.29	29.652
840.59	28.684
840.9	29.109
841.2	30
841.5	26.851
841.8	21.745
842.1	19.029
842.41	19.489
842.71	24.544
843.01	27.297
843.31	28.137
843.61	30.935
843.91	30.97
844.21	26.558
844.52	16.392
844.82	12.574
845.12	17.151
845.42	15.789
845.72	17.322
846.02	16.916
846.32	11.244
846.62	13.196
846.92	12.5
847.22	14.947
847.52	16.986
847.83	26.351
848.13	36.074
848.43	29.581
848.73	30.303
849.03	26.073
849.33	27.439
849.63	39.503
849.93	38.021
850.23	48.777
850.53	45.558
850.83	46.886
851.13	42.362
851.43	38.54
851.73	42.049
852.03	49.455
852.33	43.824
852.63	39.658
852.93	27.835
853.23	35.169
853.53	14.87
853.83	10.066
854.13	1.852
854.43	-8.1
854.73	-4.305
855.03	-11.411
855.32	-17.877
855.62	-8.065
855.92	-28.024
856.22	-26.214
856.52	-36.25
856.82	-25.57
857.12	-12.955
857.42	-16.78
857.72	-2.524
858.02	-13.386
858.31	-3.131
858.61	3.759
858.91	19.314
859.21	26.99
859.51	25.271
859.81	12.973
860.11	6.947
860.4	6.667
860.7	12.419
861	-11.538
861.3	-3.643
861.6	-18.437
861.9	-28.195
862.19	-35.155
862.49	-40.07
862.79	-27.397
863.09	-13.285
863.39	-9.321
863.68	-15.075
863.98	-22.402
864.28	-7.561
864.58	-9.157
864.87	1.047
865.17	9.736
865.47	10.526
865.77	17.56
866.06	18.011
866.36	22.785
866.66	31.185
866.96	34.197
867.25	41.683
867.55	44.292
867.85	44.325
868.14	44.512
868.44	39.895
868.74	40.798
869.03	33.652
869.33	31.059
869.63	26.859
869.92	14.127
870.22	11.095
870.52	-3.865
870.81	-21.974
871.11	-13.559
871.41	-13.824
871.7	-12.614
872	-26.07
872.3	-2.637
872.59	-15.739
872.89	-28.638
873.18	-6.68
873.48	6.429
873.78	6.139
874.07	-8.929
874.37	-26.471
874.66	-35.453
874.96	-30.8
875.25	-22.677
875.55	-22.876
875.85	-17.13
876.14	-18.234
876.44	-27.052
876.73	-16.524
877.03	-15.066
877.32	-0.554
877.62	9.066
877.91	5
878.21	4.525
878.5	9.219
878.8	-10.87
879.09	-0.632
879.39	-2.885
879.68	-13.589
879.98	-41.892
880.27	-24.265
880.57	-3.752
880.86	2.011
881.16	7.618
881.45	8.54
881.74	11.649
882.04	14.801
882.33	13.336
882.63	14.789
882.92	13.467
883.22	14.53
883.51	15.47
883.8	14.61
884.1	14.42
884.39	15.091
884.69	14.975
884.98	13.662
885.27	14.244
885.57	14.434
885.86	12.69
886.15	15.97
886.45	16.231
886.74	13.017
887.03	4.436
887.33	0.538
887.62	0.966
887.91	47.368
888.21	-9.574
888.5	-183.871
888.79	466.667
889.09	12.222
