190.56	93.421
190.94	93.421
191.32	93.421
191.7	-300
192.08	547.059
192.46	567.857
192.84	-1181.579
193.22	-248.235
193.6	-154.577
193.98	-98.261
194.36	-62.865
194.74	-60.054
195.13	-112.222
195.51	-54.658
195.89	-71.672
196.27	-138.756
196.65	-208.784
197.03	-266.667
197.4	-673.77
197.78	1863.636
198.16	546.875
198.54	466.165
198.92	583.636
199.3	1669.444
199.68	1533.333
200.06	1456.522
200.44	3045.455
200.82	-898.592
201.2	-775.362
201.58	-768.571
201.96	-270.857
202.34	-241.451
202.72	-159.023
203.1	-170.242
203.48	-226.786
203.86	-150.192
204.24	-146.36
204.62	-104.321
205	-104.204
205.38	-98.947
205.76	-67.793
206.13	-82.878
206.51	-87.186
206.89	-104.595
207.27	-78.465
207.65	-81.754
208.03	-96.145
208.41	-97.403
208.79	-84.44
209.17	-98.222
209.55	-92.569
209.93	-95.662
210.3	-105.208
210.68	-103.553
211.06	-103.158
211.44	-80.806
211.82	-50.476
212.2	-53.663
212.58	-44.697
212.96	-52.151
213.33	-53.142
213.71	-59.924
214.09	-69.043
214.47	-62.52
214.85	-65.507
215.23	-56.073
215.61	-57.888
215.98	-89.058
216.36	-87.374
216.74	-86.074
217.12	-88.734
217.5	-81.325
217.88	-87.02
218.25	-69.448
218.63	-63.191
219.01	-53.99
219.39	-47.689
219.77	-61.499
220.14	-46.069
220.52	-44.385
220.9	-33.196
221.28	-34.009
221.66	-32.068
222.03	-27.627
222.41	-27.022
222.79	-24.313
223.17	-24.063
223.55	-27.446
223.92	-19.02
224.3	-15.575
224.68	-12.741
225.06	-13.195
225.43	-10.546
225.81	-10.166
226.19	-7.498
226.57	-6.707
226.95	-5.167
227.32	-2.492
227.7	-1.026
228.08	-0.842
228.46	-0.801
228.83	-0.068
229.21	1.052
229.59	1.839
229.96	2.05
230.34	2.228
230.72	2.426
231.1	2.368
231.47	1.983
231.85	1.638
232.23	1.163
232.6	1.302
232.98	0.374
233.36	-0.969
233.74	-1.448
234.11	-1.469
234.49	-2.119
234.87	-2.532
235.24	-1.402
235.62	-1.148
236	-0.34
236.37	-0.469
236.75	0.052
237.13	0.752
237.5	0.261
237.88	1.218
238.26	0.849
238.63	0.784
239.01	1.192
239.39	1.414
239.76	0.539
240.14	0.148
240.52	1.067
240.89	0.749
241.27	1.016
241.65	1.019
242.02	0.385
242.4	0.771
242.77	1.182
243.15	0.892
243.53	0.885
243.9	1.375
244.28	1.516
244.66	1.363
245.03	1.428
245.41	1.487
245.78	2.02
246.16	2.183
246.54	2.159
246.91	2.326
247.29	2.483
247.66	2.405
248.04	2.464
248.41	2.505
248.79	2.298
249.17	2.303
249.54	2.322
249.92	2.112
250.29	2.073
250.67	1.894
251.04	1.512
251.42	1.503
251.8	1.214
252.17	1.151
252.55	1.043
252.92	1.322
253.3	1.253
253.67	0.958
254.05	0.887
254.42	1.057
254.8	0.619
255.17	0.089
255.55	0.231
255.92	0.846
256.3	0.988
256.67	1.36
257.05	1
257.42	1.078
257.8	1.531
258.17	1.794
258.55	2.077
258.92	2.431
259.3	2.658
259.67	2.695
260.05	2.489
260.42	2.315
260.8	2.268
261.17	2.438
261.55	2.527
261.92	2.55
262.3	2.512
262.67	2.28
263.05	2.316
263.42	2.358
263.79	2.163
264.17	2.02
264.54	2.172
264.92	2.1
265.29	1.995
265.67	2.103
266.04	2.222
266.42	2.204
266.79	2.252
267.16	2.12
267.54	1.856
267.91	1.98
268.29	2.182
268.66	2.045
269.03	2.061
269.41	2.169
269.78	2.043
270.16	1.827
270.53	1.789
270.9	1.864
271.28	2.007
271.65	2.102
272.03	2.155
272.4	2.133
272.77	2.173
273.15	2.244
273.52	2.258
273.89	2.393
274.27	2.598
274.64	2.738
275.01	2.678
275.39	2.557
275.76	2.42
276.14	2.32
276.51	2.165
276.88	2.142
277.26	2.244
277.63	2.197
278	2.092
278.38	1.995
278.75	1.996
279.12	2.11
279.49	1.982
279.87	2.168
280.24	2.166
280.61	2.301
280.99	2.368
281.36	2.3
281.73	2.328
282.11	2.433
282.48	2.464
282.85	2.448
283.22	2.462
283.6	2.48
283.97	2.479
284.34	2.395
284.71	2.52
285.09	2.459
285.46	2.369
285.83	2.312
286.21	2.159
286.58	2.197
286.95	2.154
287.32	1.999
287.7	2.044
288.07	2.046
288.44	2.251
288.81	2.255
289.18	2.354
289.56	2.292
289.93	2.333
290.3	2.327
290.67	2.226
291.05	2.274
291.42	2.268
291.79	2.446
292.16	2.469
292.53	2.451
292.91	2.419
293.28	2.45
293.65	2.583
294.02	2.538
294.39	2.596
294.76	2.707
295.14	2.718
295.51	2.88
295.88	2.713
296.25	2.735
296.62	2.741
297	2.751
297.37	2.693
297.74	2.772
298.11	2.772
298.48	2.882
298.85	2.68
299.22	2.533
299.6	2.431
299.97	2.579
300.34	2.617
300.71	2.511
301.08	2.471
301.45	2.405
301.82	2.428
302.19	2.507
302.56	2.276
302.94	2.295
303.31	2.429
303.68	2.393
304.05	2.414
304.42	2.208
304.79	2.278
305.16	2.112
305.53	2.142
305.9	2.019
306.27	2.041
306.64	2.191
307.02	2.252
307.39	2.261
307.76	2.353
308.13	2.27
308.5	2.385
308.87	2.392
309.24	2.445
309.61	2.53
309.98	2.483
310.35	2.546
310.72	2.554
311.09	2.712
311.46	2.778
311.83	2.835
312.2	2.73
312.57	2.788
312.94	2.788
313.31	2.976
313.68	3.007
314.05	3.008
314.42	2.986
314.79	3.157
315.16	3.171
315.53	3.103
315.9	3.05
316.27	3.145
316.64	3.04
317.01	3.008
317.38	2.903
317.75	2.968
318.12	2.977
318.49	2.883
318.86	2.754
319.23	2.694
319.6	2.627
319.97	2.618
320.34	2.646
320.71	2.576
321.08	2.718
321.45	2.717
321.82	2.539
322.19	2.52
322.55	2.602
322.92	2.682
323.29	2.577
323.66	2.65
324.03	2.58
324.4	2.57
324.77	2.709
325.14	2.691
325.51	2.839
325.88	2.983
326.25	3.076
326.61	3.098
326.98	2.877
327.35	3.02
327.72	3.018
328.09	3.318
328.46	3.501
328.83	3.387
329.2	3.304
329.56	3.399
329.93	3.357
330.3	3.406
330.67	3.523
331.04	3.782
331.41	3.643
331.78	3.665
332.14	3.548
332.51	3.338
332.88	3.483
333.25	3.539
333.62	3.334
333.99	3.349
334.35	3.378
334.72	3.313
335.09	3.202
335.46	3.258
335.83	3.279
336.19	3.463
336.56	3.712
336.93	3.697
337.3	3.918
337.67	4.027
338.03	3.997
338.4	3.971
338.77	3.961
339.14	4.084
339.5	4.268
339.87	4.462
340.24	4.346
340.61	4.263
340.97	4.409
341.34	4.296
341.71	4.298
342.08	4.418
342.44	4.586
342.81	4.618
343.18	4.633
343.55	4.563
343.91	4.579
344.28	4.577
344.65	4.53
345.02	4.54
345.38	4.651
345.75	4.697
346.12	4.668
346.48	4.527
346.85	4.396
347.22	4.338
347.59	4.399
347.95	4.351
348.32	4.456
348.69	4.505
349.05	4.387
349.42	4.248
349.79	4.176
350.15	4.218
350.52	4.307
350.89	4.453
351.25	4.454
351.62	4.408
351.99	4.38
352.35	4.377
352.72	4.401
353.09	4.465
353.45	4.503
353.82	4.571
354.18	4.564
354.55	4.504
354.92	4.533
355.28	4.585
355.65	4.577
356.02	4.559
356.38	4.376
356.75	4.531
357.11	4.527
357.48	4.51
357.85	4.465
358.21	4.443
358.58	4.48
358.94	4.526
359.31	4.561
359.67	4.583
360.04	4.633
360.41	4.678
360.77	4.55
361.14	4.572
361.5	4.566
361.87	4.541
362.23	4.604
362.6	4.632
362.97	4.584
363.33	4.553
363.7	4.597
364.06	4.554
364.43	4.593
364.79	4.614
365.16	4.643
365.52	4.73
365.89	4.717
366.25	4.641
366.62	4.641
366.98	4.605
367.35	4.659
367.71	4.55
368.08	4.541
368.44	4.582
368.81	4.672
369.17	4.643
369.54	4.654
369.9	4.876
370.27	4.951
370.63	4.872
371	4.924
371.36	4.875
371.73	4.953
372.09	4.963
372.45	4.951
372.82	4.938
373.18	4.889
373.55	4.848
373.91	4.759
374.28	4.764
374.64	4.854
375.01	4.832
375.37	4.79
375.73	4.849
376.1	4.903
376.46	4.888
376.83	4.843
377.19	4.847
377.55	4.792
377.92	4.796
378.28	4.807
378.65	4.766
379.01	4.818
379.37	4.874
379.74	4.801
380.1	4.799
380.47	4.8
380.83	4.756
381.19	4.784
381.56	4.874
381.92	4.86
382.28	4.841
382.65	4.896
383.01	4.971
383.37	4.979
383.74	5.036
384.1	5.052
384.46	5.117
384.83	5.127
385.19	5.17
385.55	5.115
385.92	5.118
386.28	5.088
386.64	5.076
387.01	4.915
387.37	4.882
387.73	4.842
388.1	4.771
388.46	4.716
388.82	4.732
389.18	4.725
389.55	4.723
389.91	4.756
390.27	4.71
390.64	4.719
391	4.781
391.36	4.765
391.72	4.83
392.09	4.869
392.45	4.934
392.81	5.024
393.17	4.978
393.54	4.993
393.9	5.049
394.26	5.062
394.62	4.971
394.99	4.974
395.35	5.009
395.71	4.938
396.07	4.932
396.43	4.828
396.8	4.708
397.16	4.728
397.52	4.68
397.88	4.535
398.24	4.548
398.61	4.616
398.97	4.639
399.33	4.696
399.69	4.73
400.05	4.716
400.42	4.687
400.78	4.754
401.14	4.76
401.5	4.812
401.86	4.911
402.22	4.96
402.59	4.957
402.95	4.933
403.31	4.89
403.67	4.865
404.03	4.855
404.39	4.862
404.75	4.867
405.12	4.882
405.48	4.852
405.84	4.831
406.2	4.82
406.56	4.844
406.92	4.851
407.28	4.826
407.64	4.802
408	4.786
408.36	4.821
408.73	4.782
409.09	4.801
409.45	4.851
409.81	4.82
410.17	4.89
410.53	4.84
410.89	4.804
411.25	4.819
411.61	4.764
411.97	4.776
412.33	4.734
412.69	4.686
413.05	4.591
413.41	4.553
413.77	4.482
414.13	4.425
414.5	4.413
414.86	4.386
415.22	4.405
415.58	4.537
415.94	4.586
416.3	4.67
416.66	4.711
417.02	4.714
417.38	4.709
417.74	4.787
418.1	4.764
418.46	4.745
418.82	4.731
419.18	4.741
419.54	4.65
419.9	4.613
420.26	4.591
420.61	4.565
420.97	4.613
421.33	4.659
421.69	4.645
422.05	4.642
422.41	4.62
422.77	4.628
423.13	4.555
423.49	4.59
423.85	4.618
424.21	4.604
424.57	4.625
424.93	4.593
425.29	4.499
425.65	4.464
426.01	4.419
426.36	4.442
426.72	4.463
427.08	4.489
427.44	4.424
427.8	4.312
428.16	4.274
428.52	4.19
428.88	4.12
429.24	4.08
429.59	3.995
429.95	4.005
430.31	3.928
430.67	3.908
431.03	3.873
431.39	3.822
431.75	3.846
432.1	3.829
432.46	3.795
432.82	3.795
433.18	3.768
433.54	3.727
433.9	3.641
434.25	3.618
434.61	3.468
434.97	3.406
435.33	3.384
435.69	3.313
436.04	3.179
436.4	3.208
436.76	3.166
437.12	3.111
437.48	3.16
437.83	3.171
438.19	3.163
438.55	3.24
438.91	3.272
439.27	3.229
439.62	3.236
439.98	3.258
440.34	3.234
440.7	3.155
441.05	3.154
441.41	3.084
441.77	3.036
442.13	2.96
442.48	2.901
442.84	2.811
443.2	2.809
443.56	2.752
443.91	2.739
444.27	2.665
444.63	2.726
444.98	2.771
445.34	2.809
445.7	2.849
446.05	2.886
446.41	2.902
446.77	2.925
447.13	2.974
447.48	2.983
447.84	3.016
448.2	3.025
448.55	3.016
448.91	2.995
449.27	3.003
449.62	3.001
449.98	2.99
450.34	3.016
450.69	3.058
451.05	3.028
451.4	3.102
451.76	3.154
452.12	3.21
452.47	3.231
452.83	3.3
453.19	3.342
453.54	3.386
453.9	3.57
454.25	3.644
454.61	3.665
454.97	3.684
455.32	3.726
455.68	3.731
456.03	3.798
456.39	3.947
456.75	4.082
457.1	4.137
457.46	4.184
457.81	4.163
458.17	4.204
458.52	4.311
458.88	4.397
459.24	4.484
459.59	4.533
459.95	4.602
460.3	4.607
460.66	4.547
461.01	4.611
461.37	4.649
461.72	4.693
462.08	4.72
462.43	4.737
462.79	4.773
463.14	4.719
463.5	4.76
463.85	4.708
464.21	4.663
464.56	4.676
464.92	4.663
465.27	4.656
465.63	4.651
465.98	4.679
466.34	4.69
466.69	4.725
467.05	4.744
467.4	4.739
467.76	4.796
468.11	4.807
468.47	4.877
468.82	4.825
469.18	4.821
469.53	4.801
469.88	4.749
470.24	4.726
470.59	4.717
470.95	4.716
471.3	4.771
471.66	4.812
472.01	4.853
472.36	4.84
472.72	4.864
473.07	4.904
473.43	4.969
473.78	4.995
474.13	4.937
474.49	4.921
474.84	4.906
475.19	4.896
475.55	4.847
475.9	4.868
476.26	4.834
476.61	4.824
476.96	4.844
477.32	4.856
477.67	4.871
478.02	4.926
478.38	4.975
478.73	5.039
479.08	5.03
479.44	5.07
479.79	5.032
480.14	5.05
480.5	5.074
480.85	5.082
481.2	5.045
481.56	5.073
481.91	5.107
482.26	5.106
482.62	5.142
482.97	5.176
483.32	5.196
483.67	5.241
484.03	5.262
484.38	5.262
484.73	5.247
485.08	5.268
485.44	5.277
485.79	5.273
486.14	5.293
486.49	5.265
486.85	5.248
487.2	5.238
487.55	5.208
487.9	5.224
488.26	5.247
488.61	5.282
488.96	5.28
489.31	5.294
489.67	5.275
490.02	5.25
490.37	5.265
490.72	5.249
491.07	5.266
491.43	5.259
491.78	5.238
492.13	5.222
492.48	5.212
492.83	5.202
493.19	5.12
493.54	5.147
493.89	5.146
494.24	5.119
494.59	5.086
494.94	5.016
495.29	4.988
495.65	4.921
496	4.894
496.35	4.855
496.7	4.843
497.05	4.946
497.4	4.904
497.75	4.862
498.11	4.82
498.46	4.809
498.81	4.732
499.16	4.748
499.51	4.758
499.86	4.72
500.21	4.641
500.56	4.615
500.91	4.477
501.26	4.42
501.62	4.371
501.97	4.341
502.32	4.308
502.67	4.351
503.02	4.328
503.37	4.274
503.72	4.256
504.07	4.319
504.42	4.296
504.77	4.306
505.12	4.295
505.47	4.333
505.82	4.315
506.17	4.354
506.52	4.298
506.87	4.274
507.22	4.224
507.57	4.214
507.92	4.173
508.27	4.145
508.62	4.122
508.97	4.14
509.32	4.107
509.67	4.105
510.02	4.048
510.37	4.068
510.72	4.047
511.07	4.108
511.42	4.104
511.77	4.069
512.12	4.042
512.47	4.013
512.82	3.983
513.17	4.011
513.52	3.979
513.87	3.976
514.22	3.927
514.57	3.941
514.91	3.894
515.26	3.883
515.61	3.899
515.96	3.922
516.31	3.989
516.66	4.02
517.01	4.036
517.36	4.057
517.71	4.077
518.06	4.118
518.41	4.109
518.75	4.117
519.1	4.125
519.45	4.103
519.8	4.09
520.15	4.033
520.5	4.005
520.85	3.949
521.19	3.959
521.54	3.919
521.89	3.847
522.24	3.765
522.59	3.724
522.94	3.725
523.28	3.731
523.63	3.734
523.98	3.754
524.33	3.774
524.68	3.824
525.03	3.834
525.37	3.854
525.72	3.924
526.07	4.022
526.42	4.119
526.76	4.18
527.11	4.277
527.46	4.343
527.81	4.416
528.16	4.462
528.5	4.479
528.85	4.485
529.2	4.506
529.55	4.511
529.89	4.499
530.24	4.472
530.59	4.429
530.94	4.341
531.28	4.296
531.63	4.259
531.98	4.211
532.32	4.162
532.67	4.153
533.02	4.138
533.37	4.135
533.71	4.121
534.06	4.097
534.41	4.09
534.75	4.078
535.1	4.062
535.45	4.001
535.79	3.926
536.14	3.915
536.49	3.853
536.83	3.801
537.18	3.754
537.53	3.718
537.87	3.705
538.22	3.713
538.57	3.745
538.91	3.738
539.26	3.76
539.61	3.83
539.95	3.867
540.3	3.92
540.64	4.022
540.99	4.074
541.34	4.12
541.68	4.141
542.03	4.139
542.37	4.112
542.72	4.11
543.07	4.068
543.41	4.007
543.76	3.891
544.1	3.808
544.45	3.645
544.8	3.57
545.14	3.477
545.49	3.441
545.83	3.39
546.18	3.337
546.52	3.283
546.87	3.255
547.21	3.238
547.56	3.273
547.9	3.296
548.25	3.27
548.59	3.176
548.94	3.105
549.29	3.006
549.63	2.888
549.98	2.856
550.32	2.761
550.67	2.738
551.01	2.723
551.35	2.701
551.7	2.663
552.04	2.741
552.39	2.772
552.73	2.804
553.08	2.844
553.42	2.9
553.77	2.907
554.11	2.916
554.46	2.885
554.8	2.859
555.15	2.824
555.49	2.804
555.83	2.724
556.18	2.734
556.52	2.733
556.87	2.703
557.21	2.696
557.56	2.664
557.9	2.691
558.24	2.7
558.59	2.677
558.93	2.691
559.28	2.674
559.62	2.65
559.96	2.576
560.31	2.541
560.65	2.509
560.99	2.493
561.34	2.502
561.68	2.478
562.02	2.474
562.37	2.56
562.71	2.538
563.06	2.567
563.4	2.61
563.74	2.647
564.09	2.73
564.43	2.776
564.77	2.801
565.11	2.858
565.46	2.89
565.8	2.937
566.14	2.872
566.49	2.863
566.83	2.891
567.17	2.935
567.52	2.961
567.86	2.889
568.2	2.901
568.54	2.967
568.89	2.923
569.23	2.961
569.57	2.984
569.91	3.095
570.26	3.181
570.6	3.116
570.94	3.141
571.28	3.163
571.63	3.225
571.97	3.258
572.31	3.196
572.65	3.323
573	3.327
573.34	3.317
573.68	3.273
574.02	3.207
574.36	3.27
574.71	3.217
575.05	3.183
575.39	3.145
575.73	3.109
576.07	3.049
576.42	2.927
576.76	2.848
577.1	2.769
577.44	2.702
577.78	2.708
578.12	2.59
578.46	2.516
578.81	2.485
579.15	2.466
579.49	2.421
579.83	2.404
580.17	2.49
580.51	2.543
580.85	2.545
581.2	2.572
581.54	2.603
581.88	2.69
582.22	2.73
582.56	2.718
582.9	2.74
583.24	2.791
583.58	2.847
583.92	2.78
584.26	2.724
584.6	2.791
584.95	2.742
585.29	2.678
585.63	2.654
585.97	2.685
586.31	2.673
586.65	2.694
586.99	2.693
587.33	2.782
587.67	2.716
588.01	2.738
588.35	2.661
588.69	2.719
589.03	2.836
589.37	2.9
589.71	2.892
590.05	2.944
590.39	2.927
590.73	2.939
591.07	2.913
591.41	3.013
591.75	3.047
592.09	3.136
592.43	3.167
592.77	3.177
593.11	3.274
593.45	3.335
593.79	3.307
594.13	3.436
594.47	3.46
594.81	3.517
595.14	3.643
595.48	3.786
595.82	3.863
596.16	3.936
596.5	4.047
596.84	3.974
597.18	4.045
597.52	4.114
597.86	4.034
598.2	3.991
598.54	4.004
598.87	3.922
599.21	3.859
599.55	3.789
599.89	3.738
600.23	3.646
600.57	3.704
600.91	3.636
601.25	3.728
601.58	3.862
601.92	3.91
602.26	3.942
602.6	3.926
602.94	4.049
603.28	4.126
603.61	4.229
603.95	4.333
604.29	4.423
604.63	4.498
604.97	4.54
605.3	4.466
605.64	4.557
605.98	4.551
606.32	4.589
606.66	4.55
606.99	4.526
607.33	4.514
607.67	4.432
608.01	4.375
608.34	4.389
608.68	4.318
609.02	4.348
609.36	4.334
609.69	4.381
610.03	4.366
610.37	4.293
610.71	4.264
611.04	4.178
611.38	4.108
611.72	4.055
612.06	4.033
612.39	3.996
612.73	3.984
613.07	3.918
613.4	3.871
613.74	3.874
614.08	3.908
614.41	3.921
614.75	3.984
615.09	3.989
615.42	4.018
615.76	3.965
616.1	4.063
616.43	4.082
616.77	4.058
617.11	4.044
617.44	4.112
617.78	4.107
618.12	4.195
618.45	4.137
618.79	4.151
619.13	4.074
619.46	4.099
619.8	4
620.13	3.968
620.47	4.081
620.81	4.162
621.14	4.129
621.48	4.244
621.81	4.227
622.15	4.299
622.48	4.369
622.82	4.469
623.16	4.426
623.49	4.469
623.83	4.621
624.16	4.642
624.5	4.592
624.83	4.642
625.17	4.572
625.5	4.604
625.84	4.602
626.18	4.631
626.51	4.668
626.85	4.735
627.18	4.783
627.52	4.686
627.85	4.646
628.19	4.639
628.52	4.718
628.86	4.713
629.19	4.679
629.53	4.722
629.86	4.708
630.19	4.741
630.53	4.767
630.86	4.809
631.2	4.826
631.53	4.811
631.87	4.879
632.2	4.787
632.54	4.83
632.87	4.825
633.2	4.974
633.54	4.983
633.87	4.952
634.21	4.951
634.54	4.991
634.88	5.064
635.21	5.049
635.54	5.072
635.88	5.096
636.21	5.06
636.55	5.098
636.88	4.903
637.21	4.981
637.55	4.905
637.88	4.809
638.21	4.678
638.55	4.702
638.88	4.805
639.21	4.796
639.55	4.766
639.88	4.89
640.21	4.998
640.55	5.125
640.88	5.102
641.21	5.15
641.55	5.39
641.88	5.43
642.21	5.363
642.55	5.537
642.88	5.499
643.21	5.543
643.55	5.445
643.88	5.35
644.21	5.188
644.54	5.203
644.88	5.316
645.21	5.227
645.54	5.287
645.87	5.525
646.21	5.412
646.54	5.476
646.87	5.49
647.2	5.542
647.54	5.631
647.87	5.765
648.2	5.903
648.53	5.835
648.87	5.801
649.2	5.891
649.53	5.671
649.86	5.734
650.19	5.611
650.53	5.594
650.86	5.548
651.19	5.502
651.52	5.479
651.85	5.305
652.18	5.347
652.52	5.316
652.85	5.218
653.18	5.27
653.51	5.098
653.84	5.155
654.17	5.212
654.51	5.238
654.84	5.302
655.17	5.312
655.5	5.328
655.83	5.349
656.16	5.503
656.49	5.463
656.82	5.511
657.15	5.502
657.49	5.695
657.82	5.667
658.15	5.663
658.48	5.728
658.81	5.784
659.14	5.818
659.47	5.757
659.8	5.724
660.13	5.824
660.46	5.814
660.79	5.945
661.12	5.851
661.45	5.955
661.78	5.981
662.11	5.933
662.44	5.956
662.77	5.994
663.1	6.008
663.43	6.035
663.76	5.966
664.09	6.044
664.42	5.919
664.75	5.813
665.08	5.822
665.41	5.854
665.74	5.907
666.07	5.765
666.4	5.679
666.73	5.743
667.06	5.674
667.39	5.844
667.72	5.797
668.05	5.927
668.38	5.999
668.71	5.759
669.04	5.81
669.37	5.61
669.7	5.708
670.03	5.683
670.36	5.677
670.69	5.696
671.01	5.605
671.34	5.637
671.67	5.541
672	5.574
672.33	5.605
672.66	5.497
672.99	5.67
673.32	5.668
673.64	5.612
673.97	5.744
674.3	5.793
674.63	5.829
674.96	5.83
675.29	5.941
675.62	6.029
675.94	6.169
676.27	6.174
676.6	6.114
676.93	5.954
677.26	6.148
677.58	5.845
677.91	5.832
678.24	5.762
678.57	5.658
678.9	5.546
679.22	5.512
679.55	5.621
679.88	5.813
680.21	5.866
680.54	5.971
680.86	5.964
681.19	6.217
681.52	6.278
681.85	6.377
682.17	6.376
682.5	6.539
682.83	6.596
683.16	6.431
683.48	6.269
683.81	6.324
684.14	6.47
684.46	6.545
684.79	6.459
685.12	6.479
685.45	6.392
685.77	6.472
686.1	6.457
686.43	6.31
686.75	6.347
687.08	6.236
687.41	6.197
687.73	6.167
688.06	6.151
688.39	6.225
688.71	6.133
689.04	6.185
689.36	6.184
689.69	6.074
690.02	6.244
690.34	6.287
690.67	6.364
691	6.494
691.32	6.357
691.65	6.138
691.97	6.137
692.3	6.083
692.63	6.003
692.95	5.877
693.28	6.112
693.6	5.979
693.93	5.796
694.26	6.026
694.58	5.943
694.91	6.047
695.23	6.237
695.56	6.342
695.88	6.368
696.21	6.429
696.53	6.554
696.86	6.405
697.18	6.348
697.51	6.586
697.83	6.483
698.16	6.409
698.48	6.519
698.81	6.503
699.13	6.509
699.46	6.654
699.78	6.861
700.11	6.905
700.43	6.978
700.76	7.021
701.08	6.942
701.41	7.022
701.73	7.079
702.06	7.106
702.38	7.319
702.71	7.151
703.03	6.918
703.35	6.778
703.68	6.693
704	6.625
704.33	6.571
704.65	6.526
704.98	6.511
705.3	6.396
705.62	6.104
705.95	6.14
706.27	6.135
706.6	6.289
706.92	5.982
707.24	5.916
707.57	6.099
707.89	6.199
708.21	6.294
708.54	6.124
708.86	6.293
709.18	6.451
709.51	6.264
709.83	6.334
710.15	6.067
710.48	6.267
710.8	6.048
711.12	6.073
711.45	6.109
711.77	6.047
712.09	6.219
712.42	6.176
712.74	6.177
713.06	6.123
713.38	6.006
713.71	6.154
714.03	6.14
714.35	6.441
714.68	6.101
715	6.148
715.32	6.07
715.64	6.007
715.97	5.946
716.29	5.98
716.61	6.181
716.93	6.281
717.25	6.368
717.58	6.434
717.9	6.562
718.22	6.77
718.54	6.582
718.87	6.846
719.19	7.031
719.51	7.262
719.83	7.151
720.15	6.876
720.47	7.222
720.8	7.082
721.12	6.832
721.44	6.835
721.76	6.445
722.08	6.521
722.4	6.324
722.73	6.109
723.05	5.835
723.37	5.543
723.69	5.53
724.01	5.419
724.33	5.792
724.65	6.237
724.97	6.337
725.3	6.777
725.62	6.807
725.94	7.018
726.26	7.102
726.58	6.894
726.9	7.077
727.22	6.909
727.54	6.709
727.86	6.335
728.18	5.738
728.5	5.635
728.82	5.775
729.14	5.787
729.46	5.712
729.78	5.71
730.1	5.874
730.42	5.861
730.74	5.867
731.07	5.766
731.39	6.268
731.71	6.67
732.03	6.5
732.35	6.307
732.66	6.435
732.98	6.668
733.3	6.358
733.62	6.267
733.94	6.041
734.26	6.451
734.58	6.651
734.9	6.41
735.22	6.543
735.54	6.55
735.86	6.845
736.18	6.953
736.5	6.611
736.82	6.741
737.14	6.925
737.46	7.272
737.78	7.128
738.1	7.03
738.41	6.394
738.73	6.407
739.05	6.421
739.37	5.977
739.69	5.677
740.01	5.397
740.33	5.578
740.65	5.186
740.96	5.21
741.28	4.968
741.6	4.486
741.92	4.853
742.24	4.394
742.56	4.114
742.88	4.373
743.19	4.713
743.51	5.557
743.83	5.549
744.15	6.049
744.47	5.802
744.78	6.022
745.1	6.437
745.42	6.588
745.74	6.591
746.06	6.837
746.37	6.975
746.69	6.645
747.01	6.286
747.33	5.792
747.64	6.157
747.96	6.03
748.28	5.598
748.6	5.439
748.91	5.307
749.23	5.385
749.55	5.085
749.87	5.034
750.18	4.814
750.5	4.761
750.82	5.532
751.13	4.789
751.45	4.856
751.77	5.444
752.08	5.177
752.4	5.504
752.72	5.19
753.03	5.4
753.35	5.476
753.67	5.696
753.98	5.766
754.3	5.123
754.62	5.104
754.93	5.551
755.25	5.419
755.57	5.759
755.88	5.64
756.2	6.441
756.51	6.401
756.83	5.939
757.15	6.043
757.46	5.625
757.78	6.357
758.09	6.299
758.41	5.887
758.73	5.666
759.04	5.609
759.36	5.518
759.67	4.853
759.99	5.185
760.3	5.229
760.62	5.495
760.94	5.655
761.25	4.815
761.57	5.797
761.88	6.166
762.2	6.286
762.51	6.599
762.83	6.723
763.14	7.479
763.46	7.629
763.77	7.543
764.09	7.578
764.4	7.646
764.72	7.962
765.03	7.513
765.35	7.298
765.66	7.494
765.98	7.416
766.29	7.655
766.61	7.386
766.92	7.039
767.23	7.255
767.55	6.967
767.86	6.719
768.18	6.889
768.49	6.507
768.81	6.299
769.12	5.829
769.43	6.013
769.75	5.577
770.06	4.822
770.38	4.652
770.69	4.444
771	3.978
771.32	3.502
771.63	3.319
771.94	3.69
772.26	3.431
772.57	3.941
772.89	3.712
773.2	3.632
773.51	4.043
773.83	4.335
774.14	4.283
774.45	4.91
774.77	5.04
775.08	4.732
775.39	5.601
775.7	6.618
776.02	6.354
776.33	5.996
776.64	5.23
776.96	4.805
777.27	5.091
777.58	5.756
777.89	5.069
778.21	5.212
778.52	5.93
778.83	4.305
779.14	3.793
779.46	3.228
779.77	3.469
780.08	3.75
780.39	4.085
780.71	2.905
781.02	1.81
781.33	2.87
781.64	2.642
781.95	2.685
782.27	3.803
782.58	3.364
782.89	3.996
783.2	4.203
783.51	3.817
783.83	3.268
784.14	4.298
784.45	5.565
784.76	4.857
785.07	5.472
785.38	4.624
785.7	4.64
786.01	4.415
786.32	5.479
786.63	5.843
786.94	6.732
787.25	7.573
787.56	7.04
787.87	5.172
788.18	4.543
788.5	5.617
788.81	5.421
789.12	4.54
789.43	5.538
789.74	4.157
790.05	2.232
790.36	1.666
790.67	0.766
790.98	0.965
791.29	1.634
791.6	1.561
791.91	-0.598
792.22	-0.704
792.53	-0.463
792.84	-0.117
793.15	-0.015
793.46	2.061
793.77	2.782
794.08	3.364
794.39	3.553
794.7	4.61
795.01	5.637
795.32	5.92
795.63	6.419
795.94	5.262
796.25	5.221
796.56	4.639
796.87	4.71
797.18	4.64
797.49	4.635
797.8	4.057
798.11	2.675
798.42	1.952
798.73	2.403
799.04	2.469
799.35	4.956
799.65	3.92
799.96	4.195
800.27	3.964
800.58	4.108
800.89	3.475
801.2	5.482
801.51	5.946
801.82	6.496
802.13	5.887
802.43	5.014
802.74	4.555
803.05	5.126
803.36	5.601
803.67	3.87
803.98	4.32
804.28	3.276
804.59	0.548
804.9	0.211
805.21	1.041
805.52	1.127
805.83	0.727
806.13	-0.67
806.44	-0.477
806.75	-0.189
807.06	0.746
807.36	-1.649
807.67	-0.921
807.98	-1.136
808.29	-0.241
808.6	-0.986
808.9	-1.523
809.21	-0.902
809.52	-0.773
809.83	-1.338
810.13	-2.327
810.44	-2.915
810.75	-1.048
811.05	-0.137
811.36	0.097
811.67	-0.222
811.98	-0.876
812.28	-0.33
812.59	-0.674
812.9	-1.371
813.2	-1.044
813.51	-0.803
813.82	-0.729
814.12	-1.026
814.43	-1.451
814.74	-0.308
815.04	0.322
815.35	0.778
815.65	1.695
815.96	1.936
816.27	1.765
816.57	1.489
816.88	2.143
817.19	2.248
817.49	2.043
817.8	1.528
818.1	-0.103
818.41	-0.65
818.72	-0.277
819.02	0.226
819.33	0.821
819.63	2.642
819.94	2.241
820.24	2.008
820.55	3.469
820.85	4.785
821.16	5.997
821.47	7.48
821.77	8.501
822.08	8.543
822.38	8.653
822.69	9.13
822.99	8.817
823.3	8.722
823.6	9.054
823.91	9.158
824.21	9.021
824.52	9.104
824.82	8.995
825.13	7.978
825.43	7.952
825.73	7.981
826.04	6.996
826.34	7.269
826.65	8.034
826.95	7.463
827.26	7.404
827.56	7.327
827.87	7.5
828.17	6.76
828.47	6.683
828.78	6.396
829.08	5.742
829.39	5.505
829.69	5.195
829.99	3.864
830.3	3.817
830.6	3.081
830.9	2.607
831.21	0.018
831.51	0.81
831.82	1.059
832.12	0.081
832.42	0.783
832.73	2.766
833.03	4.106
833.33	4.725
833.64	5.085
833.94	4.562
834.24	5.391
834.54	6.682
834.85	7.157
835.15	6.359
835.45	7.013
835.76	7.247
836.06	6.154
836.36	4.901
836.66	3.894
836.97	2.691
837.27	3.311
837.57	1.91
837.87	0.47
838.18	-2.017
838.48	1.114
838.78	0.374
839.08	-0.583
839.39	0.637
839.69	-0.593
839.99	1.017
840.29	1.116
840.59	1.437
840.9	2.13
841.2	2.599
841.5	4.075
841.8	1.182
842.1	0.451
842.41	-1.59
842.71	-3.249
843.01	-2.423
843.31	-1.004
843.61	-2.362
843.91	-4.786
844.21	-9.265
844.52	-7.672
844.82	-7.941
845.12	-6.854
845.42	-9.173
845.72	-7.355
846.02	-6.396
846.32	-7.734
846.62	-8.961
846.92	-8.551
847.22	-6.498
847.52	-4.033
847.83	-6.231
848.13	-9.304
848.43	-9.749
848.73	-5.753
849.03	-8.319
849.33	-10.638
849.63	-10.543
849.93	-16.205
850.23	-15.747
850.53	-18.832
850.83	-18.182
851.13	-16.009
851.43	-12.13
851.73	-10.738
852.03	-14.065
852.33	-18.061
852.63	-14.206
852.93	-16.657
853.23	-11.212
853.53	-10.221
853.83	-10.58
854.13	-11.49
854.43	-18.145
854.73	-22.802
855.03	-25.791
855.32	-24.36
855.62	-17.585
855.92	-25.535
856.22	-22.098
856.52	-24.135
856.82	-27.04
857.12	-31.018
857.42	-28.873
857.72	-23.757
858.02	-28.887
858.31	-29.795
858.61	-32.072
858.91	-35.116
859.21	-31.142
859.51	-27.281
859.81	-25.427
860.11	-24.076
860.4	-23.814
860.7	-26.796
861	-33.096
861.3	-35.371
861.6	-29.178
861.9	-28.371
862.19	-30.87
862.49	-23.5
862.79	-24.225
863.09	-33.626
863.39	-39.74
863.68	-29.027
863.98	-26.121
864.28	-21.127
864.58	-16.527
864.87	-17.908
865.17	-17.196
865.47	-12.27
865.77	-19.939
866.06	-19.011
866.36	-15.836
866.66	-13.319
866.96	-19.069
867.25	-22.136
867.55	-20.896
867.85	-20.806
868.14	-22.056
868.44	-28.43
868.74	-29.626
869.03	-28.889
869.33	-30.175
869.63	-25.812
869.92	-20.541
870.22	-16.461
870.52	-20.032
870.81	-24.571
871.11	-26.307
871.41	-24.084
871.7	-21.372
872	-17.615
872.3	-21.048
872.59	-22.109
872.89	-28.23
873.18	-27.165
873.48	-40.909
873.78	-35.251
874.07	-36.419
874.37	-38.74
874.66	-47.346
874.96	-40.413
875.25	-49.542
875.55	-40.584
875.85	-35.01
876.14	-30.191
876.44	-37.186
876.73	-31.226
877.03	-32.105
877.32	-33.023
877.62	-33.144
877.91	-27.484
878.21	-37.778
878.5	-37.325
878.8	-48.88
879.09	-63.354
879.39	-60.888
879.68	-46.183
879.98	-32.238
880.27	-29.366
880.57	-20.386
880.86	-12.574
881.16	-9.788
881.45	-1.067
881.74	3.255
882.04	5.915
882.33	7.715
882.63	5.965
882.92	4.238
883.22	2.277
883.51	3.434
883.8	3.322
884.1	2.521
884.39	3.689
884.69	3.398
884.98	1.682
885.27	-1.276
885.57	-3.006
885.86	-3.505
886.15	-4.646
886.45	-6.574
886.74	-10.161
887.03	-12.913
887.33	-10.256
887.62	-16.654
887.91	-42.063
888.21	-2.299
888.5	-28.378
888.79	-22.917
889.09	2.362
