190.56	77.419
190.94	77.419
191.32	77.419
191.7	60.87
192.08	309.524
192.46	64.583
192.84	75.949
193.22	83.553
193.6	104.167
193.98	84.661
194.36	85.366
194.74	94.133
195.13	111.953
195.51	138.697
195.89	195.676
196.27	195
196.65	169.919
197.03	174.603
197.4	133.333
197.78	118.433
198.16	194.017
198.54	-445.238
198.92	-112.658
199.3	-37.838
199.68	-47.5
200.06	18.919
200.44	-5.825
200.82	-46.104
201.2	5.344
201.58	21.866
201.96	32.481
202.34	25.701
202.72	15.946
203.1	8.462
203.48	-13.663
203.86	-21.401
204.24	-42.857
204.62	-35.211
205	-76.136
205.38	-202
205.76	-132.593
206.13	-218.627
206.51	-463.158
206.89	344.828
207.27	317.391
207.65	277.922
208.03	1191.304
208.41	-288.71
208.79	-512.5
209.17	-400
209.55	-181.416
209.93	-239.56
210.3	-129.677
210.68	-144.865
211.06	-97.736
211.44	-104.839
211.82	-71.507
212.2	-40.783
212.58	-51.299
212.96	-50
213.33	-33.895
213.71	-44.936
214.09	-42.068
214.47	-43.426
214.85	-26.961
215.23	-10.321
215.61	9.079
215.98	13.261
216.36	10.807
216.74	1.449
217.12	9.668
217.5	11.211
217.88	14.531
218.25	7.974
218.63	11.328
219.01	13.02
219.39	0.573
219.77	-2.278
220.14	0.1
220.52	2.52
220.9	7.35
221.28	3.138
221.66	5.882
222.03	6.86
222.41	8.397
222.79	7.763
223.17	2.993
223.55	8
223.92	5.65
224.3	0.407
224.68	-1.138
225.06	-3.596
225.43	-0.959
225.81	-2.897
226.19	-1.209
226.57	-2.194
226.95	-2.658
227.32	-2.67
227.7	-2.753
228.08	-1.604
228.46	-1.844
228.83	-1.675
229.21	-1.593
229.59	-1.388
229.96	-0.724
230.34	-1.242
230.72	-0.647
231.1	0.58
231.47	0.815
231.85	1.832
232.23	1.244
232.6	2.727
232.98	4.696
233.36	4.508
233.74	4.352
234.11	4.241
234.49	4.415
234.87	4.387
235.24	3.13
235.62	3.688
236	3.336
236.37	3.561
236.75	3.232
237.13	0.928
237.5	0.708
237.88	1.108
238.26	0.746
238.63	0.804
239.01	0.381
239.39	0.551
239.76	-0.045
240.14	-0.529
240.52	-1.249
240.89	-0.693
241.27	-0.541
241.65	-0.215
242.02	-0.606
242.4	-0.886
242.77	-0.788
243.15	-0.553
243.53	-0.707
243.9	-0.454
244.28	-0.683
244.66	0.109
245.03	-0.163
245.41	-0.015
245.78	-0.201
246.16	-0.209
246.54	-0.145
246.91	0.008
247.29	-0.115
247.66	0.157
248.04	0.181
248.41	0.473
248.79	0.352
249.17	0.468
249.54	0.507
249.92	0.78
250.29	0.974
250.67	1.148
251.04	0.989
251.42	1.155
251.8	1.043
252.17	0.58
252.55	0.039
252.92	-0.186
253.3	-0.381
253.67	-0.784
254.05	-0.606
254.42	-0.435
254.8	-0.224
255.17	-0.388
255.55	-0.801
255.92	-1.399
256.3	-0.57
256.67	-0.721
257.05	-0.936
257.42	-0.795
257.8	-0.424
258.17	-0.549
258.55	-0.599
258.92	-0.671
259.3	-0.808
259.67	-0.791
260.05	-0.411
260.42	-0.706
260.8	-0.568
261.17	-0.623
261.55	-0.769
261.92	-0.714
262.3	-0.84
262.67	-0.731
263.05	-0.595
263.42	-0.428
263.79	-0.084
264.17	-0.462
264.54	-0.223
264.92	-0.28
265.29	-0.118
265.67	-0.015
266.04	-0.136
266.42	0.413
266.79	-0.047
267.16	-0.269
267.54	-0.224
267.91	-0.041
268.29	0.027
268.66	0.03
269.03	0.222
269.41	0.33
269.78	0.278
270.16	0.083
270.53	-0.074
270.9	0.07
271.28	0.177
271.65	0.09
272.03	-0.187
272.4	-0.333
272.77	-0.326
273.15	-0.363
273.52	-0.551
273.89	-0.616
274.27	-0.433
274.64	-0.547
275.01	-0.361
275.39	-0.345
275.76	-0.281
276.14	-0.415
276.51	-0.435
276.88	-0.482
277.26	-0.589
277.63	-0.476
278	-0.325
278.38	-0.24
278.75	-0.275
279.12	-0.45
279.49	-0.541
279.87	-0.466
280.24	-0.276
280.61	-0.129
280.99	-0.241
281.36	-0.213
281.73	-0.168
282.11	-0.202
282.48	-0.338
282.85	-0.353
283.22	-0.349
283.6	-0.294
283.97	-0.286
284.34	-0.408
284.71	-0.482
285.09	-0.505
285.46	-0.477
285.83	-0.568
286.21	-0.466
286.58	-0.47
286.95	-0.332
287.32	-0.316
287.7	-0.276
288.07	-0.075
288.44	0.044
288.81	0.245
289.18	0.269
289.56	0.36
289.93	0.551
290.3	0.415
290.67	0.461
291.05	0.416
291.42	0.344
291.79	0.265
292.16	0.037
292.53	-0.02
292.91	-0.272
293.28	-0.225
293.65	-0.326
294.02	-0.426
294.39	-0.387
294.76	-0.35
295.14	-0.463
295.51	-0.301
295.88	-0.384
296.25	-0.294
296.62	-0.227
297	-0.132
297.37	-0.018
297.74	-0.021
298.11	-0.036
298.48	0.053
298.85	-0.003
299.22	0.086
299.6	0.068
299.97	0.25
300.34	0.069
300.71	0.196
301.08	0.176
301.45	0.166
301.82	0.258
302.19	0.114
302.56	-0.027
302.94	-0.021
303.31	-0.09
303.68	-0.141
304.05	-0.223
304.42	-0.145
304.79	-0.318
305.16	-0.331
305.53	-0.463
305.9	-0.467
306.27	-0.361
306.64	-0.408
307.02	-0.377
307.39	-0.225
307.76	-0.039
308.13	-0.002
308.5	0.046
308.87	-0.076
309.24	-0.055
309.61	-0.136
309.98	-0.146
310.35	-0.181
310.72	-0.102
311.09	-0.146
311.46	-0.205
311.83	-0.209
312.2	-0.274
312.57	-0.175
312.94	0.051
313.31	0.093
313.68	0.232
314.05	0.238
314.42	0.338
314.79	0.468
315.16	0.544
315.53	0.41
315.9	0.228
316.27	0.243
316.64	0.269
317.01	0.056
317.38	-0.061
317.75	-0.1
318.12	-0.049
318.49	-0.167
318.86	-0.372
319.23	-0.528
319.6	-0.4
319.97	-0.445
320.34	-0.596
320.71	-0.631
321.08	-0.559
321.45	-0.406
321.82	-0.48
322.19	-0.666
322.55	-0.604
322.92	-0.577
323.29	-0.33
323.66	-0.246
324.03	-0.294
324.4	-0.32
324.77	-0.314
325.14	-0.258
325.51	-0.283
325.88	-0.118
326.25	-0.164
326.61	-0.055
326.98	0.119
327.35	-0.033
327.72	-0.194
328.09	-0.102
328.46	-0.004
328.83	-0.215
329.2	-0.244
329.56	-0.21
329.93	-0.284
330.3	-0.242
330.67	-0.376
331.04	-0.603
331.41	-0.644
331.78	-0.563
332.14	-0.578
332.51	-0.262
332.88	-0.234
333.25	-0.34
333.62	-0.364
333.99	-0.438
334.35	-0.367
334.72	-0.276
335.09	-0.344
335.46	-0.424
335.83	-0.482
336.19	-0.439
336.56	-0.545
336.93	-0.405
337.3	-0.39
337.67	-0.333
338.03	-0.322
338.4	-0.19
338.77	-0.248
339.14	-0.205
339.5	0.019
339.87	-0.083
340.24	-0.198
340.61	-0.571
340.97	-0.48
341.34	-0.451
341.71	-0.424
342.08	-0.51
342.44	-0.561
342.81	-0.626
343.18	-0.625
343.55	-0.724
343.91	-0.546
344.28	-0.619
344.65	-0.422
345.02	-0.547
345.38	-0.577
345.75	-0.588
346.12	-0.631
346.48	-0.745
346.85	-0.731
347.22	-0.618
347.59	-0.656
347.95	-0.829
348.32	-0.707
348.69	-0.662
349.05	-0.847
349.42	-0.902
349.79	-1.117
350.15	-1.092
350.52	-1.086
350.89	-1.118
351.25	-1.198
351.62	-1.218
351.99	-1.199
352.35	-1.21
352.72	-1.33
353.09	-1.202
353.45	-1.312
353.82	-1.316
354.18	-1.285
354.55	-1.324
354.92	-1.252
355.28	-1.296
355.65	-1.371
356.02	-1.401
356.38	-1.485
356.75	-1.603
357.11	-1.752
357.48	-1.755
357.85	-1.693
358.21	-1.803
358.58	-1.882
358.94	-1.972
359.31	-1.961
359.67	-1.95
360.04	-2.004
360.41	-2.07
360.77	-2.072
361.14	-2.081
361.5	-1.981
361.87	-2.067
362.23	-2.109
362.6	-2.156
362.97	-2.256
363.33	-2.451
363.7	-2.553
364.06	-2.586
364.43	-2.594
364.79	-2.639
365.16	-2.683
365.52	-2.864
365.89	-2.813
366.25	-2.661
366.62	-2.612
366.98	-2.583
367.35	-2.474
367.71	-2.444
368.08	-2.471
368.44	-2.55
368.81	-2.637
369.17	-2.629
369.54	-2.661
369.9	-2.877
370.27	-3.064
370.63	-3.065
371	-3.073
371.36	-3.235
371.73	-3.269
372.09	-3.251
372.45	-3.322
372.82	-3.278
373.18	-3.313
373.55	-3.283
373.91	-3.22
374.28	-3.218
374.64	-3.33
375.01	-3.329
375.37	-3.152
375.73	-3.097
376.1	-3.099
376.46	-2.984
376.83	-2.972
377.19	-3.078
377.55	-3.055
377.92	-3.074
378.28	-3.035
378.65	-2.955
379.01	-2.923
379.37	-3.008
379.74	-3.114
380.1	-3.17
380.47	-3.242
380.83	-3.304
381.19	-3.166
381.56	-3.125
381.92	-3.137
382.28	-3.08
382.65	-3.171
383.01	-3.233
383.37	-3.084
383.74	-3.013
384.1	-2.924
384.46	-2.743
384.83	-2.582
385.19	-2.538
385.55	-2.495
385.92	-2.453
386.28	-2.556
386.64	-2.42
387.01	-2.364
387.37	-2.445
387.73	-2.475
388.1	-2.518
388.46	-2.767
388.82	-2.883
389.18	-2.879
389.55	-2.975
389.91	-2.903
390.27	-2.834
390.64	-2.912
391	-2.872
391.36	-2.792
391.72	-2.751
392.09	-2.823
392.45	-2.671
392.81	-2.573
393.17	-2.504
393.54	-2.42
393.9	-2.399
394.26	-2.317
394.62	-2.279
394.99	-2.204
395.35	-2.19
395.71	-2.204
396.07	-1.987
396.43	-1.933
396.8	-1.8
397.16	-1.802
397.52	-1.722
397.88	-1.669
398.24	-1.567
398.61	-1.418
398.97	-1.453
399.33	-1.407
399.69	-1.276
400.05	-1.291
400.42	-1.28
400.78	-1.326
401.14	-1.305
401.5	-1.418
401.86	-1.377
402.22	-1.45
402.59	-1.339
402.95	-1.274
403.31	-1.302
403.67	-1.232
404.03	-1.191
404.39	-1.214
404.75	-1.248
405.12	-1.182
405.48	-1.092
405.84	-1.023
406.2	-1.008
406.56	-1.095
406.92	-1.024
407.28	-0.93
407.64	-0.873
408	-0.825
408.36	-0.68
408.73	-0.561
409.09	-0.475
409.45	-0.359
409.81	-0.473
410.17	-0.347
410.53	-0.36
410.89	-0.355
411.25	-0.347
411.61	-0.361
411.97	-0.369
412.33	-0.374
412.69	-0.353
413.05	-0.38
413.41	-0.386
413.77	-0.244
414.13	-0.29
414.5	-0.164
414.86	-0.191
415.22	-0.155
415.58	-0.094
415.94	-0.074
416.3	0.002
416.66	-0.053
417.02	-0.053
417.38	0.008
417.74	0.051
418.1	0.143
418.46	0.167
418.82	0.26
419.18	0.325
419.54	0.321
419.9	0.371
420.26	0.46
420.61	0.586
420.97	0.633
421.33	0.62
421.69	0.603
422.05	0.624
422.41	0.694
422.77	0.67
423.13	0.646
423.49	0.684
423.85	0.696
424.21	0.632
424.57	0.581
424.93	0.596
425.29	0.642
425.65	0.713
426.01	0.651
426.36	0.604
426.72	0.678
427.08	0.662
427.44	0.61
427.8	0.594
428.16	0.627
428.52	0.632
428.88	0.616
429.24	0.596
429.59	0.596
429.95	0.664
430.31	0.683
430.67	0.634
431.03	0.745
431.39	0.794
431.75	0.845
432.1	0.84
432.46	0.879
432.82	0.933
433.18	0.928
433.54	0.961
433.9	0.987
434.25	1.021
434.61	1.029
434.97	1.013
435.33	1.046
435.69	1.013
436.04	0.941
436.4	0.934
436.76	0.897
437.12	0.887
437.48	0.843
437.83	0.902
438.19	0.915
438.55	0.906
438.91	0.883
439.27	0.886
439.62	0.891
439.98	0.941
440.34	0.944
440.7	0.951
441.05	0.993
441.41	1.089
441.77	1.008
442.13	0.993
442.48	1.033
442.84	1.04
443.2	1.01
443.56	1.035
443.91	1.095
444.27	1.13
444.63	1.138
444.98	1.185
445.34	1.146
445.7	1.251
446.05	1.236
446.41	1.253
446.77	1.321
447.13	1.375
447.48	1.424
447.84	1.391
448.2	1.428
448.55	1.451
448.91	1.438
449.27	1.428
449.62	1.343
449.98	1.329
450.34	1.324
450.69	1.377
451.05	1.427
451.4	1.433
451.76	1.471
452.12	1.414
452.47	1.421
452.83	1.366
453.19	1.37
453.54	1.413
453.9	1.49
454.25	1.561
454.61	1.493
454.97	1.416
455.32	1.387
455.68	1.371
456.03	1.359
456.39	1.333
456.75	1.31
457.1	1.283
457.46	1.209
457.81	1.107
458.17	1.029
458.52	0.939
458.88	0.933
459.24	0.909
459.59	0.851
459.95	0.821
460.3	0.758
460.66	0.762
461.01	0.665
461.37	0.641
461.72	0.613
462.08	0.574
462.43	0.609
462.79	0.545
463.14	0.391
463.5	0.339
463.85	0.256
464.21	0.198
464.56	0.133
464.92	0.105
465.27	-0.006
465.63	-0.109
465.98	-0.237
466.34	-0.366
466.69	-0.46
467.05	-0.464
467.4	-0.478
467.76	-0.468
468.11	-0.452
468.47	-0.492
468.82	-0.512
469.18	-0.524
469.53	-0.547
469.88	-0.508
470.24	-0.603
470.59	-0.627
470.95	-0.586
471.3	-0.593
471.66	-0.628
472.01	-0.712
472.36	-0.803
472.72	-0.894
473.07	-0.866
473.43	-0.842
473.78	-0.869
474.13	-0.866
474.49	-0.828
474.84	-0.857
475.19	-0.879
475.55	-0.942
475.9	-0.864
476.26	-0.823
476.61	-0.674
476.96	-0.697
477.32	-0.67
477.67	-0.675
478.02	-0.567
478.38	-0.593
478.73	-0.591
479.08	-0.544
479.44	-0.512
479.79	-0.527
480.14	-0.512
480.5	-0.61
480.85	-0.653
481.2	-0.67
481.56	-0.613
481.91	-0.633
482.26	-0.619
482.62	-0.568
482.97	-0.576
483.32	-0.538
483.67	-0.51
484.03	-0.502
484.38	-0.455
484.73	-0.427
485.08	-0.439
485.44	-0.45
485.79	-0.424
486.14	-0.416
486.49	-0.44
486.85	-0.438
487.2	-0.447
487.55	-0.46
487.9	-0.453
488.26	-0.448
488.61	-0.415
488.96	-0.385
489.31	-0.384
489.67	-0.367
490.02	-0.35
490.37	-0.309
490.72	-0.278
491.07	-0.252
491.43	-0.241
491.78	-0.211
492.13	-0.206
492.48	-0.201
492.83	-0.166
493.19	-0.126
493.54	-0.125
493.89	-0.102
494.24	-0.065
494.59	-0.092
494.94	-0.135
495.29	-0.142
495.65	-0.129
496	-0.182
496.35	-0.148
496.7	-0.109
497.05	-0.128
497.4	-0.116
497.75	-0.097
498.11	-0.163
498.46	-0.133
498.81	-0.078
499.16	-0.077
499.51	-0.066
499.86	0.016
500.21	0.01
500.56	0.021
500.91	0.103
501.26	0.11
501.62	0.124
501.97	0.164
502.32	0.22
502.67	0.18
503.02	0.329
503.37	0.317
503.72	0.315
504.07	0.328
504.42	0.353
504.77	0.315
505.12	0.296
505.47	0.343
505.82	0.38
506.17	0.321
506.52	0.376
506.87	0.316
507.22	0.342
507.57	0.385
507.92	0.446
508.27	0.407
508.62	0.371
508.97	0.44
509.32	0.49
509.67	0.513
510.02	0.617
510.37	0.645
510.72	0.685
511.07	0.675
511.42	0.684
511.77	0.685
512.12	0.732
512.47	0.799
512.82	0.86
513.17	0.858
513.52	0.863
513.87	0.844
514.22	0.868
514.57	0.87
514.91	0.943
515.26	0.959
515.61	1.002
515.96	1.02
516.31	1.043
516.66	0.981
517.01	1.008
517.36	1.019
517.71	1.029
518.06	1.053
518.41	1.085
518.75	1.077
519.1	1.086
519.45	1.056
519.8	1.086
520.15	1.128
520.5	1.159
520.85	1.121
521.19	1.158
521.54	1.188
521.89	1.228
522.24	1.175
522.59	1.203
522.94	1.206
523.28	1.167
523.63	1.152
523.98	1.11
524.33	1.121
524.68	1.178
525.03	1.16
525.37	1.135
525.72	1.113
526.07	1.134
526.42	1.13
526.76	1.142
527.11	1.168
527.46	1.196
527.81	1.196
528.16	1.182
528.5	1.178
528.85	1.167
529.2	1.186
529.55	1.177
529.89	1.194
530.24	1.199
530.59	1.183
530.94	1.204
531.28	1.193
531.63	1.22
531.98	1.265
532.32	1.242
532.67	1.255
533.02	1.262
533.37	1.26
533.71	1.235
534.06	1.19
534.41	1.207
534.75	1.166
535.1	1.16
535.45	1.161
535.79	1.142
536.14	1.145
536.49	1.173
536.83	1.148
537.18	1.137
537.53	1.152
537.87	1.21
538.22	1.219
538.57	1.25
538.91	1.219
539.26	1.156
539.61	1.138
539.95	1.168
540.3	1.146
540.64	1.163
540.99	1.209
541.34	1.208
541.68	1.234
542.03	1.274
542.37	1.298
542.72	1.341
543.07	1.378
543.41	1.406
543.76	1.42
544.1	1.44
544.45	1.471
544.8	1.489
545.14	1.537
545.49	1.494
545.83	1.436
546.18	1.432
546.52	1.411
546.87	1.425
547.21	1.457
547.56	1.458
547.9	1.474
548.25	1.428
548.59	1.395
548.94	1.378
549.29	1.382
549.63	1.424
549.98	1.444
550.32	1.479
550.67	1.493
551.01	1.532
551.35	1.507
551.7	1.504
552.04	1.599
552.39	1.644
552.73	1.666
553.08	1.735
553.42	1.735
553.77	1.719
554.11	1.731
554.46	1.706
554.8	1.599
555.15	1.649
555.49	1.667
555.83	1.651
556.18	1.652
556.52	1.586
556.87	1.584
557.21	1.59
557.56	1.598
557.9	1.605
558.24	1.677
558.59	1.748
558.93	1.731
559.28	1.705
559.62	1.72
559.96	1.742
560.31	1.807
560.65	1.808
560.99	1.824
561.34	1.876
561.68	1.895
562.02	1.889
562.37	1.923
562.71	1.955
563.06	1.95
563.4	1.845
563.74	1.828
564.09	1.84
564.43	1.827
564.77	1.782
565.11	1.736
565.46	1.732
565.8	1.744
566.14	1.773
566.49	1.769
566.83	1.836
567.17	1.911
567.52	1.958
567.86	1.921
568.2	1.914
568.54	1.933
568.89	1.941
569.23	1.888
569.57	1.831
569.91	1.726
570.26	1.678
570.6	1.603
570.94	1.635
571.28	1.556
571.63	1.555
571.97	1.52
572.31	1.537
572.65	1.535
573	1.529
573.34	1.524
573.68	1.567
574.02	1.577
574.36	1.52
574.71	1.487
575.05	1.494
575.39	1.502
575.73	1.506
576.07	1.452
576.42	1.426
576.76	1.459
577.1	1.563
577.44	1.521
577.78	1.54
578.12	1.631
578.46	1.537
578.81	1.517
579.15	1.516
579.49	1.531
579.83	1.507
580.17	1.436
580.51	1.412
580.85	1.296
581.2	1.287
581.54	1.289
581.88	1.383
582.22	1.472
582.56	1.487
582.9	1.444
583.24	1.416
583.58	1.534
583.92	1.596
584.26	1.593
584.6	1.563
584.95	1.6
585.29	1.613
585.63	1.537
585.97	1.54
586.31	1.566
586.65	1.629
586.99	1.737
587.33	1.68
587.67	1.712
588.01	1.809
588.35	1.932
588.69	1.936
589.03	1.933
589.37	1.995
589.71	1.999
590.05	2.011
590.39	1.975
590.73	1.933
591.07	2.027
591.41	2.045
591.75	1.963
592.09	1.911
592.43	1.905
592.77	1.815
593.11	1.786
593.45	1.728
593.79	1.728
594.13	1.744
594.47	1.697
594.81	1.555
595.14	1.504
595.48	1.56
595.82	1.568
596.16	1.605
596.5	1.7
596.84	1.713
597.18	1.803
597.52	1.788
597.86	1.805
598.2	1.823
598.54	1.907
598.87	1.956
599.21	1.883
599.55	1.985
599.89	1.953
600.23	1.931
600.57	1.921
600.91	1.932
601.25	1.981
601.58	1.963
601.92	1.974
602.26	1.965
602.6	2.001
602.94	2.043
603.28	1.978
603.61	2.018
603.95	2.025
604.29	2.018
604.63	2.02
604.97	2.001
605.3	2.033
605.64	2.093
605.98	2.132
606.32	2.121
606.66	2.091
606.99	2.054
607.33	1.987
607.67	1.967
608.01	1.951
608.34	1.942
608.68	1.921
609.02	1.862
609.36	1.794
609.69	1.786
610.03	1.82
610.37	1.889
610.71	2.017
611.04	2.138
611.38	2.209
611.72	2.313
612.06	2.33
612.39	2.357
612.73	2.476
613.07	2.551
613.4	2.533
613.74	2.604
614.08	2.642
614.41	2.495
614.75	2.445
615.09	2.467
615.42	2.328
615.76	2.398
616.1	2.387
616.43	2.427
616.77	2.402
617.11	2.437
617.44	2.306
617.78	2.257
618.12	2.452
618.45	2.436
618.79	2.414
619.13	2.453
619.46	2.369
619.8	2.517
620.13	2.545
620.47	2.456
620.81	2.495
621.14	2.576
621.48	2.796
621.81	2.57
622.15	2.53
622.48	2.441
622.82	2.482
623.16	2.39
623.49	2.316
623.83	2.301
624.16	2.49
624.5	2.513
624.83	2.473
625.17	2.206
625.5	2.359
625.84	2.409
626.18	2.471
626.51	2.504
626.85	2.578
627.18	2.535
627.52	2.461
627.85	2.399
628.19	2.343
628.52	2.313
628.86	2.405
629.19	2.281
629.53	2.292
629.86	2.294
630.19	2.342
630.53	2.435
630.86	2.468
631.2	2.454
631.53	2.478
631.87	2.509
632.2	2.617
632.54	2.661
632.87	2.676
633.2	2.791
633.54	2.843
633.87	2.807
634.21	2.717
634.54	2.772
634.88	2.853
635.21	2.975
635.54	2.894
635.88	2.848
636.21	2.714
636.55	2.871
636.88	2.845
637.21	2.842
637.55	2.897
637.88	2.949
638.21	2.958
638.55	2.983
638.88	2.788
639.21	2.863
639.55	2.874
639.88	2.954
640.21	2.953
640.55	2.93
640.88	2.881
641.21	2.81
641.55	2.851
641.88	2.842
642.21	2.782
642.55	2.924
642.88	2.952
643.21	2.915
643.55	2.887
643.88	2.787
644.21	2.72
644.54	2.84
644.88	2.925
645.21	2.877
645.54	2.916
645.87	2.89
646.21	2.727
646.54	2.701
646.87	2.746
647.2	2.693
647.54	2.713
647.87	2.601
648.2	2.411
648.53	2.194
648.87	2.115
649.2	1.878
649.53	1.785
649.86	1.822
650.19	1.838
650.53	1.664
650.86	1.678
651.19	1.622
651.52	1.615
651.85	1.589
652.18	1.577
652.52	1.545
652.85	1.622
653.18	1.745
653.51	1.632
653.84	1.479
654.17	1.601
654.51	1.723
654.84	1.611
655.17	1.58
655.5	1.608
655.83	1.593
656.16	1.642
656.49	1.658
656.82	1.46
657.15	1.468
657.49	1.517
657.82	1.385
658.15	1.264
658.48	1.272
658.81	1.244
659.14	1.093
659.47	1.139
659.8	0.996
660.13	0.729
660.46	0.739
660.79	0.616
661.12	0.395
661.45	0.232
661.78	0.03
662.11	-0.11
662.44	-0.135
662.77	-0.136
663.1	-0.509
663.43	-0.625
663.76	-0.599
664.09	-0.906
664.42	-0.975
664.75	-0.919
665.08	-0.857
665.41	-1.039
665.74	-1.065
666.07	-1.336
666.4	-1.437
666.73	-1.497
667.06	-1.71
667.39	-1.927
667.72	-2.023
668.05	-2.03
668.38	-2.368
668.71	-2.507
669.04	-2.596
669.37	-3.064
669.7	-3.088
670.03	-3.254
670.36	-3.286
670.69	-3.59
671.01	-3.87
671.34	-3.994
671.67	-4.342
672	-4.698
672.33	-5.184
672.66	-5.404
672.99	-5.461
673.32	-5.622
673.64	-5.941
673.97	-6.204
674.3	-6.153
674.63	-6.149
674.96	-6.297
675.29	-6.616
675.62	-6.532
675.94	-6.552
676.27	-6.857
676.6	-7.17
676.93	-7.652
677.26	-7.818
677.58	-7.926
677.91	-8.241
678.24	-8.724
678.57	-8.951
678.9	-8.956
679.22	-9.129
679.55	-9.469
679.88	-9.721
680.21	-9.968
680.54	-10.301
680.86	-10.418
681.19	-10.613
681.52	-10.702
681.85	-10.763
682.17	-11.176
682.5	-11.492
682.83	-12.093
683.16	-12.4
683.48	-12.416
683.81	-12.496
684.14	-12.746
684.46	-13.38
684.79	-13.915
685.12	-14.605
685.45	-15.013
685.77	-15.488
686.1	-16.113
686.43	-16.298
686.75	-16.347
687.08	-17.07
687.41	-17.378
687.73	-17.468
688.06	-17.894
688.39	-18.187
688.71	-18.633
689.04	-19.351
689.36	-19.705
689.69	-19.843
690.02	-19.913
690.34	-20.686
690.67	-20.645
691	-20.948
691.32	-21.36
691.65	-21.463
691.97	-21.595
692.3	-21.54
692.63	-20.77
692.95	-20.824
693.28	-21.156
693.6	-21.569
693.93	-21.45
694.26	-21.963
694.58	-22.555
694.91	-22.7
695.23	-23.07
695.56	-23.499
695.88	-24.129
696.21	-24.679
696.53	-24.864
696.86	-25.185
697.18	-25.462
697.51	-25.409
697.83	-25.269
698.16	-25.409
698.48	-25.582
698.81	-25.696
699.13	-25.869
699.46	-25.815
699.78	-26.048
700.11	-26.434
700.43	-26.654
700.76	-26.95
701.08	-27.625
701.41	-28.105
701.73	-28.461
702.06	-29.234
702.38	-29.533
702.71	-29.846
703.03	-29.979
703.35	-30.697
703.68	-30.776
704	-30.999
704.33	-31.484
704.65	-32.117
704.98	-33.246
705.3	-33.498
705.62	-34.019
705.95	-34.454
706.27	-35.656
706.6	-36.179
706.92	-36.899
707.24	-37.036
707.57	-37.46
707.89	-37.887
708.21	-38.171
708.54	-38.024
708.86	-38.14
709.18	-37.544
709.51	-37.75
709.83	-36.697
710.15	-36.825
710.48	-36.84
710.8	-37.58
711.12	-37.374
711.45	-37.385
711.77	-37.76
712.09	-37.833
712.42	-37.972
712.74	-38.368
713.06	-39.115
713.38	-40.265
713.71	-41.187
714.03	-40.703
714.35	-40.231
714.68	-40.848
715	-41.169
715.32	-40.714
715.64	-41.235
715.97	-41.596
716.29	-42.313
716.61	-41.403
716.93	-40.913
717.25	-40.696
717.58	-42.531
717.9	-42.837
718.22	-44.465
718.54	-44.729
718.87	-45.061
719.19	-45.134
719.51	-45.353
719.83	-44.551
720.15	-46.32
720.47	-47.883
720.8	-48.927
721.12	-48.157
721.44	-49.14
721.76	-48.314
722.08	-47.943
722.4	-48.528
722.73	-49.217
723.05	-49.319
723.37	-50.265
723.69	-49.893
724.01	-49.264
724.33	-49.055
724.65	-48.453
724.97	-48.416
725.3	-47.025
725.62	-47.887
725.94	-47.545
726.26	-47.589
726.58	-47.496
726.9	-47.784
727.22	-47.627
727.54	-48.527
727.86	-47.812
728.18	-48.289
728.5	-49.029
728.82	-50.052
729.14	-49.656
729.46	-50.845
729.78	-50.568
730.1	-50.854
730.42	-50.716
730.74	-51.388
731.07	-51.106
731.39	-50.805
731.71	-49.799
732.03	-49.404
732.35	-49.443
732.66	-50.052
732.98	-48.96
733.3	-48.769
733.62	-49.079
733.94	-49.364
734.26	-49.04
734.58	-48.954
734.9	-50.885
735.22	-52.798
735.54	-52.922
735.86	-53.105
736.18	-53.1
736.5	-52.811
736.82	-53.371
737.14	-54.027
737.46	-54.102
737.78	-53.379
738.1	-53.9
738.41	-51.935
738.73	-50.572
739.05	-50.266
739.37	-49.622
739.69	-49.111
740.01	-49.547
740.33	-49.142
740.65	-47.97
740.96	-47.727
741.28	-47.853
741.6	-46.957
741.92	-47.7
742.24	-49.082
742.56	-49.496
742.88	-50.107
743.19	-50.864
743.51	-51.329
743.83	-51.534
744.15	-52.47
744.47	-53.078
744.78	-54.634
745.1	-55.587
745.42	-56.126
745.74	-55.04
746.06	-53.849
746.37	-53.731
746.69	-54.998
747.01	-55.18
747.33	-54.922
747.64	-54.864
747.96	-54.337
748.28	-53.137
748.6	-52.403
748.91	-52.275
749.23	-53.006
749.55	-53.448
749.87	-53.762
750.18	-52.709
750.5	-52.923
750.82	-53.588
751.13	-53.466
751.45	-54.226
751.77	-52.945
752.08	-53.645
752.4	-53.596
752.72	-53.719
753.03	-54.354
753.35	-54.824
753.67	-53.57
753.98	-53.801
754.3	-53.584
754.62	-53.459
754.93	-52.988
755.25	-53.731
755.57	-53.253
755.88	-54.446
756.2	-53.665
756.51	-53.01
756.83	-53.084
757.15	-53.533
757.46	-52.405
757.78	-51.932
758.09	-52.141
758.41	-52.286
758.73	-53.633
759.04	-52.565
759.36	-51.641
759.67	-51.348
759.99	-52.918
760.3	-50.848
760.62	-51.817
760.94	-51.527
761.25	-51.183
761.57	-51.605
761.88	-50.19
762.2	-49.899
762.51	-49.639
762.83	-48.724
763.14	-49.9
763.46	-48.512
763.77	-49.971
764.09	-49.101
764.4	-50.519
764.72	-50.784
765.03	-49.866
765.35	-49.509
765.66	-49.304
765.98	-50.303
766.29	-50.648
766.61	-49.544
766.92	-50.281
767.23	-51.116
767.55	-51.252
767.86	-50.704
768.18	-50.481
768.49	-51.798
768.81	-54.132
769.12	-54.284
769.43	-56.323
769.75	-58.346
770.06	-58.702
770.38	-58.505
770.69	-56.072
771	-57.185
771.32	-56.338
771.63	-56.318
771.94	-56.817
772.26	-56.19
772.57	-54.416
772.89	-52.944
773.2	-50.897
773.51	-52.438
773.83	-49.767
774.14	-48.422
774.45	-51.447
774.77	-51.57
775.08	-52.773
775.39	-51.029
775.7	-53.132
776.02	-56.986
776.33	-56.96
776.64	-58.385
776.96	-55.339
777.27	-57.826
777.58	-60.612
777.89	-57.072
778.21	-57.8
778.52	-57.6
778.83	-59.071
779.14	-55.927
779.46	-52.358
779.77	-51.143
780.08	-50.231
780.39	-51.908
780.71	-51.887
781.02	-52.299
781.33	-51.172
781.64	-50.155
781.95	-49.834
782.27	-49.537
782.58	-49.461
782.89	-49.877
783.2	-50.994
783.51	-49.722
783.83	-47.909
784.14	-49.953
784.45	-50.726
784.76	-50.767
785.07	-49.012
785.38	-48.913
785.7	-46.856
786.01	-46.974
786.32	-47.492
786.63	-46.673
786.94	-48.607
787.25	-48.648
787.56	-47.9
787.87	-47.633
788.18	-48.321
788.5	-49.598
788.81	-50.479
789.12	-51.091
789.43	-52.415
789.74	-54.103
790.05	-56.131
790.36	-54.575
790.67	-56.469
790.98	-54.968
791.29	-50.448
791.6	-50.074
791.91	-50.415
792.22	-51.654
792.53	-50.607
792.84	-48.521
793.15	-46.454
793.46	-44.796
793.77	-47.28
794.08	-46.916
794.39	-49.598
794.7	-54.453
795.01	-56.47
795.32	-57.581
795.63	-56.041
795.94	-60.126
796.25	-60.796
796.56	-63.287
796.87	-64.355
797.18	-62.54
797.49	-61.708
797.8	-57.914
798.11	-56.237
798.42	-54.21
798.73	-53.019
799.04	-51.29
799.35	-49.946
799.65	-49.477
799.96	-46.585
800.27	-43.138
800.58	-42.489
800.89	-45.558
801.2	-50.65
801.51	-48.262
801.82	-51.577
802.13	-53.827
802.43	-53.147
802.74	-53.466
803.05	-57.868
803.36	-61.192
803.67	-61.778
803.98	-65.815
804.28	-60.755
804.59	-56.946
804.9	-57.574
805.21	-55.485
805.52	-52.109
805.83	-53.351
806.13	-52.496
806.44	-51.331
806.75	-48.473
807.06	-47.579
807.36	-44.744
807.67	-46.962
807.98	-47.515
808.29	-50.134
808.6	-48.694
808.9	-50.37
809.21	-53.763
809.52	-55.2
809.83	-53.226
810.13	-55.601
810.44	-60.023
810.75	-65.351
811.05	-63.415
811.36	-59.887
811.67	-59.275
811.98	-59.212
812.28	-61.777
812.59	-57.49
812.9	-58.868
813.2	-58.267
813.51	-58.261
813.82	-57.388
814.12	-54.376
814.43	-54.447
814.74	-64.948
815.04	-63.537
815.35	-60.877
815.65	-58.975
815.96	-58.25
816.27	-53.133
816.57	-54.986
816.88	-50.937
817.19	-48.408
817.49	-43.531
817.8	-46.085
818.1	-40.227
818.41	-41.139
818.72	-42.573
819.02	-45.885
819.33	-46.193
819.63	-45.012
819.94	-45.124
820.24	-45.082
820.55	-47.494
820.85	-46.925
821.16	-45.584
821.47	-46.225
821.77	-46.478
822.08	-47.437
822.38	-45.662
822.69	-46.28
822.99	-47.161
823.3	-46.346
823.6	-46.868
823.91	-46.976
824.21	-48.082
824.52	-48.167
824.82	-47.349
825.13	-47.406
825.43	-46.295
825.73	-45.764
826.04	-46.22
826.34	-46.635
826.65	-47.447
826.95	-47.445
827.26	-46.363
827.56	-45.883
827.87	-47.464
828.17	-50.567
828.47	-50.898
828.78	-51.436
829.08	-53.874
829.39	-53.358
829.69	-54.295
829.99	-56.726
830.3	-57.738
830.6	-63.968
830.9	-67.455
831.21	-67.077
831.51	-65.367
831.82	-63.498
832.12	-63.741
832.42	-60.747
832.73	-60.094
833.03	-59.06
833.33	-58.728
833.64	-58.4
833.94	-52.652
834.24	-50.724
834.54	-47.78
834.85	-45.657
835.15	-47
835.45	-46.624
835.76	-48.599
836.06	-51.011
836.36	-49.485
836.66	-48.805
836.97	-45.678
837.27	-49.216
837.57	-48.538
837.87	-51.572
838.18	-59.157
838.48	-58.5
838.78	-59.558
839.08	-54.736
839.39	-52.712
839.69	-53.242
839.99	-48.56
840.29	-58.653
840.59	-60.158
840.9	-60.163
841.2	-60.435
841.5	-50.933
841.8	-53.146
842.1	-50.766
842.41	-54.57
842.71	-53.857
843.01	-46.419
843.31	-45.731
843.61	-46.203
843.91	-41.941
844.21	-50.47
844.52	-61.979
844.82	-61.1
845.12	-55.108
845.42	-48.082
845.72	-45.225
846.02	-34.714
846.32	-40.645
846.62	-41.203
846.92	-34.949
847.22	-29.001
847.52	-27.265
847.83	-20.693
848.13	-25.464
848.43	-34.14
848.73	-42.828
849.03	-55.116
849.33	-70
849.63	-65.342
849.93	-63.411
850.23	-58.945
850.53	-63.959
850.83	-53.907
851.13	-51.679
851.43	-58.267
851.73	-60.424
852.03	-72.071
852.33	-79.853
852.63	-76.462
852.93	-103.78
853.23	-111.723
853.53	-128.439
853.83	-157.987
854.13	-198.413
854.43	-252.648
854.73	-244.04
855.03	-199.399
855.32	-208.38
855.62	-163.594
855.92	-209.735
856.22	-177.184
856.52	-205.25
856.82	-189.873
857.12	-161.136
857.42	-149.887
857.72	-113.786
858.02	-124.016
858.31	-125.245
858.61	-105.827
858.91	-95.307
859.21	-82.18
859.51	-81.227
859.81	-67.027
860.11	-69.287
860.4	-58.919
860.7	-40.323
861	-59.312
861.3	-38.434
861.6	-50.902
861.9	-38.91
862.19	-27.14
862.49	-32.056
862.79	-16.438
863.09	-10.219
863.39	-6.391
863.68	-7.663
863.98	-25.911
864.28	-14.512
864.58	-15.542
864.87	-4.712
865.17	-1.826
865.47	-5.065
865.77	-3.327
866.06	-10.225
866.36	-7.205
866.66	-10.616
866.96	-16.373
867.25	-11.881
867.55	-10.685
867.85	-17.71
868.14	-20.935
868.44	-25.759
868.74	-30.377
869.03	-28.282
869.33	-23.765
869.63	-29.376
869.92	-32.548
870.22	-39.545
870.52	-56.683
870.81	-65.177
871.11	-51.695
871.41	-45.422
871.7	-60.512
872	-71.984
872.3	-63.089
872.59	-72.553
872.89	-102.347
873.18	-96.071
873.48	-81.607
873.78	-67.205
874.07	-93.393
874.37	-117.255
874.66	-133.526
874.96	-124.8
875.25	-107.249
875.55	-100.654
875.85	-101.08
876.14	-93.198
876.44	-80.243
876.73	-64.957
877.03	-68.39
877.32	-53.74
877.62	-43.166
877.91	-47.121
878.21	-43.439
878.5	-44.844
878.8	-69.348
879.09	-54.526
879.39	-78.606
879.68	-154.007
879.98	-143.919
880.27	-97.549
880.57	-78.799
880.86	-71.264
881.16	-59.499
881.45	-53.212
881.74	-49.634
882.04	-49.504
882.33	-51.009
882.63	-45.07
882.92	-44.909
883.22	-45.582
883.51	-46.356
883.8	-44.729
884.1	-45.22
884.39	-44.798
884.69	-46.71
884.98	-45.55
885.27	-42.951
885.57	-44.717
885.86	-46.889
886.15	-47.911
886.45	-55.265
886.74	-57.963
887.03	-69.501
887.33	-76.426
887.62	-80.314
887.91	-102.632
888.21	-70.213
888.5	-93.548
888.79	900
889.09	-62.222
