190.56	130.435
190.94	130.435
191.32	130.435
191.7	-925
192.08	228.571
192.46	657.692
192.84	213.636
193.22	212.644
193.6	161.957
193.98	241.667
194.36	3025
194.74	-192.424
195.13	-8700
195.51	61.538
195.89	-775
196.27	-35
196.65	-200
197.03	-9.524
197.4	28.302
197.78	17.822
198.16	42.045
198.54	-458.333
198.92	-160.87
199.3	2266.667
199.68	548.148
200.06	-287.179
200.44	-127.692
200.82	-145.872
201.2	-71.812
201.58	-103.175
201.96	-124.832
202.34	-126.19
202.72	-99.462
203.1	-74.89
203.48	-87.547
203.86	-47.279
204.24	-44.788
204.62	-77.481
205	-61.433
205.38	-69.455
205.76	-31.65
206.13	-1.286
206.51	9.845
206.89	-22.609
207.27	-21.901
207.65	18.147
208.03	3.836
208.41	12.195
208.79	15.341
209.17	4.63
209.55	-4.843
209.93	-35.176
210.3	-40.338
210.68	-28.109
211.06	-15.217
211.44	-25.99
211.82	-9.533
212.2	-2.032
212.58	-5.992
212.96	-5.674
213.33	-1.02
213.71	-5.035
214.09	0.163
214.47	-3.231
214.85	-13.99
215.23	-10.211
215.61	-15.644
215.98	-22.222
216.36	-33.167
216.74	-31.732
217.12	-11.449
217.5	-15.245
217.88	-7.926
218.25	1.284
218.63	-2.593
219.01	-5.727
219.39	-8.752
219.77	1.361
220.14	1.548
220.52	10
220.9	10.105
221.28	2.576
221.66	7.546
222.03	4.439
222.41	2.353
222.79	1.577
223.17	5.719
223.55	7.703
223.92	8.872
224.3	4.905
224.68	1.607
225.06	-1.559
225.43	-2.099
225.81	-2.625
226.19	0.553
226.57	-0.435
226.95	2.209
227.32	2.729
227.7	2.394
228.08	1.864
228.46	2.605
228.83	0.905
229.21	0.855
229.59	1.105
229.96	2.171
230.34	2.428
230.72	3.519
231.1	3.208
231.47	1.856
231.85	2.244
232.23	3.002
232.6	3.7
232.98	6.54
233.36	7.086
233.74	7.857
234.11	7.739
234.49	7.022
234.87	6.032
235.24	5.041
235.62	5.905
236	5.655
236.37	4.087
236.75	2.542
237.13	1.637
237.5	1.431
237.88	1.442
238.26	-0.201
238.63	0.192
239.01	1.817
239.39	3.094
239.76	3.521
240.14	4.021
240.52	4.62
240.89	4.749
241.27	4.974
241.65	5.299
242.02	5.012
242.4	5.629
242.77	5.446
243.15	4.861
243.53	4.477
243.9	4.154
244.28	3.748
244.66	3.476
245.03	3.607
245.41	3.85
245.78	3.777
246.16	3.654
246.54	3.395
246.91	3.341
247.29	3.267
247.66	3.515
248.04	3.928
248.41	3.762
248.79	3.786
249.17	3.722
249.54	3.531
249.92	3.508
250.29	3.126
250.67	3.143
251.04	3.028
251.42	3.527
251.8	4.132
252.17	3.642
252.55	4.235
252.92	4.694
253.3	4.42
253.67	4.019
254.05	3.724
254.42	4.219
254.8	4.317
255.17	4.113
255.55	3.57
255.92	2.146
256.3	2.247
256.67	1.746
257.05	1.433
257.42	2
257.8	1.994
258.17	2.099
258.55	2.303
258.92	2.292
259.3	2.161
259.67	2.139
260.05	2.494
260.42	2.383
260.8	2.843
261.17	3.038
261.55	2.975
261.92	3.16
262.3	3.257
262.67	3.062
263.05	3.146
263.42	3.531
263.79	3.698
264.17	3.588
264.54	3.807
264.92	3.27
265.29	3.122
265.67	2.897
266.04	2.868
266.42	3.129
266.79	3.289
267.16	3.022
267.54	2.944
267.91	2.607
268.29	2.143
268.66	1.86
269.03	1.713
269.41	1.649
269.78	1.766
270.16	1.622
270.53	1.432
270.9	1.185
271.28	1.534
271.65	1.599
272.03	1.904
272.4	1.979
272.77	2.006
273.15	2.124
273.52	2.25
273.89	2.172
274.27	2.216
274.64	2.202
275.01	2.356
275.39	1.808
275.76	1.991
276.14	1.798
276.51	1.941
276.88	2.163
277.26	2.179
277.63	2.123
278	2.11
278.38	2.212
278.75	2.244
279.12	2.339
279.49	2.769
279.87	2.658
280.24	2.568
280.61	2.543
280.99	2.39
281.36	2.185
281.73	2.138
282.11	2.165
282.48	2.132
282.85	1.976
283.22	2.018
283.6	1.698
283.97	1.731
284.34	1.689
284.71	1.754
285.09	1.865
285.46	2.013
285.83	2.011
286.21	2.078
286.58	2.297
286.95	2.315
287.32	2.102
287.7	2.169
288.07	2.322
288.44	2.601
288.81	2.571
289.18	2.55
289.56	2.592
289.93	2.603
290.3	2.785
290.67	2.67
291.05	2.852
291.42	3.152
291.79	3.494
292.16	3.275
292.53	3.315
292.91	3.431
293.28	3.736
293.65	3.807
294.02	3.872
294.39	3.744
294.76	3.723
295.14	3.818
295.51	3.721
295.88	3.722
296.25	3.892
296.62	3.836
297	3.917
297.37	3.867
297.74	3.974
298.11	4.02
298.48	4.277
298.85	4.545
299.22	4.576
299.6	4.679
299.97	4.735
300.34	4.893
300.71	5.076
301.08	5.24
301.45	5.325
301.82	5.482
302.19	5.651
302.56	5.828
302.94	5.792
303.31	5.828
303.68	6.019
304.05	6.122
304.42	6.148
304.79	6.092
305.16	6.187
305.53	6.207
305.9	6.253
306.27	6.386
306.64	6.268
307.02	6.271
307.39	6.259
307.76	6.37
308.13	6.337
308.5	6.328
308.87	6.696
309.24	6.653
309.61	6.869
309.98	6.944
310.35	7.053
310.72	7.119
311.09	7.293
311.46	7.569
311.83	7.926
312.2	8.038
312.57	8.387
312.94	8.598
313.31	8.614
313.68	8.645
314.05	8.755
314.42	8.683
314.79	8.881
315.16	9.234
315.53	9.376
315.9	9.462
316.27	9.987
316.64	9.978
317.01	9.831
317.38	10.084
317.75	10.471
318.12	10.778
318.49	11.447
318.86	11.62
319.23	11.581
319.6	11.754
319.97	11.907
320.34	11.966
320.71	12.495
321.08	13.045
321.45	13.702
321.82	13.902
322.19	14.36
322.55	14.353
322.92	14.815
323.29	15.127
323.66	15.504
324.03	15.784
324.4	16.164
324.77	16.158
325.14	16.533
325.51	16.684
325.88	16.966
326.25	17.227
326.61	17.518
326.98	17.817
327.35	18.219
327.72	18.673
328.09	19.03
328.46	19.181
328.83	19.547
329.2	19.827
329.56	20.182
329.93	20.549
330.3	20.734
330.67	21.276
331.04	21.626
331.41	22
331.78	22.106
332.14	22.327
332.51	22.769
332.88	22.962
333.25	22.986
333.62	23.089
333.99	23.137
334.35	23.256
334.72	23.244
335.09	23.247
335.46	23.181
335.83	23.158
336.19	23.042
336.56	23.043
336.93	23.205
337.3	23.52
337.67	23.687
338.03	23.772
338.4	23.706
338.77	23.853
339.14	23.932
339.5	24.041
339.87	24.188
340.24	24.405
340.61	24.376
340.97	24.532
341.34	24.495
341.71	24.52
342.08	24.463
342.44	24.652
342.81	24.594
343.18	24.479
343.55	24.321
343.91	24.304
344.28	24.354
344.65	24.241
345.02	24.094
345.38	23.921
345.75	23.74
346.12	23.543
346.48	23.401
346.85	23.169
347.22	23.119
347.59	23.154
347.95	23.004
348.32	22.691
348.69	22.757
349.05	22.771
349.42	22.607
349.79	22.568
350.15	22.727
350.52	22.671
350.89	22.679
351.25	22.517
351.62	22.292
351.99	22.371
352.35	22.385
352.72	22.17
353.09	22.011
353.45	22.046
353.82	22.083
354.18	22.118
354.55	21.962
354.92	21.755
355.28	21.729
355.65	21.744
356.02	21.569
356.38	21.543
356.75	21.446
357.11	21.464
357.48	21.463
357.85	21.47
358.21	21.384
358.58	21.459
358.94	21.554
359.31	21.491
359.67	21.465
360.04	21.54
360.41	21.476
360.77	21.491
361.14	21.404
361.5	21.314
361.87	21.266
362.23	21.219
362.6	21.135
362.97	21.074
363.33	21.103
363.7	21.236
364.06	21.111
364.43	21.126
364.79	21.288
365.16	21.331
365.52	21.302
365.89	21.066
366.25	21.057
366.62	21.07
366.98	21.077
367.35	21.026
367.71	20.923
368.08	21.037
368.44	21.104
368.81	21.021
369.17	20.969
369.54	21.245
369.9	21.474
370.27	21.472
370.63	21.522
371	21.682
371.36	21.58
371.73	21.521
372.09	21.47
372.45	21.417
372.82	21.488
373.18	21.589
373.55	21.374
373.91	21.468
374.28	21.371
374.64	21.518
375.01	21.562
375.37	21.794
375.73	21.847
376.1	21.951
376.46	22.157
376.83	22.253
377.19	22.387
377.55	22.509
377.92	22.435
378.28	22.536
378.65	22.436
379.01	22.429
379.37	22.555
379.74	22.638
380.1	22.564
380.47	22.721
380.83	22.727
381.19	22.712
381.56	22.819
381.92	22.979
382.28	23.344
382.65	23.523
383.01	23.699
383.37	23.749
383.74	23.925
384.1	24.175
384.46	24.206
384.83	24.329
385.19	24.372
385.55	24.494
385.92	24.751
386.28	24.693
386.64	24.799
387.01	24.93
387.37	25.133
387.73	25.278
388.1	25.348
388.46	25.249
388.82	25.209
389.18	25.383
389.55	25.447
389.91	25.271
390.27	25.309
390.64	25.351
391	25.359
391.36	25.198
391.72	25.136
392.09	25.149
392.45	25.377
392.81	25.454
393.17	25.483
393.54	25.419
393.9	25.596
394.26	25.711
394.62	25.776
394.99	25.783
395.35	25.858
395.71	25.954
396.07	26.04
396.43	25.891
396.8	25.816
397.16	25.85
397.52	25.912
397.88	25.752
398.24	25.659
398.61	25.501
398.97	25.512
399.33	25.498
399.69	25.556
400.05	25.551
400.42	25.572
400.78	25.675
401.14	25.509
401.5	25.577
401.86	25.586
402.22	25.577
402.59	25.764
402.95	25.76
403.31	25.929
403.67	25.918
404.03	25.85
404.39	25.924
404.75	25.954
405.12	26.058
405.48	26.078
405.84	26.185
406.2	26.161
406.56	26.249
406.92	26.265
407.28	26.252
407.64	26.169
408	26.14
408.36	26.191
408.73	26.229
409.09	26.25
409.45	26.278
409.81	26.316
410.17	26.175
410.53	26.006
410.89	25.847
411.25	25.76
411.61	25.793
411.97	25.854
412.33	25.706
412.69	25.612
413.05	25.644
413.41	25.646
413.77	25.637
414.13	25.96
414.5	25.99
414.86	26.067
415.22	25.985
415.58	25.896
415.94	25.871
416.3	25.856
416.66	25.852
417.02	25.852
417.38	25.776
417.74	25.593
418.1	25.438
418.46	25.326
418.82	25.199
419.18	25.261
419.54	25.249
419.9	25.249
420.26	25.268
420.61	25.183
420.97	25.082
421.33	24.991
421.69	25.134
422.05	25.152
422.41	25.22
422.77	25.311
423.13	25.328
423.49	25.338
423.85	25.269
424.21	25.216
424.57	25.26
424.93	25.345
425.29	25.407
425.65	25.421
426.01	25.423
426.36	25.401
426.72	25.409
427.08	25.325
427.44	25.316
427.8	25.332
428.16	25.281
428.52	25.397
428.88	25.3
429.24	25.272
429.59	25.067
429.95	25.053
430.31	24.964
430.67	24.922
431.03	24.986
431.39	25.02
431.75	25.096
432.1	25.143
432.46	24.982
432.82	25.019
433.18	25.013
433.54	25.068
433.9	25.077
434.25	25.174
434.61	25.308
434.97	25.242
435.33	25.246
435.69	25.224
436.04	25.218
436.4	25.387
436.76	25.437
437.12	25.558
437.48	25.792
437.83	25.843
438.19	25.867
438.55	25.936
438.91	26.113
439.27	26.202
439.62	26.302
439.98	26.42
440.34	26.48
440.7	26.661
441.05	26.738
441.41	26.718
441.77	26.811
442.13	26.973
442.48	26.982
442.84	27.03
443.2	27.18
443.56	27.266
443.91	27.331
444.27	27.431
444.63	27.438
444.98	27.551
445.34	27.606
445.7	27.702
446.05	27.772
446.41	27.91
446.77	28.046
447.13	28.07
447.48	28.105
447.84	28.256
448.2	28.325
448.55	28.449
448.91	28.499
449.27	28.657
449.62	28.794
449.98	28.885
450.34	28.974
450.69	29.119
451.05	29.345
451.4	29.528
451.76	29.674
452.12	29.818
452.47	29.924
452.83	30.088
453.19	30.173
453.54	30.304
453.9	30.445
454.25	30.546
454.61	30.596
454.97	30.602
455.32	30.681
455.68	30.795
456.03	30.921
456.39	31.01
456.75	31.104
457.1	31.202
457.46	31.25
457.81	31.353
458.17	31.496
458.52	31.589
458.88	31.66
459.24	31.79
459.59	31.834
459.95	31.922
460.3	31.925
460.66	31.982
461.01	32.03
461.37	32.146
461.72	32.253
462.08	32.365
462.43	32.42
462.79	32.497
463.14	32.495
463.5	32.625
463.85	32.645
464.21	32.699
464.56	32.755
464.92	32.77
465.27	32.777
465.63	32.755
465.98	32.747
466.34	32.777
466.69	32.705
467.05	32.88
467.4	32.841
467.76	32.875
468.11	32.951
468.47	32.971
468.82	33.049
469.18	32.992
469.53	32.988
469.88	32.965
470.24	33.079
470.59	33.173
470.95	33.178
471.3	33.212
471.66	33.225
472.01	33.245
472.36	33.182
472.72	33.233
473.07	33.3
473.43	33.314
473.78	33.45
474.13	33.383
474.49	33.51
474.84	33.539
475.19	33.436
475.55	33.428
475.9	33.408
476.26	33.517
476.61	33.539
476.96	33.462
477.32	33.502
477.67	33.281
478.02	33.226
478.38	33.179
478.73	33.128
479.08	33.225
479.44	33.267
479.79	33.196
480.14	33.124
480.5	33.049
480.85	33.135
481.2	33.103
481.56	33.103
481.91	33.112
482.26	33.082
482.62	33.081
482.97	33.051
483.32	33.007
483.67	33.032
484.03	33.015
484.38	33.017
484.73	32.992
485.08	32.984
485.44	33.003
485.79	33.041
486.14	33.029
486.49	32.951
486.85	32.944
487.2	32.941
487.55	32.968
487.9	32.96
488.26	32.963
488.61	32.957
488.96	32.944
489.31	32.99
489.67	32.99
490.02	32.972
490.37	32.957
490.72	32.909
491.07	32.891
491.43	32.817
491.78	32.836
492.13	32.882
492.48	32.842
492.83	32.895
493.19	32.833
493.54	32.71
493.89	32.703
494.24	32.769
494.59	32.877
494.94	32.916
495.29	32.918
495.65	32.847
496	32.864
496.35	32.875
496.7	32.823
497.05	32.778
497.4	32.809
497.75	32.918
498.11	32.91
498.46	32.874
498.81	32.878
499.16	32.937
499.51	32.971
499.86	32.89
500.21	32.888
500.56	32.836
500.91	32.872
501.26	32.883
501.62	32.793
501.97	32.817
502.32	32.752
502.67	32.723
503.02	32.688
503.37	32.723
503.72	32.69
504.07	32.656
504.42	32.638
504.77	32.556
505.12	32.485
505.47	32.434
505.82	32.359
506.17	32.37
506.52	32.351
506.87	32.369
507.22	32.284
507.57	32.207
507.92	32.202
508.27	32.278
508.62	32.315
508.97	32.31
509.32	32.237
509.67	32.292
510.02	32.385
510.37	32.329
510.72	32.267
511.07	32.271
511.42	32.273
511.77	32.328
512.12	32.227
512.47	32.193
512.82	32.186
513.17	32.209
513.52	32.091
513.87	31.889
514.22	31.874
514.57	31.813
514.91	31.723
515.26	31.696
515.61	31.628
515.96	31.561
516.31	31.552
516.66	31.488
517.01	31.412
517.36	31.409
517.71	31.429
518.06	31.383
518.41	31.254
518.75	31.264
519.1	31.277
519.45	31.243
519.8	31.205
520.15	31.131
520.5	31.041
520.85	31.018
521.19	31.003
521.54	30.928
521.89	30.844
522.24	30.979
522.59	30.932
522.94	30.727
523.28	30.575
523.63	30.525
523.98	30.443
524.33	30.423
524.68	30.404
525.03	30.294
525.37	30.215
525.72	30.134
526.07	29.976
526.42	29.857
526.76	29.843
527.11	29.804
527.46	29.728
527.81	29.737
528.16	29.717
528.5	29.646
528.85	29.626
529.2	29.589
529.55	29.553
529.89	29.545
530.24	29.541
530.59	29.469
530.94	29.369
531.28	29.318
531.63	29.158
531.98	29.044
532.32	28.937
532.67	28.855
533.02	28.831
533.37	28.781
533.71	28.695
534.06	28.646
534.41	28.636
534.75	28.599
535.1	28.544
535.45	28.525
535.79	28.507
536.14	28.528
536.49	28.498
536.83	28.348
537.18	28.3
537.53	28.307
537.87	28.306
538.22	28.279
538.57	28.221
538.91	28.163
539.26	28.09
539.61	27.996
539.95	27.93
540.3	27.92
540.64	27.915
540.99	27.855
541.34	27.816
541.68	27.706
542.03	27.642
542.37	27.68
542.72	27.653
543.07	27.623
543.41	27.613
543.76	27.559
544.1	27.496
544.45	27.457
544.8	27.488
545.14	27.439
545.49	27.482
545.83	27.505
546.18	27.466
546.52	27.553
546.87	27.611
547.21	27.595
547.56	27.571
547.9	27.57
548.25	27.609
548.59	27.6
548.94	27.608
549.29	27.609
549.63	27.538
549.98	27.541
550.32	27.33
550.67	27.276
551.01	27.311
551.35	27.419
551.7	27.416
552.04	27.484
552.39	27.486
552.73	27.602
553.08	27.597
553.42	27.577
553.77	27.575
554.11	27.708
554.46	27.73
554.8	27.814
555.15	27.74
555.49	27.705
555.83	27.712
556.18	27.733
556.52	27.652
556.87	27.707
557.21	27.811
557.56	27.824
557.9	27.897
558.24	27.969
558.59	27.997
558.93	28.021
559.28	28.085
559.62	28.133
559.96	28.1
560.31	28.081
560.65	28.056
560.99	28.083
561.34	28.151
561.68	28.143
562.02	28.173
562.37	28.044
562.71	28.177
563.06	28.196
563.4	28.125
563.74	28.198
564.09	28.166
564.43	28.145
564.77	28.084
565.11	28.02
565.46	27.939
565.8	27.889
566.14	27.943
566.49	27.844
566.83	27.754
567.17	27.799
567.52	27.719
567.86	27.752
568.2	27.767
568.54	27.73
568.89	27.751
569.23	27.797
569.57	27.818
569.91	27.724
570.26	27.638
570.6	27.67
570.94	27.665
571.28	27.666
571.63	27.653
571.97	27.707
572.31	27.747
572.65	27.771
573	27.745
573.34	27.761
573.68	27.916
574.02	28.004
574.36	28.028
574.71	27.987
575.05	27.99
575.39	28.054
575.73	27.929
576.07	28.038
576.42	28.001
576.76	28.087
577.1	28.086
577.44	28.097
577.78	28.248
578.12	28.349
578.46	28.418
578.81	28.542
579.15	28.476
579.49	28.604
579.83	28.52
580.17	28.657
580.51	28.637
580.85	28.554
581.2	28.555
581.54	28.432
581.88	28.45
582.22	28.541
582.56	28.666
582.9	28.72
583.24	28.971
583.58	29.017
583.92	29.108
584.26	29.203
584.6	29.334
584.95	29.428
585.29	29.67
585.63	29.832
585.97	29.824
586.31	29.873
586.65	30.094
586.99	30.08
587.33	30.25
587.67	30.318
588.01	30.539
588.35	30.886
588.69	31.1
589.03	31.176
589.37	31.341
589.71	31.503
590.05	31.661
590.39	31.753
590.73	31.879
591.07	32.127
591.41	32.353
591.75	32.507
592.09	32.463
592.43	32.423
592.77	32.64
593.11	32.752
593.45	32.945
593.79	32.961
594.13	33.075
594.47	33.281
594.81	33.355
595.14	33.433
595.48	33.448
595.82	33.583
596.16	33.787
596.5	33.877
596.84	33.89
597.18	34.055
597.52	34.329
597.86	34.519
598.2	34.574
598.54	34.797
598.87	34.982
599.21	35.181
599.55	35.481
599.89	35.698
600.23	35.913
600.57	36.12
600.91	36.248
601.25	36.289
601.58	36.506
601.92	36.619
602.26	36.582
602.6	36.747
602.94	36.915
603.28	36.952
603.61	36.899
603.95	36.888
604.29	37.078
604.63	37.173
604.97	37.403
605.3	37.398
605.64	37.498
605.98	37.627
606.32	37.735
606.66	37.896
606.99	38.144
607.33	38.528
607.67	38.605
608.01	38.759
608.34	38.895
608.68	38.914
609.02	39.116
609.36	39.349
609.69	39.511
610.03	39.487
610.37	39.558
610.71	39.479
611.04	39.584
611.38	39.724
611.72	39.749
612.06	39.908
612.39	39.962
612.73	40.096
613.07	40.197
613.4	40.281
613.74	40.523
614.08	40.523
614.41	40.676
614.75	40.625
615.09	40.791
615.42	40.827
615.76	40.887
616.1	40.959
616.43	40.963
616.77	40.865
617.11	40.973
617.44	40.73
617.78	40.841
618.12	40.802
618.45	40.724
618.79	40.682
619.13	40.653
619.46	40.469
619.8	40.56
620.13	40.47
620.47	40.587
620.81	40.582
621.14	40.752
621.48	40.691
621.81	40.735
622.15	40.851
622.48	40.931
622.82	41.006
623.16	41.319
623.49	41.396
623.83	41.651
624.16	41.688
624.5	41.734
624.83	41.81
625.17	41.874
625.5	41.908
625.84	42.007
626.18	42.054
626.51	42.112
626.85	41.995
627.18	41.871
627.52	41.812
627.85	41.791
628.19	41.8
628.52	41.843
628.86	41.792
629.19	41.936
629.53	41.87
629.86	41.929
630.19	42.093
630.53	42.156
630.86	42.189
631.2	42.035
631.53	41.998
631.87	41.966
632.2	41.938
632.54	42.195
632.87	42.149
633.2	42.133
633.54	42.021
633.87	41.85
634.21	41.645
634.54	41.673
634.88	41.941
635.21	41.934
635.54	42.056
635.88	41.903
636.21	41.748
636.55	41.631
636.88	41.649
637.21	41.71
637.55	41.737
637.88	41.762
638.21	41.67
638.55	41.318
638.88	41.388
639.21	41.133
639.55	41.325
639.88	41.273
640.21	41.416
640.55	41.259
640.88	41.421
641.21	41.309
641.55	41.649
641.88	41.735
642.21	41.838
642.55	41.718
642.88	41.866
643.21	41.821
643.55	41.882
643.88	41.773
644.21	41.703
644.54	41.536
644.88	41.511
645.21	41.392
645.54	41.527
645.87	41.665
646.21	41.678
646.54	41.759
646.87	41.826
647.2	41.776
647.54	41.926
647.87	42.309
648.2	42.265
648.53	42.34
648.87	42.015
649.2	41.838
649.53	41.97
649.86	42.299
650.19	42.295
650.53	42.29
650.86	42.385
651.19	42.242
651.52	42.21
651.85	42.272
652.18	42.274
652.52	42.506
652.85	42.721
653.18	42.265
653.51	42.035
653.84	42.098
654.17	42
654.51	41.828
654.84	41.781
655.17	41.714
655.5	41.643
655.83	41.708
656.16	41.807
656.49	41.741
656.82	42.072
657.15	42.082
657.49	41.941
657.82	42.038
658.15	42.322
658.48	42.386
658.81	42.28
659.14	42.353
659.47	42.358
659.8	42.251
660.13	42.36
660.46	42.162
660.79	42.054
661.12	41.843
661.45	42.013
661.78	41.663
662.11	41.514
662.44	41.522
662.77	41.249
663.1	41.363
663.43	41.358
663.76	41.078
664.09	41.316
664.42	41.36
664.75	41.714
665.08	41.291
665.41	41.296
665.74	41.257
666.07	41.315
666.4	41.442
666.73	41.118
667.06	41.118
667.39	40.941
667.72	40.834
668.05	41
668.38	40.628
668.71	40.62
669.04	40.802
669.37	41.091
669.7	40.97
670.03	40.867
670.36	40.855
670.69	40.797
671.01	41.001
671.34	40.89
671.67	40.563
672	40.383
672.33	40.428
672.66	40.175
672.99	40.02
673.32	39.941
673.64	39.945
673.97	40.011
674.3	39.951
674.63	39.783
674.96	39.919
675.29	40.143
675.62	40.482
675.94	40.714
676.27	40.569
676.6	40.387
676.93	40.232
677.26	40.208
677.58	39.923
677.91	39.844
678.24	39.779
678.57	39.671
678.9	39.473
679.22	39.605
679.55	39.192
679.88	39.27
680.21	39.335
680.54	39.35
680.86	39.358
681.19	39.388
681.52	39.303
681.85	39.349
682.17	39.309
682.5	39.057
682.83	38.567
683.16	38.725
683.48	38.762
683.81	38.7
684.14	38.604
684.46	38.525
684.79	38.662
685.12	38.859
685.45	38.746
685.77	38.57
686.1	38.982
686.43	39.113
686.75	38.899
687.08	38.875
687.41	38.667
687.73	38.664
688.06	38.643
688.39	38.519
688.71	38.493
689.04	38.628
689.36	38.469
689.69	38.132
690.02	38.187
690.34	38.198
690.67	37.918
691	37.991
691.32	37.679
691.65	37.473
691.97	37.267
692.3	36.645
692.63	36.501
692.95	36.253
693.28	35.979
693.6	35.716
693.93	35.884
694.26	35.715
694.58	35.495
694.91	35.643
695.23	35.65
695.56	35.367
695.88	35.225
696.21	34.617
696.53	35.131
696.86	34.605
697.18	34.527
697.51	34.134
697.83	34.254
698.16	34.05
698.48	33.675
698.81	32.991
699.13	32.865
699.46	32.793
699.78	32.806
700.11	32.102
700.43	32.107
700.76	31.849
701.08	31.582
701.41	31.297
701.73	30.915
702.06	30.795
702.38	30.946
702.71	30.951
703.03	30.959
703.35	30.778
703.68	30.762
704	30.551
704.33	30.464
704.65	29.966
704.98	29.506
705.3	29.644
705.62	29.737
705.95	30.013
706.27	29.68
706.6	29.221
706.92	28.905
707.24	28.725
707.57	28.835
707.89	27.881
708.21	27.564
708.54	27.541
708.86	27.344
709.18	27.372
709.51	26.935
709.83	26.723
710.15	26.723
710.48	26.425
710.8	26.458
711.12	25.858
711.45	26.251
711.77	26.594
712.09	26.223
712.42	26.104
712.74	25.691
713.06	25.516
713.38	25.347
713.71	25.295
714.03	25.133
714.35	24.804
714.68	25.155
715	25.422
715.32	25.559
715.64	25.223
715.97	24.74
716.29	24.32
716.61	23.835
716.93	24.257
717.25	24.068
717.58	24.214
717.9	24.058
718.22	24.09
718.54	23.414
718.87	23.157
719.19	23.364
719.51	23.37
719.83	23.099
720.15	23.341
720.47	22.477
720.8	21.698
721.12	21.408
721.44	21.766
721.76	21.159
722.08	20.44
722.4	19.545
722.73	19.15
723.05	18.184
723.37	18.634
723.69	17.939
724.01	16.694
724.33	16.191
724.65	15.56
724.97	14.224
725.3	13.977
725.62	14.078
725.94	13.495
726.26	13.36
726.58	13.942
726.9	12.978
727.22	12.601
727.54	12.602
727.86	12.864
728.18	13.327
728.5	13.236
728.82	12.88
729.14	13.056
729.46	12.571
729.78	12.704
730.1	11.792
730.42	11.727
730.74	12.108
731.07	12.83
731.39	12.197
731.71	11.614
732.03	11.602
732.35	11.495
732.66	11.099
732.98	11.258
733.3	10.491
733.62	11.056
733.94	10.54
734.26	10.11
734.58	9.828
734.9	10.636
735.22	10.762
735.54	11.257
735.86	11.326
736.18	11.31
736.5	11.843
736.82	12.012
737.14	11.916
737.46	11.995
737.78	11.145
738.1	10.362
738.41	9.015
738.73	8.377
739.05	8.462
739.37	7.816
739.69	8.063
740.01	7.634
740.33	6.915
740.65	5.597
740.96	5.032
741.28	5.453
741.6	5.844
741.92	6.234
742.24	6.757
742.56	5.114
742.88	6.028
743.19	4.553
743.51	3.812
743.83	4.069
744.15	4.076
744.47	5.184
744.78	4.628
745.1	4.588
745.42	4.432
745.74	3.28
746.06	2.587
746.37	1.6
746.69	3.248
747.01	3.679
747.33	2.811
747.64	4.001
747.96	1.837
748.28	2.031
748.6	0.96
748.91	1.882
749.23	1.91
749.55	2.456
749.87	2.177
750.18	1.988
750.5	0.901
750.82	-0.05
751.13	-2.461
751.45	-0.783
751.77	0.206
752.08	0.052
752.4	-0.795
752.72	0.252
753.03	-0.31
753.35	-0.605
753.67	-1.53
753.98	-0.452
754.3	1.518
754.62	2.694
754.93	1.669
755.25	0.052
755.57	1.536
755.88	0.763
756.2	0.087
756.51	1.235
756.83	0.542
757.15	0.789
757.46	-1.059
757.78	-1.936
758.09	-2.61
758.41	-2.062
758.73	-3.353
759.04	-4.333
759.36	-2.954
759.67	-3.394
759.99	-5.177
760.3	-3.734
760.62	-6.549
760.94	-5.977
761.25	-7.677
761.57	-6.568
761.88	-7.061
762.2	-5.529
762.51	-4.872
762.83	-7.11
763.14	-5.473
763.46	-3.264
763.77	-4.546
764.09	-3.954
764.4	-3.689
764.72	-1.607
765.03	-2.237
765.35	-0.893
765.66	-1.148
765.98	-1.612
766.29	-0.269
766.61	-2.592
766.92	-3.518
767.23	-2.321
767.55	-1.561
767.86	-0.685
768.18	0.289
768.49	-0.515
768.81	-2.94
769.12	-2.888
769.43	-6.684
769.75	-5.388
770.06	-5.341
770.38	-7.377
770.69	-7.799
771	-8.181
771.32	-7.758
771.63	-13.088
771.94	-9.05
772.26	-8.186
772.57	-7.869
772.89	-4.201
773.2	-4.046
773.51	-3.263
773.83	-2.541
774.14	-4.095
774.45	-3.43
774.77	-5.167
775.08	-1.154
775.39	-2.82
775.7	-2.739
776.02	-1.353
776.33	-0.629
776.64	-2.089
776.96	-2.166
777.27	-1.41
777.58	-2.283
777.89	-1.732
778.21	1.615
778.52	0.882
778.83	0.23
779.14	-0.029
779.46	-1.583
779.77	-3.803
780.08	-5.417
780.39	-3.516
780.71	-4.368
781.02	-2.09
781.33	-2.413
781.64	-4.242
781.95	-6.645
782.27	-7.611
782.58	-8.383
782.89	-8.531
783.2	-6.08
783.51	-5.774
783.83	-6.275
784.14	-5.12
784.45	-6.248
784.76	-7.984
785.07	-10.02
785.38	-10.461
785.7	-10.095
786.01	-10.274
786.32	-11.035
786.63	-10.305
786.94	-8.585
787.25	-8.691
787.56	-6.724
787.87	-5.488
788.18	-4.614
788.5	-5.455
788.81	-5.243
789.12	-6.233
789.43	-5.992
789.74	-4.926
790.05	-6.886
790.36	-7.571
790.67	-8.78
790.98	-9.243
791.29	-10.251
791.6	-9.215
791.91	-6.165
792.22	-3.37
792.53	-3.73
792.84	-4.366
793.15	-3.891
793.46	-3.638
793.77	-0.6
794.08	3.513
794.39	-3.852
794.7	-4.202
795.01	-4.348
795.32	-5.031
795.63	-6.155
795.94	-4.977
796.25	-4.949
796.56	-5.239
796.87	-4.792
797.18	-11.026
797.49	-15.965
797.8	-10.491
798.11	-8.034
798.42	-6.355
798.73	-10.127
799.04	-9.475
799.35	-12.268
799.65	-10.141
799.96	-11.96
800.27	-15.298
800.58	-8.551
800.89	-7.915
801.2	-11.349
801.51	-19.405
801.82	-21.677
802.13	-21.606
802.43	-22.756
802.74	-21.581
803.05	-21.332
803.36	-17.85
803.67	-15.295
803.98	-16.397
804.28	-13.545
804.59	-7.918
804.9	-3.442
805.21	-4.961
805.52	-2.737
805.83	-2.133
806.13	-1.024
806.44	-2.782
806.75	-5.463
807.06	-6.603
807.36	-7.934
807.67	-9.459
807.98	-10.269
808.29	-13.681
808.6	-16.209
808.9	-16.546
809.21	-18.483
809.52	-21.654
809.83	-23.192
810.13	-20.717
810.44	-17.728
810.75	-18.601
811.05	-17.024
811.36	-22.481
811.67	-19.209
811.98	-12.014
812.28	-11.305
812.59	-7.755
812.9	-8.416
813.2	-5.388
813.51	-7.286
813.82	-9.127
814.12	-6.897
814.43	-7.354
814.74	-5.921
815.04	-1.598
815.35	-3.71
815.65	-4.446
815.96	-3.444
816.27	-4.159
816.57	-2.884
816.88	3.801
817.19	3.749
817.49	1.658
817.8	0
818.1	3.848
818.41	5.628
818.72	5.606
819.02	6.888
819.33	5.082
819.63	7.654
819.94	5.6
820.24	2.316
820.55	1.134
820.85	-1.234
821.16	-2.321
821.47	-4.597
821.77	-6.868
822.08	-7.488
822.38	-8.657
822.69	-10.068
822.99	-10.541
823.3	-10.645
823.6	-11.298
823.91	-11.615
824.21	-11.946
824.52	-12.998
824.82	-12.943
825.13	-11.993
825.43	-12.929
825.73	-12.353
826.04	-10.256
826.34	-8.735
826.65	-8.966
826.95	-10.144
827.26	-10.421
827.56	-8.932
827.87	-8.795
828.17	-9.105
828.47	-10.179
828.78	-8.041
829.08	-9.275
829.39	-11.016
829.69	-12.784
829.99	-11.402
830.3	-12.237
830.6	-11.706
830.9	-13.158
831.21	-13.131
831.51	-13.827
831.82	-18.525
832.12	-25
832.42	-22.322
832.73	-20.153
833.03	-21.628
833.33	-20.439
833.64	-16.742
833.94	-18.801
834.24	-17.35
834.54	-14.075
834.85	-15.633
835.15	-13.029
835.45	-8.261
835.76	-4.212
836.06	-4.18
836.36	-0.974
836.66	1.899
836.97	0.392
837.27	2.318
837.57	-0.258
837.87	-0.527
838.18	0
838.48	-1.593
838.78	-10.149
839.08	-20.356
839.39	-19.8
839.69	-20.556
839.99	-29.333
840.29	-20
840.59	-24.089
840.9	-21.167
841.2	-24.745
841.5	-21.319
841.8	-19.689
842.1	-11.679
842.41	-9.496
842.71	-4.021
843.01	-11.193
843.31	-6.914
843.61	-3.229
843.91	0.949
844.21	0.994
844.52	-2.328
844.82	-3.237
845.12	-7.212
845.42	-10.15
845.72	-4.703
846.02	-15.164
846.32	-19.501
846.62	-13.429
846.92	-13.712
847.22	-20.388
847.52	-27.542
847.83	-19.924
848.13	-17.51
848.43	-12.527
848.73	-23.092
849.03	-31.963
849.33	-25.627
849.63	-7.348
849.93	-21.523
850.23	-50.962
850.53	-62.156
850.83	-48.319
851.13	-48.654
851.43	-40.661
851.73	-32.85
852.03	-28.331
852.33	-44
852.63	-38.502
852.93	-32.423
853.23	-18.024
853.53	0
853.83	4.463
854.13	5.564
854.43	-7.023
854.73	-16.344
855.03	-17.509
855.32	-20.684
855.62	3.319
855.92	11.592
856.22	5.049
856.52	10.923
856.82	9.543
857.12	9.713
857.42	15.428
857.72	24.865
858.02	23.81
858.31	23.563
858.61	33.883
858.91	33.81
859.21	14.538
859.51	-7.353
859.81	-11.538
860.11	-16.524
860.4	-17.768
860.7	-41.766
861	-61.78
861.3	-48.01
861.6	-57.772
861.9	-80.714
862.19	-36.693
862.49	-13.542
862.79	8.743
863.09	10.705
863.39	-15.063
863.68	-11.027
863.98	-1.007
864.28	31.313
864.58	25.628
864.87	28.941
865.17	14.851
865.47	1.092
865.77	-3.673
866.06	1.958
866.36	-13.895
866.66	6.95
866.96	21.118
867.25	28.205
867.55	11.439
867.85	11.913
868.14	-21.596
868.44	4.274
868.74	-13.99
869.03	-54.667
869.33	-131.461
869.63	-57.754
869.92	-63.69
870.22	-52.809
870.52	-24.931
870.81	-17.303
871.11	-1.441
871.41	27.232
871.7	18.582
872	23.928
872.3	25.287
872.59	25.054
872.89	18.333
873.18	3.823
873.48	11.111
873.78	1.57
874.07	-7.463
874.37	-17.108
874.66	-39.77
874.96	-42.532
875.25	-78.177
875.55	-94.863
875.85	-86.288
876.14	-81.1
876.44	-53.922
876.73	-70.588
877.03	-80.658
877.32	-109.744
877.62	-132.759
877.91	-109.04
878.21	-73.913
878.5	12.844
878.8	5.042
879.09	6.916
879.39	6.024
879.68	10.398
879.98	8.447
880.27	8.769
880.57	12.517
880.86	9.963
881.16	1.704
881.45	-3.169
881.74	-10.196
882.04	-9.551
882.33	-7.833
882.63	-5.263
882.92	-9.107
883.22	-9.015
883.51	-8.109
883.8	-13.632
884.1	-12.575
884.39	-8.085
884.69	-6.392
884.98	-11.317
885.27	-4.929
885.57	-9.66
885.86	-17.302
886.15	-27.733
886.45	-26.703
886.74	-42.544
887.03	-22.472
887.33	-25.316
887.62	-38.29
887.91	441.667
888.21	-512.5
888.5	-22.222
888.79	111.111
889.09	52.564
