190.56	48.78
190.94	48.78
191.32	48.78
191.7	-40
192.08	104.167
192.46	103.906
192.84	137.594
193.22	177.333
193.6	-248.387
193.98	9.804
194.36	31.841
194.74	18.939
195.13	28.571
195.51	12
195.89	-107.937
196.27	-30.37
196.65	45.223
197.03	61.161
197.4	40.078
197.78	32.667
198.16	-64.557
198.54	-3000
198.92	810
199.3	-64.706
199.68	0
200.06	-181.818
200.44	-268
200.82	-4450
201.2	-39.216
201.58	8.553
201.96	34.868
202.34	33.808
202.72	44.722
203.1	35.905
203.48	41.916
203.86	75
204.24	75.726
204.62	68.62
205	78.958
205.38	76.471
205.76	69.057
206.13	68.031
206.51	54.348
206.89	42.539
207.27	46.489
207.65	47.689
208.03	27.895
208.41	34.656
208.79	25.519
209.17	23.441
209.55	44.534
209.93	44.988
210.3	43.142
210.68	49.644
211.06	49.695
211.44	50.133
211.82	68.8
212.2	68.489
212.58	50
212.96	42.8
213.33	43.21
213.71	-31.159
214.09	-88.333
214.47	-92.969
214.85	-73.78
215.23	-31.718
215.61	-31.461
215.98	-38.039
216.36	-18.662
216.74	-42.222
217.12	-18.881
217.5	-28.977
217.88	-9.048
218.25	-19.456
218.63	-18.051
219.01	-5.383
219.39	-15.091
219.77	-14.948
220.14	-7.3
220.52	-5.658
220.9	-9.455
221.28	-3.544
221.66	6.383
222.03	-0.985
222.41	11.802
222.79	14.395
223.17	6.698
223.55	9.685
223.92	4.735
224.3	2.832
224.68	0.182
225.06	5.413
225.43	2.72
225.81	3.908
226.19	8.33
226.57	6.005
226.95	4.316
227.32	5.533
227.7	4.97
228.08	5.965
228.46	6.234
228.83	6.793
229.21	7.045
229.59	7.914
229.96	7.014
230.34	5.174
230.72	5.341
231.1	6.419
231.47	6.905
231.85	7.922
232.23	7.283
232.6	5.605
232.98	3.985
233.36	4.4
233.74	4.229
234.11	4.855
234.49	6.936
234.87	7.132
235.24	6.743
235.62	7.1
236	5.712
236.37	6.392
236.75	7.543
237.13	8.87
237.5	8.328
237.88	7.371
238.26	7.617
238.63	6.248
239.01	5.349
239.39	4.683
239.76	4.004
240.14	4.297
240.52	3.852
240.89	4.134
241.27	4.041
241.65	4.733
242.02	5.14
242.4	4.953
242.77	5.419
243.15	5.636
243.53	5.601
243.9	6.03
244.28	7.186
244.66	7.721
245.03	7.851
245.41	7.777
245.78	7.383
246.16	7
246.54	7.016
246.91	7.12
247.29	6.956
247.66	6.969
248.04	6.826
248.41	6.278
248.79	6.174
249.17	5.825
249.54	5.734
249.92	5.224
250.29	5.41
250.67	5.579
251.04	5.126
251.42	5.358
251.8	5.31
252.17	4.891
252.55	4.63
252.92	4.455
253.3	5.083
253.67	5.184
254.05	5.49
254.42	5.585
254.8	4.728
255.17	5.092
255.55	5.219
255.92	4.95
256.3	5.03
256.67	5.189
257.05	5.52
257.42	5.361
257.8	5.475
258.17	5.345
258.55	5.475
258.92	5.57
259.3	5.426
259.67	5.163
260.05	5.515
260.42	5.492
260.8	5.48
261.17	5.199
261.55	4.901
261.92	4.724
262.3	4.628
262.67	4.182
263.05	4.258
263.42	4.24
263.79	4.386
264.17	4.589
264.54	4.921
264.92	4.878
265.29	4.918
265.67	5.272
266.04	5.345
266.42	5.79
266.79	6.094
267.16	5.864
267.54	5.485
267.91	5.237
268.29	4.646
268.66	4.496
269.03	4.384
269.41	4.428
269.78	4.457
270.16	4.126
270.53	3.747
270.9	3.492
271.28	3.415
271.65	3.445
272.03	3.424
272.4	3.315
272.77	3.152
273.15	3.141
273.52	3.042
273.89	3.069
274.27	3.442
274.64	3.564
275.01	3.535
275.39	3.669
275.76	3.929
276.14	4.194
276.51	4.441
276.88	4.529
277.26	4.608
277.63	4.807
278	4.526
278.38	4.513
278.75	4.534
279.12	4.601
279.49	4.698
279.87	4.621
280.24	4.64
280.61	4.492
280.99	4.44
281.36	4.593
281.73	4.305
282.11	4.435
282.48	4.367
282.85	4.352
283.22	4.305
283.6	4.2
283.97	4.409
284.34	4.516
284.71	4.598
285.09	4.576
285.46	4.432
285.83	4.526
286.21	4.439
286.58	4.445
286.95	4.488
287.32	4.478
287.7	4.621
288.07	4.474
288.44	4.544
288.81	4.617
289.18	4.538
289.56	4.495
289.93	4.772
290.3	4.842
290.67	4.801
291.05	4.651
291.42	4.827
291.79	4.738
292.16	4.677
292.53	4.502
292.91	4.351
293.28	4.604
293.65	4.76
294.02	4.711
294.39	4.723
294.76	4.909
295.14	5.083
295.51	5.094
295.88	5.055
296.25	5.182
296.62	5.241
297	5.394
297.37	5.37
297.74	5.469
298.11	5.46
298.48	5.385
298.85	5.223
299.22	5.218
299.6	5.246
299.97	5.401
300.34	5.312
300.71	5.296
301.08	5.097
301.45	4.851
301.82	4.588
302.19	4.5
302.56	4.795
302.94	4.985
303.31	4.807
303.68	4.899
304.05	4.777
304.42	4.962
304.79	4.844
305.16	5.03
305.53	5.309
305.9	5.495
306.27	5.52
306.64	5.328
307.02	5.32
307.39	5.438
307.76	5.234
308.13	5.373
308.5	5.168
308.87	5.163
309.24	5.244
309.61	5.235
309.98	5.125
310.35	5.193
310.72	5.156
311.09	4.976
311.46	5.02
311.83	4.807
312.2	4.663
312.57	4.611
312.94	4.462
313.31	4.301
313.68	4.205
314.05	4.211
314.42	4.245
314.79	4.306
315.16	4.473
315.53	4.5
315.9	4.763
316.27	4.84
316.64	4.929
317.01	5.136
317.38	5.256
317.75	5.412
318.12	5.513
318.49	5.449
318.86	5.33
319.23	5.162
319.6	5.239
319.97	5.109
320.34	5.158
320.71	5.035
321.08	5.041
321.45	5.03
321.82	4.915
322.19	4.903
322.55	4.835
322.92	4.906
323.29	5.111
323.66	5.121
324.03	5.319
324.4	5.277
324.77	5.488
325.14	5.51
325.51	5.461
325.88	5.684
326.25	5.666
326.61	5.822
326.98	5.886
327.35	5.846
327.72	6.066
328.09	6.032
328.46	6.074
328.83	6.013
329.2	6.063
329.56	6.386
329.93	6.305
330.3	6.461
330.67	6.469
331.04	6.623
331.41	6.676
331.78	6.526
332.14	6.588
332.51	6.546
332.88	6.65
333.25	6.809
333.62	6.827
333.99	6.923
334.35	6.822
334.72	6.904
335.09	6.69
335.46	6.682
335.83	6.829
336.19	6.731
336.56	6.787
336.93	6.669
337.3	6.568
337.67	6.507
338.03	6.271
338.4	6.306
338.77	6.144
339.14	6.379
339.5	6.352
339.87	6.169
340.24	6.26
340.61	6.352
340.97	6.34
341.34	6.294
341.71	6.049
342.08	6.11
342.44	6.015
342.81	6.044
343.18	5.928
343.55	5.893
343.91	5.71
344.28	5.645
344.65	5.479
345.02	5.528
345.38	5.417
345.75	5.504
346.12	5.536
346.48	5.468
346.85	5.388
347.22	5.28
347.59	5.286
347.95	5.467
348.32	5.309
348.69	5.244
349.05	4.997
349.42	5.128
349.79	5.002
350.15	4.902
350.52	4.89
350.89	4.889
351.25	4.787
351.62	4.637
351.99	4.417
352.35	4.506
352.72	4.476
353.09	4.535
353.45	4.436
353.82	4.474
354.18	4.361
354.55	4.315
354.92	4.288
355.28	4.153
355.65	4.11
356.02	4.233
356.38	4.095
356.75	4.237
357.11	4.207
357.48	4.186
357.85	4.231
358.21	4.176
358.58	4.092
358.94	4.037
359.31	4.141
359.67	4.066
360.04	3.879
360.41	3.882
360.77	3.777
361.14	3.759
361.5	3.742
361.87	3.68
362.23	3.694
362.6	3.816
362.97	3.731
363.33	3.689
363.7	3.652
364.06	3.617
364.43	3.603
364.79	3.529
365.16	3.452
365.52	3.408
365.89	3.314
366.25	3.607
366.62	3.434
366.98	3.563
367.35	3.468
367.71	3.626
368.08	3.667
368.44	3.588
368.81	3.645
369.17	3.763
369.54	3.754
369.9	3.809
370.27	3.536
370.63	3.653
371	3.534
371.36	3.67
371.73	3.804
372.09	3.893
372.45	4.06
372.82	4.13
373.18	4.059
373.55	4.086
373.91	4.003
374.28	4.042
374.64	4.109
375.01	4.1
375.37	4.1
375.73	4.022
376.1	4.088
376.46	4.106
376.83	4.182
377.19	4.495
377.55	4.558
377.92	4.703
378.28	4.872
378.65	4.853
379.01	5.128
379.37	5.196
379.74	5.123
380.1	5.016
380.47	5.1
380.83	5.066
381.19	4.822
381.56	4.799
381.92	4.845
382.28	4.797
382.65	4.941
383.01	4.779
383.37	4.823
383.74	5.075
384.1	5.271
384.46	5.264
384.83	5.343
385.19	5.379
385.55	5.359
385.92	5.372
386.28	5.269
386.64	5.227
387.01	5.356
387.37	5.48
387.73	5.467
388.1	5.508
388.46	5.577
388.82	5.559
389.18	5.588
389.55	5.742
389.91	5.756
390.27	6.056
390.64	6.181
391	6.19
391.36	6.079
391.72	6.084
392.09	6.063
392.45	6.127
392.81	6.152
393.17	6.182
393.54	6.113
393.9	6.238
394.26	6.122
394.62	6.068
394.99	6.19
395.35	6.361
395.71	6.407
396.07	6.474
396.43	6.437
396.8	6.506
397.16	6.723
397.52	6.981
397.88	7.028
398.24	7.179
398.61	7.264
398.97	7.238
399.33	7.348
399.69	7.393
400.05	7.471
400.42	7.498
400.78	7.564
401.14	7.486
401.5	7.462
401.86	7.475
402.22	7.46
402.59	7.577
402.95	7.726
403.31	7.729
403.67	7.862
404.03	8.011
404.39	8.183
404.75	8.382
405.12	8.506
405.48	8.537
405.84	8.631
406.2	8.762
406.56	8.768
406.92	8.674
407.28	8.75
407.64	8.724
408	8.768
408.36	8.748
408.73	8.62
409.09	8.715
409.45	8.8
409.81	8.818
410.17	8.811
410.53	8.889
410.89	9.114
411.25	9.033
411.61	9.141
411.97	9.17
412.33	9.323
412.69	9.356
413.05	9.425
413.41	9.439
413.77	9.555
414.13	9.676
414.5	9.728
414.86	9.85
415.22	10.044
415.58	10.027
415.94	10.092
416.3	10.102
416.66	10.296
417.02	10.339
417.38	10.395
417.74	10.42
418.1	10.422
418.46	10.573
418.82	10.507
419.18	10.588
419.54	10.691
419.9	10.833
420.26	10.952
420.61	11.004
420.97	11.052
421.33	11.148
421.69	11.233
422.05	11.369
422.41	11.333
422.77	11.437
423.13	11.486
423.49	11.58
423.85	11.551
424.21	11.579
424.57	11.573
424.93	11.64
425.29	11.694
425.65	11.768
426.01	11.762
426.36	11.896
426.72	11.95
427.08	12.037
427.44	12.082
427.8	12.139
428.16	12.15
428.52	12.304
428.88	12.339
429.24	12.46
429.59	12.52
429.95	12.59
430.31	12.584
430.67	12.685
431.03	12.703
431.39	12.719
431.75	12.857
432.1	12.957
432.46	13.015
432.82	13.122
433.18	13.151
433.54	13.2
433.9	13.222
434.25	13.327
434.61	13.345
434.97	13.507
435.33	13.642
435.69	13.722
436.04	13.779
436.4	13.829
436.76	13.839
437.12	13.793
437.48	13.812
437.83	13.972
438.19	14.002
438.55	14.028
438.91	14.039
439.27	14.148
439.62	14.189
439.98	14.276
440.34	14.408
440.7	14.471
441.05	14.686
441.41	14.866
441.77	14.93
442.13	15.059
442.48	15.203
442.84	15.261
443.2	15.248
443.56	15.371
443.91	15.496
444.27	15.574
444.63	15.748
444.98	15.765
445.34	15.806
445.7	15.849
446.05	15.909
446.41	16.074
446.77	16.177
447.13	16.369
447.48	16.446
447.84	16.558
448.2	16.57
448.55	16.632
448.91	16.762
449.27	16.854
449.62	16.953
449.98	17.141
450.34	17.179
450.69	17.285
451.05	17.414
451.4	17.623
451.76	17.64
452.12	17.831
452.47	18.003
452.83	18.12
453.19	18.264
453.54	18.454
453.9	18.51
454.25	18.695
454.61	18.933
454.97	18.989
455.32	19.029
455.68	19.244
456.03	19.318
456.39	19.428
456.75	19.616
457.1	19.699
457.46	19.826
457.81	19.955
458.17	20.081
458.52	20.191
458.88	20.356
459.24	20.529
459.59	20.665
459.95	20.782
460.3	20.943
460.66	20.988
461.01	21.094
461.37	21.256
461.72	21.42
462.08	21.577
462.43	21.693
462.79	21.83
463.14	22.002
463.5	22.161
463.85	22.352
464.21	22.413
464.56	22.566
464.92	22.796
465.27	22.887
465.63	23.048
465.98	23.17
466.34	23.328
466.69	23.354
467.05	23.364
467.4	23.439
467.76	23.582
468.11	23.711
468.47	23.863
468.82	24.043
469.18	24.185
469.53	24.295
469.88	24.409
470.24	24.466
470.59	24.799
470.95	24.948
471.3	25.164
471.66	25.297
472.01	25.519
472.36	25.729
472.72	25.858
473.07	26.051
473.43	26.176
473.78	26.387
474.13	26.596
474.49	26.602
474.84	26.836
475.19	26.869
475.55	26.989
475.9	27.019
476.26	27.114
476.61	27.193
476.96	27.291
477.32	27.439
477.67	27.505
478.02	27.657
478.38	27.754
478.73	27.798
479.08	27.869
479.44	28.003
479.79	28.184
480.14	28.4
480.5	28.502
480.85	28.643
481.2	28.78
481.56	28.867
481.91	28.942
482.26	29.076
482.62	29.192
482.97	29.364
483.32	29.434
483.67	29.506
484.03	29.566
484.38	29.653
484.73	29.714
485.08	29.769
485.44	29.896
485.79	30
486.14	30.125
486.49	30.245
486.85	30.399
487.2	30.542
487.55	30.632
487.9	30.699
488.26	30.801
488.61	30.948
488.96	31.155
489.31	31.322
489.67	31.434
490.02	31.598
490.37	31.77
490.72	31.832
491.07	31.902
491.43	31.981
491.78	32.075
492.13	32.168
492.48	32.21
492.83	32.189
493.19	32.244
493.54	32.388
493.89	32.463
494.24	32.519
494.59	32.605
494.94	32.696
495.29	32.914
495.65	33.107
496	33.259
496.35	33.393
496.7	33.615
497.05	33.731
497.4	33.958
497.75	34.141
498.11	34.179
498.46	34.33
498.81	34.516
499.16	34.557
499.51	34.62
499.86	34.692
500.21	34.854
500.56	34.867
500.91	35.022
501.26	35.017
501.62	35.103
501.97	35.293
502.32	35.357
502.67	35.471
503.02	35.616
503.37	35.723
503.72	35.817
504.07	35.828
504.42	35.999
504.77	36.143
505.12	36.278
505.47	36.426
505.82	36.601
506.17	36.738
506.52	36.854
506.87	37.037
507.22	37.114
507.57	37.227
507.92	37.365
508.27	37.501
508.62	37.491
508.97	37.674
509.32	37.833
509.67	37.972
510.02	38.177
510.37	38.291
510.72	38.415
511.07	38.705
511.42	38.891
511.77	39.087
512.12	39.277
512.47	39.455
512.82	39.616
513.17	39.685
513.52	39.807
513.87	39.846
514.22	39.999
514.57	40.192
514.91	40.254
515.26	40.407
515.61	40.551
515.96	40.589
516.31	40.81
516.66	40.87
517.01	41.015
517.36	41.144
517.71	41.344
518.06	41.44
518.41	41.497
518.75	41.615
519.1	41.73
519.45	41.848
519.8	42.054
520.15	42.185
520.5	42.389
520.85	42.47
521.19	42.59
521.54	42.703
521.89	42.874
522.24	42.98
522.59	43.119
522.94	43.286
523.28	43.452
523.63	43.555
523.98	43.749
524.33	43.883
524.68	44.143
525.03	44.313
525.37	44.585
525.72	44.719
526.07	44.875
526.42	45.108
526.76	45.255
527.11	45.362
527.46	45.586
527.81	45.631
528.16	45.753
528.5	45.813
528.85	45.92
529.2	45.944
529.55	46.101
529.89	46.202
530.24	46.272
530.59	46.437
530.94	46.694
531.28	46.811
531.63	46.987
531.98	47.208
532.32	47.387
532.67	47.52
533.02	47.695
533.37	47.856
533.71	48.089
534.06	48.285
534.41	48.483
534.75	48.632
535.1	48.833
535.45	49.092
535.79	49.168
536.14	49.433
536.49	49.661
536.83	49.874
537.18	49.995
537.53	50.133
537.87	50.243
538.22	50.34
538.57	50.492
538.91	50.627
539.26	50.795
539.61	50.98
539.95	51.028
540.3	51.175
540.64	51.276
540.99	51.459
541.34	51.544
541.68	51.725
542.03	51.923
542.37	52.034
542.72	52.176
543.07	52.299
543.41	52.491
543.76	52.758
544.1	52.91
544.45	53.061
544.8	53.117
545.14	53.458
545.49	53.554
545.83	53.542
546.18	53.75
546.52	53.891
546.87	54.05
547.21	54.193
547.56	54.29
547.9	54.411
548.25	54.54
548.59	54.769
548.94	54.8
549.29	54.939
549.63	55.178
549.98	55.25
550.32	55.374
550.67	55.435
551.01	55.625
551.35	55.614
551.7	55.754
552.04	55.885
552.39	56
552.73	56.075
553.08	56.164
553.42	56.217
553.77	56.284
554.11	56.419
554.46	56.538
554.8	56.495
555.15	56.692
555.49	56.779
555.83	56.871
556.18	56.856
556.52	57.074
556.87	57.096
557.21	57.157
557.56	57.273
557.9	57.214
558.24	57.293
558.59	57.537
558.93	57.557
559.28	57.478
559.62	57.638
559.96	57.886
560.31	57.715
560.65	57.795
560.99	57.875
561.34	57.983
561.68	58.242
562.02	58.458
562.37	58.409
562.71	58.496
563.06	58.78
563.4	58.785
563.74	58.753
564.09	58.866
564.43	59.043
564.77	59.27
565.11	59.305
565.46	59.197
565.8	59.268
566.14	59.513
566.49	59.529
566.83	59.611
567.17	59.708
567.52	59.79
567.86	59.949
568.2	60.057
568.54	60.048
568.89	60.121
569.23	60.325
569.57	60.318
569.91	60.267
570.26	60.495
570.6	60.611
570.94	60.641
571.28	60.808
571.63	60.926
571.97	60.882
572.31	61.015
572.65	61.245
573	61.326
573.34	61.387
573.68	61.536
574.02	61.628
574.36	61.571
574.71	61.685
575.05	61.78
575.39	61.805
575.73	61.891
576.07	61.88
576.42	61.772
576.76	61.89
577.1	62.035
577.44	62.13
577.78	62.253
578.12	62.426
578.46	62.405
578.81	62.261
579.15	62.37
579.49	62.596
579.83	62.84
580.17	63.018
580.51	62.96
580.85	62.874
581.2	62.938
581.54	62.947
581.88	63.017
582.22	63.112
582.56	63.365
582.9	63.342
583.24	63.298
583.58	63.382
583.92	63.388
584.26	63.435
584.6	63.712
584.95	63.654
585.29	63.514
585.63	63.59
585.97	63.673
586.31	63.688
586.65	63.733
586.99	63.947
587.33	63.75
587.67	63.856
588.01	64.049
588.35	64.16
588.69	64.197
589.03	64.355
589.37	64.419
589.71	64.652
590.05	64.631
590.39	64.647
590.73	64.643
591.07	64.858
591.41	64.854
591.75	64.928
592.09	64.981
592.43	65.008
592.77	65.066
593.11	64.931
593.45	64.766
593.79	64.899
594.13	65.062
594.47	65.017
594.81	64.942
595.14	65.214
595.48	65.195
595.82	65.167
596.16	65.302
596.5	65.436
596.84	65.645
597.18	65.867
597.52	65.964
597.86	66.021
598.2	66.145
598.54	66.245
598.87	66.227
599.21	66.276
599.55	66.388
599.89	66.329
600.23	66.318
600.57	66.493
600.91	66.31
601.25	66.35
601.58	66.282
601.92	66.3
602.26	66.489
602.6	66.364
602.94	66.511
603.28	66.45
603.61	66.58
603.95	66.703
604.29	66.659
604.63	66.768
604.97	66.758
605.3	66.8
605.64	66.782
605.98	66.753
606.32	66.893
606.66	66.887
606.99	66.966
607.33	66.94
607.67	66.994
608.01	66.943
608.34	67.159
608.68	67.293
609.02	67.458
609.36	67.587
609.69	67.547
610.03	67.506
610.37	67.413
610.71	67.499
611.04	67.595
611.38	67.486
611.72	67.587
612.06	67.467
612.39	67.337
612.73	67.435
613.07	67.394
613.4	67.391
613.74	67.561
614.08	67.655
614.41	67.652
614.75	67.775
615.09	67.778
615.42	67.811
615.76	68.004
616.1	68.118
616.43	68.114
616.77	68.259
617.11	68.387
617.44	68.201
617.78	68.291
618.12	68.081
618.45	68.033
618.79	68.085
619.13	68.176
619.46	68.015
619.8	68.038
620.13	68.039
620.47	68.031
620.81	67.865
621.14	67.836
621.48	67.824
621.81	68.245
622.15	68.363
622.48	68.461
622.82	68.298
623.16	68.518
623.49	68.511
623.83	68.434
624.16	68.391
624.5	68.497
624.83	68.689
625.17	68.866
625.5	68.779
625.84	68.724
626.18	68.822
626.51	68.98
626.85	68.913
627.18	68.85
627.52	69.024
627.85	69.106
628.19	69.269
628.52	69.387
628.86	69.334
629.19	69.21
629.53	69.285
629.86	69.218
630.19	69.052
630.53	69.192
630.86	69.118
631.2	68.92
631.53	68.983
631.87	68.868
632.2	68.79
632.54	68.766
632.87	68.774
633.2	68.723
633.54	68.782
633.87	68.957
634.21	68.669
634.54	69.188
634.88	69.184
635.21	69.016
635.54	69.233
635.88	69.24
636.21	69.265
636.55	69.306
636.88	69.264
637.21	69.549
637.55	69.743
637.88	69.975
638.21	69.86
638.55	69.987
638.88	70.308
639.21	70.233
639.55	70.188
639.88	70.298
640.21	70.243
640.55	70.271
640.88	70.096
641.21	70.051
641.55	70.234
641.88	69.968
642.21	69.92
642.55	69.688
642.88	69.361
643.21	69.417
643.55	69.181
643.88	69.433
644.21	69.609
644.54	69.683
644.88	69.424
645.21	69.268
645.54	69.542
645.87	69.565
646.21	69.797
646.54	70.223
646.87	70.416
647.2	70.617
647.54	70.508
647.87	70.508
648.2	70.549
648.53	70.885
648.87	70.632
649.2	70.352
649.53	70.427
649.86	70.119
650.19	69.979
650.53	69.728
650.86	69.772
651.19	69.788
651.52	69.543
651.85	69.159
652.18	68.907
652.52	69.153
652.85	69.278
653.18	69.475
653.51	69.599
653.84	69.529
654.17	69.636
654.51	69.479
654.84	69.249
655.17	69.48
655.5	69.806
655.83	70.274
656.16	70.264
656.49	69.997
656.82	69.84
657.15	69.807
657.49	70.095
657.82	70.094
658.15	70.231
658.48	70.399
658.81	70.406
659.14	70.312
659.47	69.878
659.8	69.967
660.13	70.26
660.46	70.422
660.79	70.407
661.12	70.41
661.45	70.622
661.78	70.686
662.11	70.69
662.44	70.61
662.77	70.71
663.1	70.954
663.43	70.699
663.76	70.699
664.09	70.565
664.42	70.653
664.75	70.358
665.08	70.039
665.41	69.945
665.74	70.131
666.07	70.282
666.4	70.184
666.73	70.271
667.06	70.255
667.39	70.218
667.72	70.319
668.05	70.595
668.38	70.753
668.71	70.565
669.04	70.497
669.37	70.149
669.7	69.802
670.03	69.728
670.36	69.362
670.69	69.492
671.01	69.466
671.34	69.235
671.67	68.933
672	68.994
672.33	69.371
672.66	69.203
672.99	69.151
673.32	69.458
673.64	69.536
673.97	69.767
674.3	69.924
674.63	69.935
674.96	70.049
675.29	70.022
675.62	69.8
675.94	69.816
676.27	69.882
676.6	70.099
676.93	70.006
677.26	69.971
677.58	69.674
677.91	69.236
678.24	69.117
678.57	69.101
678.9	69.019
679.22	69.275
679.55	68.967
679.88	68.857
680.21	68.873
680.54	68.638
680.86	68.617
681.19	68.892
681.52	69.243
681.85	69.424
682.17	69.333
682.5	69.319
682.83	69.205
683.16	69.211
683.48	69.177
683.81	68.913
684.14	68.99
684.46	68.859
684.79	68.463
685.12	68.633
685.45	68.497
685.77	68.589
686.1	68.494
686.43	68.194
686.75	68.103
687.08	68.133
687.41	67.841
687.73	67.503
688.06	67.608
688.39	67.865
688.71	67.559
689.04	67.427
689.36	67.143
689.69	66.941
690.02	66.853
690.34	67.065
690.67	67.247
691	67.146
691.32	67.62
691.65	67.237
691.97	67.003
692.3	67.122
692.63	67.137
692.95	66.943
693.28	67.31
693.6	67.409
693.93	66.948
694.26	67.042
694.58	67.577
694.91	67.068
695.23	67.332
695.56	67.381
695.88	66.864
696.21	66.531
696.53	66.582
696.86	66.388
697.18	66.455
697.51	66.508
697.83	66.29
698.16	66.365
698.48	66.516
698.81	65.787
699.13	65.561
699.46	65.793
699.78	66.091
700.11	66.131
700.43	66.056
700.76	65.892
701.08	66.003
701.41	66.082
701.73	65.857
702.06	66.158
702.38	66.894
702.71	67.015
703.03	66.482
703.35	65.747
703.68	65.023
704	64.661
704.33	64.745
704.65	64.058
704.98	63.109
705.3	62.986
705.62	61.984
705.95	61.696
706.27	61.007
706.6	60.938
706.92	60.814
707.24	61.117
707.57	61.375
707.89	60.878
708.21	61.224
708.54	61.645
708.86	61.597
709.18	61.283
709.51	61.24
709.83	61.61
710.15	61.464
710.48	61.228
710.8	60.991
711.12	60.795
711.45	60.877
711.77	60.932
712.09	60.71
712.42	59.947
712.74	60.688
713.06	60.113
713.38	60.192
713.71	60.257
714.03	60.253
714.35	60.124
714.68	59.489
715	59.429
715.32	59.351
715.64	59.413
715.97	59.861
716.29	59.46
716.61	59.311
716.93	59.024
717.25	59.042
717.58	59.352
717.9	59.374
718.22	59.893
718.54	59.572
718.87	59.131
719.19	58.244
719.51	58.332
719.83	58.235
720.15	58.526
720.47	57.808
720.8	57.149
721.12	56.706
721.44	56.933
721.76	56.673
722.08	56.891
722.4	56.85
722.73	57.619
723.05	57.271
723.37	58.154
723.69	58.067
724.01	57.927
724.33	57.489
724.65	57.234
724.97	57.055
725.3	56.451
725.62	56.006
725.94	55.93
726.26	54.647
726.58	54.465
726.9	53.073
727.22	53.06
727.54	52.859
727.86	53.673
728.18	53.525
728.5	53.292
728.82	53.649
729.14	53.288
729.46	52.877
729.78	53.673
730.1	53.136
730.42	53.223
730.74	52.705
731.07	53.952
731.39	53.164
731.71	53.726
732.03	53.261
732.35	52.907
732.66	53.066
732.98	54.033
733.3	53.288
733.62	53.581
733.94	53.874
734.26	54.201
734.58	52.991
734.9	52.682
735.22	51.94
735.54	51.828
735.86	51.477
736.18	51.092
736.5	50.702
736.82	51.52
737.14	51.293
737.46	51.503
737.78	51.292
738.1	51.254
738.41	52.304
738.73	52.406
739.05	52.592
739.37	52.005
739.69	51.185
740.01	50.315
740.33	49.653
740.65	49.726
740.96	49.648
741.28	49.84
741.6	49.078
741.92	47.609
742.24	46.746
742.56	46.281
742.88	47.428
743.19	47.218
743.51	46.418
743.83	45.738
744.15	45.285
744.47	43.378
744.78	43.252
745.1	44.329
745.42	44.827
745.74	46.245
746.06	45.565
746.37	45.096
746.69	46.413
747.01	47.182
747.33	46.991
747.64	47.739
747.96	48.143
748.28	47.718
748.6	47.608
748.91	46.608
749.23	46.267
749.55	47.931
749.87	48.256
750.18	47.415
750.5	47.144
750.82	47.654
751.13	46.72
751.45	47.3
751.77	46.774
752.08	45.937
752.4	46.473
752.72	45.601
753.03	44.946
753.35	45.182
753.67	45.309
753.98	44.576
754.3	44.837
754.62	45.214
754.93	46.034
755.25	46.973
755.57	47.653
755.88	47.93
756.2	48.676
756.51	48.494
756.83	47.862
757.15	48.882
757.46	48.973
757.78	49.974
758.09	50.088
758.41	48.327
758.73	46.615
759.04	44.798
759.36	45.744
759.67	45.013
759.99	44.183
760.3	44.021
760.62	42.157
760.94	42.616
761.25	41.216
761.57	41.088
761.88	40.306
762.2	41.808
762.51	41.518
762.83	40.881
763.14	41.183
763.46	41.009
763.77	41.231
764.09	41.91
764.4	41.417
764.72	41.295
765.03	39.623
765.35	39.207
765.66	37.884
765.98	38.793
766.29	38.671
766.61	37.483
766.92	36.945
767.23	35.983
767.55	36.947
767.86	37.083
768.18	37.031
768.49	38.998
768.81	40.223
769.12	41.637
769.43	41.019
769.75	38.527
770.06	38.376
770.38	38.129
770.69	38.267
771	38.344
771.32	39.145
771.63	39.246
771.94	40.463
772.26	39.398
772.57	38.225
772.89	40.281
773.2	43.735
773.51	43.784
773.83	46.487
774.14	44.951
774.45	43.541
774.77	41.71
775.08	41.131
775.39	39.011
775.7	41.104
776.02	42.128
776.33	40.505
776.64	36.861
776.96	38.371
777.27	37.374
777.58	38.601
777.89	38.915
778.21	40.93
778.52	43.732
778.83	45.388
779.14	45.69
779.46	46.082
779.77	45.988
780.08	47.672
780.39	46.316
780.71	46.6
781.02	48.265
781.33	46.198
781.64	45.065
781.95	42.45
782.27	41.684
782.58	40.338
782.89	39.779
783.2	39.339
783.51	39.575
783.83	39.754
784.14	36.698
784.45	35.684
784.76	36.981
785.07	36.496
785.38	37.482
785.7	38.81
786.01	38.245
786.32	35.839
786.63	36.354
786.94	37.918
787.25	37.445
787.56	39.081
787.87	37.42
788.18	37.496
788.5	36.123
788.81	37.132
789.12	37.736
789.43	40.157
789.74	41.454
790.05	38.632
790.36	35.732
790.67	34.958
790.98	34.274
791.29	33.178
791.6	31.532
791.91	31.552
792.22	30.901
792.53	30.954
792.84	27.12
793.15	26.502
793.46	26.632
793.77	29.713
794.08	31.651
794.39	30.679
794.7	31.418
795.01	33.637
795.32	32.932
795.63	30.748
795.94	27.697
796.25	29.868
796.56	29.739
796.87	32.431
797.18	30.789
797.49	30.117
797.8	32.192
798.11	32.877
798.42	31.595
798.73	32.971
799.04	35.399
799.35	34.539
799.65	36.801
799.96	39.03
800.27	40.645
800.58	41.673
800.89	42.675
801.2	39.504
801.51	40.024
801.82	38.037
802.13	38.811
802.43	36.34
802.74	35.221
803.05	30.919
803.36	30.426
803.67	27.501
803.98	26.89
804.28	26.142
804.59	30.328
804.9	30.363
805.21	30.864
805.52	31.452
805.83	31.202
806.13	31.699
806.44	31.838
806.75	29.417
807.06	32.315
807.36	34.762
807.67	34.531
807.98	31.665
808.29	32.611
808.6	32.973
808.9	33.364
809.21	34.208
809.52	33.286
809.83	33.461
810.13	31.566
810.44	31.115
810.75	32.427
811.05	33.231
811.36	32.559
811.67	30.832
811.98	31.269
812.28	35.22
812.59	35.109
812.9	37.961
813.2	38.082
813.51	40.864
813.82	36.478
814.12	32.652
814.43	30.815
814.74	28.9
815.04	29.435
815.35	29.614
815.65	24.375
815.96	27.889
816.27	29.558
816.57	28.649
816.88	23.769
817.19	25.991
817.49	19.936
817.8	22.316
818.1	26.245
818.41	25.735
818.72	24.027
819.02	20.413
819.33	15.438
819.63	17.789
819.94	20.394
820.24	19.368
820.55	19.495
820.85	19.05
821.16	22.203
821.47	24.494
821.77	25.753
822.08	27.005
822.38	28.607
822.69	29.409
822.99	28.576
823.3	28.201
823.6	28.946
823.91	28.862
824.21	29.843
824.52	29.441
824.82	28.315
825.13	27.998
825.43	27.515
825.73	26.5
826.04	26.034
826.34	26.752
826.65	26.5
826.95	26.714
827.26	26.598
827.56	27.433
827.87	27.501
828.17	27.078
828.47	26.447
828.78	24.494
829.08	23.805
829.39	22.459
829.69	22.012
829.99	21.285
830.3	21.152
830.6	21.317
830.9	23.519
831.21	23.643
831.51	23.638
831.82	22.463
832.12	25.957
832.42	26.742
832.73	29.677
833.03	29.185
833.33	31.056
833.64	29.542
833.94	32.153
834.24	30.578
834.54	30.609
834.85	31.3
835.15	33.62
835.45	36.394
835.76	35.872
836.06	34.55
836.36	32.306
836.66	31.673
836.97	33.766
837.27	29.747
837.57	31.357
837.87	25.853
838.18	25.159
838.48	12.037
838.78	-1.525
839.08	-4.685
839.39	-4.423
839.69	-1.619
839.99	-0.083
840.29	1.57
840.59	3.058
840.9	-1.062
841.2	3.621
841.5	2.707
841.8	9.773
842.1	20.862
842.41	21.429
842.71	24.663
843.01	26.239
843.31	27.188
843.61	29.443
843.91	34.962
844.21	38.686
844.52	45.88
844.82	50.116
845.12	54.072
845.42	42.821
845.72	50.13
846.02	50.218
846.32	54.559
846.62	53.105
846.92	46.069
847.22	41.257
847.52	35.603
847.83	22.645
848.13	24.225
848.43	17.029
848.73	35.315
849.03	28.484
849.33	18.519
849.63	-0.415
849.93	-18.252
850.23	-21.512
850.53	-22.09
850.83	-28.889
851.13	-38.971
851.43	-36.333
851.73	-40.511
852.03	-66.312
852.33	-33.152
852.63	-28.03
852.93	-25.763
853.23	2.778
853.53	15.775
853.83	21.348
854.13	14.77
854.43	15.106
854.73	3.779
855.03	16.77
855.32	29.375
855.62	35.401
855.92	74.249
856.22	57.759
856.52	53.481
856.82	47.262
857.12	56.065
857.42	66.867
857.72	56.571
858.02	52.022
858.31	48.731
858.61	58.396
858.91	59.322
859.21	47.88
859.51	52.956
859.81	51.542
860.11	36.261
860.4	12.584
860.7	15.398
861	24.925
861.3	35.826
861.6	30.702
861.9	22.561
862.19	7.716
862.49	5.312
862.79	9.309
863.09	4.223
863.39	20.225
863.68	23.404
863.98	22.607
864.28	20.877
864.58	20.06
864.87	9.797
865.17	-0.575
865.47	4.982
865.77	2.669
866.06	-7.563
866.36	-5.647
866.66	-21.708
866.96	-20.322
867.25	-51.437
867.55	-40.599
867.85	-100.806
868.14	-55.38
868.44	-52.218
868.74	-42.593
869.03	-52.863
869.33	-27.273
869.63	-24.046
869.92	-9.677
870.22	-43.787
870.52	-18.75
870.81	-47.727
871.11	-47.541
871.41	-178.378
871.7	-36.667
872	-64.607
872.3	-56.808
872.59	-108.725
872.89	-184.906
873.18	-140.517
873.48	-84.337
873.78	-50.649
874.07	-27.817
874.37	8.986
874.66	31.871
874.96	25.468
875.25	27.016
875.55	37.319
875.85	47.015
876.14	66.426
876.44	33.793
876.73	64.264
877.03	41.551
877.32	30.814
877.62	1.136
877.91	3.182
878.21	17.484
878.5	23.34
878.8	18.24
879.09	8.123
879.39	0.992
879.68	4.035
879.98	-5.759
880.27	-0.933
880.57	2.152
880.86	9.898
881.16	5.57
881.45	3.445
881.74	6.578
882.04	8
882.33	12.538
882.63	14.123
882.92	16.016
883.22	14.905
883.51	15.97
883.8	15.129
884.1	14.607
884.39	14.16
884.69	12.264
884.98	14.695
885.27	15.115
885.57	7.993
885.86	2.013
886.15	-4.245
886.45	-2.296
886.74	-10.152
887.03	-20.82
887.33	-22.464
887.62	-22.072
887.91	110.256
888.21	3800
888.5	-337.5
888.79	-27.273
889.09	27.273
