190.56	296.875
190.94	296.875
191.32	296.875
191.7	487.5
192.08	740
192.46	290.865
192.84	323.298
193.22	408.364
193.6	577.901
193.98	520.833
194.36	471.163
194.74	536.946
195.13	948.598
195.51	8275
195.89	-584.106
196.27	-440.196
196.65	-588.356
197.03	-535.185
197.4	-2427.5
197.78	-35366.667
198.16	-3593.75
198.54	-1160.638
198.92	-3381.818
199.3	-3152.632
199.68	-1618.667
200.06	-3915.625
200.44	-8213.333
200.82	-838.356
201.2	-1497.5
201.58	-779.054
201.96	-540.196
202.34	-505.607
202.72	-824.812
203.1	-454.054
203.48	-547.15
203.86	-368.093
204.24	-322.078
204.62	-282.692
205	-281.046
205.38	-204.64
205.76	-210.586
206.13	-238.015
206.51	-228.873
206.89	-173.973
207.27	-181.431
207.65	-163.666
208.03	-187.91
208.41	-222.708
208.79	-198.521
209.17	-237.238
209.55	-249.886
209.93	-306.394
210.3	-344.262
210.68	-424.437
211.06	-508.4
211.44	-496.899
211.82	-332.249
212.2	-289.157
212.58	-231.373
212.96	-349.871
213.33	-325.182
213.71	-341.206
214.09	-300.966
214.47	-297.949
214.85	-262.5
215.23	-256.876
215.61	-193.542
215.98	-266.495
216.36	-283.476
216.74	-277.746
217.12	-206.032
217.5	-228.954
217.88	-213.583
218.25	-181.725
218.63	-141.391
219.01	-135.627
219.39	-114.228
219.77	-139.742
220.14	-128.07
220.52	-110.984
220.9	-113.867
221.28	-109.359
221.66	-99.511
222.03	-97.903
222.41	-107.84
222.79	-104.983
223.17	-88.134
223.55	-88.289
223.92	-84.615
224.3	-77.851
224.68	-79.545
225.06	-68.773
225.43	-58.119
225.81	-52.958
226.19	-45.315
226.57	-36.321
226.95	-31.164
227.32	-26.402
227.7	-22.327
228.08	-18.333
228.46	-17.737
228.83	-16.692
229.21	-15.28
229.59	-14.696
229.96	-12.528
230.34	-11.594
230.72	-10.715
231.1	-10.302
231.47	-12.004
231.85	-13.386
232.23	-13.892
232.6	-10.702
232.98	-10.689
233.36	-13.451
233.74	-13.502
234.11	-13.457
234.49	-13.344
234.87	-13.369
235.24	-13.382
235.62	-12.525
236	-11.541
236.37	-11.466
236.75	-13.297
237.13	-12.668
237.5	-10.78
237.88	-11.184
238.26	-12.122
238.63	-11.55
239.01	-11.6
239.39	-11.245
239.76	-10.413
240.14	-10.158
240.52	-7.954
240.89	-6.767
241.27	-6.112
241.65	-6.316
242.02	-5.927
242.4	-5.502
242.77	-5.669
243.15	-5.329
243.53	-5.669
243.9	-5.496
244.28	-5.577
244.66	-6.366
245.03	-6.263
245.41	-5.947
245.78	-4.824
246.16	-4.427
246.54	-4.539
246.91	-4.342
247.29	-3.809
247.66	-3.567
248.04	-3.468
248.41	-3.121
248.79	-3.14
249.17	-3.47
249.54	-3.561
249.92	-4.18
250.29	-4.353
250.67	-4.248
251.04	-4.674
251.42	-5.535
251.8	-5.364
252.17	-5.458
252.55	-5.617
252.92	-5.616
253.3	-6.121
253.67	-6.146
254.05	-6.602
254.42	-6.682
254.8	-7.056
255.17	-6.564
255.55	-6.307
255.92	-6.088
256.3	-5.748
256.67	-5.827
257.05	-5.353
257.42	-4.052
257.8	-3.567
258.17	-2.881
258.55	-2.468
258.92	-2.114
259.3	-2.021
259.67	-1.907
260.05	-1.845
260.42	-1.94
260.8	-1.691
261.17	-1.75
261.55	-2.11
261.92	-2.404
262.3	-2.535
262.67	-3.098
263.05	-3.091
263.42	-3.383
263.79	-3.519
264.17	-3.679
264.54	-3.668
264.92	-4.028
265.29	-3.974
265.67	-3.761
266.04	-3.776
266.42	-3.446
266.79	-3.265
267.16	-3.374
267.54	-3.745
267.91	-3.709
268.29	-3.795
268.66	-3.324
269.03	-2.984
269.41	-2.686
269.78	-2.484
270.16	-2.044
270.53	-2.184
270.9	-2.151
271.28	-2.047
271.65	-1.544
272.03	-1.488
272.4	-1.244
272.77	-1.402
273.15	-1.593
273.52	-1.831
273.89	-1.845
274.27	-2.035
274.64	-1.945
275.01	-1.776
275.39	-1.96
275.76	-2.054
276.14	-2.146
276.51	-2.534
276.88	-2.371
277.26	-2.077
277.63	-1.761
278	-1.487
278.38	-1.494
278.75	-1.463
279.12	-1.717
279.49	-1.495
279.87	-1.239
280.24	-1.148
280.61	-0.718
280.99	-0.719
281.36	-0.741
281.73	-0.728
282.11	-0.754
282.48	-0.67
282.85	-0.784
283.22	-0.658
283.6	-0.589
283.97	-0.519
284.34	-0.51
284.71	-0.271
285.09	-0.381
285.46	-0.393
285.83	-0.48
286.21	-0.508
286.58	-0.585
286.95	-0.424
287.32	-0.377
287.7	-0.363
288.07	-0.627
288.44	-0.586
288.81	-0.897
289.18	-0.951
289.56	-0.918
289.93	-0.805
290.3	-0.852
290.67	-0.865
291.05	-0.947
291.42	-0.883
291.79	-0.881
292.16	-0.83
292.53	-0.756
292.91	-0.603
293.28	-0.45
293.65	-0.331
294.02	-0.261
294.39	-0.141
294.76	-0.155
295.14	-0.056
295.51	0.009
295.88	0.169
296.25	0.33
296.62	0.527
297	0.554
297.37	0.466
297.74	0.347
298.11	0.338
298.48	0.341
298.85	0.5
299.22	0.58
299.6	0.56
299.97	0.242
300.34	0.008
300.71	-0.098
301.08	-0.389
301.45	-0.065
301.82	-0.069
302.19	-0.347
302.56	-0.286
302.94	-0.062
303.31	-0.063
303.68	0.064
304.05	-0.06
304.42	0.135
304.79	-0.036
305.16	0.249
305.53	0.034
305.9	0.246
306.27	0.361
306.64	0.244
307.02	0.06
307.39	-0.136
307.76	-0.071
308.13	0.281
308.5	0.258
308.87	0.198
309.24	0.182
309.61	0.468
309.98	0.505
310.35	0.589
310.72	0.457
311.09	0.366
311.46	0.593
311.83	0.453
312.2	0.562
312.57	0.729
312.94	0.859
313.31	0.906
313.68	0.622
314.05	0.58
314.42	0.464
314.79	0.594
315.16	0.588
315.53	0.593
315.9	0.745
316.27	0.626
316.64	0.634
317.01	0.506
317.38	0.529
317.75	0.607
318.12	0.598
318.49	0.756
318.86	0.899
319.23	1.091
319.6	1.065
319.97	0.959
320.34	0.883
320.71	0.684
321.08	0.843
321.45	0.806
321.82	1.044
322.19	1.217
322.55	1.601
322.92	1.635
323.29	1.847
323.66	2.07
324.03	2.248
324.4	2.623
324.77	2.902
325.14	3.16
325.51	3.347
325.88	3.485
326.25	3.758
326.61	3.818
326.98	3.969
327.35	4.167
327.72	4.476
328.09	4.752
328.46	4.756
328.83	4.977
329.2	5.26
329.56	5.612
329.93	5.819
330.3	6.099
330.67	6.46
331.04	6.988
331.41	7.255
331.78	7.39
332.14	7.946
332.51	8.515
332.88	9.042
333.25	9.257
333.62	9.635
333.99	10.088
334.35	10.272
334.72	10.365
335.09	10.479
335.46	10.89
335.83	11.238
336.19	11.253
336.56	11.489
336.93	11.748
337.3	12.233
337.67	12.472
338.03	12.577
338.4	12.833
338.77	13.356
339.14	13.853
339.5	14.136
339.87	14.464
340.24	14.777
340.61	15.034
340.97	15.147
341.34	15.14
341.71	15.323
342.08	15.569
342.44	15.925
342.81	16.155
343.18	16.276
343.55	16.367
343.91	16.47
344.28	16.759
344.65	16.84
345.02	17.021
345.38	17.143
345.75	17.325
346.12	17.497
346.48	17.715
346.85	17.725
347.22	17.744
347.59	17.909
347.95	17.943
348.32	18.044
348.69	18.214
349.05	18.39
349.42	18.67
349.79	18.774
350.15	18.71
350.52	18.516
350.89	18.606
351.25	18.892
351.62	18.858
351.99	18.972
352.35	18.781
352.72	18.706
353.09	18.731
353.45	18.813
353.82	18.82
354.18	19.091
354.55	19.227
354.92	19.242
355.28	19.096
355.65	19.241
356.02	19.358
356.38	19.449
356.75	19.567
357.11	19.621
357.48	19.524
357.85	19.562
358.21	19.579
358.58	19.587
358.94	19.738
359.31	19.829
359.67	19.964
360.04	20.042
360.41	20.13
360.77	20.102
361.14	20.125
361.5	20.235
361.87	20.273
362.23	20.216
362.6	20.367
362.97	20.355
363.33	20.377
363.7	20.276
364.06	20.296
364.43	20.456
364.79	20.637
365.16	20.61
365.52	20.56
365.89	20.631
366.25	20.678
366.62	20.582
366.98	20.684
367.35	20.815
367.71	20.838
368.08	20.919
368.44	20.801
368.81	20.887
369.17	20.936
369.54	21.163
369.9	21.22
370.27	21.373
370.63	21.618
371	21.587
371.36	21.745
371.73	21.883
372.09	21.877
372.45	22.008
372.82	22.075
373.18	22.187
373.55	22.255
373.91	22.391
374.28	22.496
374.64	22.548
375.01	22.673
375.37	22.761
375.73	22.765
376.1	22.864
376.46	22.993
376.83	23.068
377.19	23.152
377.55	23.192
377.92	23.374
378.28	23.518
378.65	23.627
379.01	23.733
379.37	23.739
379.74	23.879
380.1	23.991
380.47	24.004
380.83	24.032
381.19	24.252
381.56	24.464
381.92	24.377
382.28	24.465
382.65	24.39
383.01	24.577
383.37	24.706
383.74	24.894
384.1	25.071
384.46	25.328
384.83	25.462
385.19	25.611
385.55	25.718
385.92	26.006
386.28	26.126
386.64	26.388
387.01	26.365
387.37	26.508
387.73	26.645
388.1	26.83
388.46	26.91
388.82	27.185
389.18	27.173
389.55	27.319
389.91	27.404
390.27	27.499
390.64	27.563
391	27.854
391.36	27.946
391.72	28.016
392.09	28.149
392.45	28.287
392.81	28.38
393.17	28.681
393.54	28.839
393.9	28.938
394.26	29.107
394.62	29.416
394.99	29.48
395.35	29.769
395.71	30.015
396.07	30.111
396.43	30.35
396.8	30.532
397.16	30.524
397.52	30.633
397.88	30.857
398.24	31.053
398.61	31.037
398.97	31.193
399.33	31.294
399.69	31.404
400.05	31.505
400.42	31.658
400.78	31.771
401.14	31.939
401.5	32.136
401.86	32.27
402.22	32.529
402.59	32.768
402.95	32.865
403.31	32.957
403.67	33.174
404.03	33.433
404.39	33.541
404.75	33.607
405.12	33.923
405.48	34.049
405.84	34.189
406.2	34.267
406.56	34.471
406.92	34.66
407.28	34.886
407.64	35.035
408	35.074
408.36	35.094
408.73	35.242
409.09	35.252
409.45	35.335
409.81	35.38
410.17	35.331
410.53	35.331
410.89	35.543
411.25	35.558
411.61	35.689
411.97	35.822
412.33	35.913
412.69	36.126
413.05	36.283
413.41	36.338
413.77	36.586
414.13	36.807
414.5	36.983
414.86	37.068
415.22	37.159
415.58	37.246
415.94	37.289
416.3	37.44
416.66	37.46
417.02	37.607
417.38	37.715
417.74	37.853
418.1	37.995
418.46	38.113
418.82	38.272
419.18	38.389
419.54	38.426
419.9	38.633
420.26	38.745
420.61	38.954
420.97	39.052
421.33	39.215
421.69	39.313
422.05	39.45
422.41	39.557
422.77	39.595
423.13	39.616
423.49	39.795
423.85	39.913
424.21	39.952
424.57	40.015
424.93	40.025
425.29	40.104
425.65	40.202
426.01	40.244
426.36	40.28
426.72	40.365
427.08	40.575
427.44	40.618
427.8	40.647
428.16	40.83
428.52	40.917
428.88	41.035
429.24	41.164
429.59	41.134
429.95	41.398
430.31	41.508
430.67	41.672
431.03	41.807
431.39	41.99
431.75	42.126
432.1	42.273
432.46	42.31
432.82	42.531
433.18	42.655
433.54	42.963
433.9	42.931
434.25	43.199
434.61	43.356
434.97	43.583
435.33	43.665
435.69	43.886
436.04	44.125
436.4	44.403
436.76	44.625
437.12	44.87
437.48	44.985
437.83	45.216
438.19	45.287
438.55	45.505
438.91	45.649
439.27	45.818
439.62	45.944
439.98	45.952
440.34	46.075
440.7	46.103
441.05	46.173
441.41	46.204
441.77	46.222
442.13	46.358
442.48	46.383
442.84	46.4
443.2	46.432
443.56	46.582
443.91	46.692
444.27	46.723
444.63	46.802
444.98	46.873
445.34	46.967
445.7	47.057
446.05	47.112
446.41	47.146
446.77	47.198
447.13	47.315
447.48	47.253
447.84	47.345
448.2	47.423
448.55	47.475
448.91	47.527
449.27	47.54
449.62	47.605
449.98	47.695
450.34	47.733
450.69	47.831
451.05	47.88
451.4	47.897
451.76	47.877
452.12	47.91
452.47	47.973
452.83	47.952
453.19	48.104
453.54	48.157
453.9	48.155
454.25	48.26
454.61	48.269
454.97	48.278
455.32	48.358
455.68	48.43
456.03	48.441
456.39	48.562
456.75	48.745
457.1	48.867
457.46	49.012
457.81	49.075
458.17	49.132
458.52	49.216
458.88	49.355
459.24	49.383
459.59	49.504
459.95	49.506
460.3	49.547
460.66	49.437
461.01	49.448
461.37	49.385
461.72	49.345
462.08	49.338
462.43	49.288
462.79	49.267
463.14	49.332
463.5	49.312
463.85	49.482
464.21	49.413
464.56	49.592
464.92	49.524
465.27	49.615
465.63	49.734
465.98	49.774
466.34	49.93
466.69	49.881
467.05	49.93
467.4	50.023
467.76	49.937
468.11	49.993
468.47	50.071
468.82	50.163
469.18	50.139
469.53	50.143
469.88	50.32
470.24	50.239
470.59	50.35
470.95	50.363
471.3	50.297
471.66	50.342
472.01	50.385
472.36	50.292
472.72	50.21
473.07	50.405
473.43	50.477
473.78	50.422
474.13	50.546
474.49	50.544
474.84	50.519
475.19	50.579
475.55	50.661
475.9	50.769
476.26	50.762
476.61	50.929
476.96	50.743
477.32	50.791
477.67	50.728
478.02	50.775
478.38	50.866
478.73	51.002
479.08	51.087
479.44	51.131
479.79	51.088
480.14	51.108
480.5	51.075
480.85	51.308
481.2	51.432
481.56	51.581
481.91	51.687
482.26	51.856
482.62	51.911
482.97	51.844
483.32	51.826
483.67	51.813
484.03	51.821
484.38	51.799
484.73	51.781
485.08	51.676
485.44	51.685
485.79	51.626
486.14	51.529
486.49	51.54
486.85	51.579
487.2	51.59
487.55	51.604
487.9	51.62
488.26	51.694
488.61	51.731
488.96	51.851
489.31	51.9
489.67	51.996
490.02	51.94
490.37	51.877
490.72	51.934
491.07	51.999
491.43	52.066
491.78	52.222
492.13	52.256
492.48	52.22
492.83	52.168
493.19	52.11
493.54	52.121
493.89	52.216
494.24	52.313
494.59	52.482
494.94	52.523
495.29	52.529
495.65	52.511
496	52.666
496.35	52.767
496.7	52.904
497.05	52.959
497.4	53.033
497.75	53.079
498.11	53.142
498.46	53.176
498.81	53.33
499.16	53.489
499.51	53.613
499.86	53.579
500.21	53.743
500.56	53.853
500.91	53.973
501.26	53.912
501.62	54.061
501.97	54.079
502.32	54.142
502.67	54.153
503.02	54.227
503.37	54.236
503.72	54.316
504.07	54.244
504.42	54.348
504.77	54.447
505.12	54.532
505.47	54.626
505.82	54.737
506.17	54.634
506.52	54.79
506.87	54.853
507.22	54.89
507.57	55.001
507.92	55.095
508.27	55.184
508.62	55.129
508.97	55.193
509.32	55.286
509.67	55.351
510.02	55.568
510.37	55.633
510.72	55.713
511.07	55.799
511.42	55.894
511.77	56.07
512.12	56.048
512.47	56.249
512.82	56.372
513.17	56.424
513.52	56.53
513.87	56.487
514.22	56.463
514.57	56.523
514.91	56.659
515.26	56.717
515.61	56.74
515.96	56.771
516.31	56.854
516.66	56.886
517.01	56.963
517.36	57.003
517.71	57.218
518.06	57.348
518.41	57.495
518.75	57.562
519.1	57.627
519.45	57.661
519.8	57.778
520.15	57.818
520.5	57.969
520.85	58.013
521.19	58.1
521.54	58.1
521.89	58.196
522.24	58.211
522.59	58.244
522.94	58.324
523.28	58.391
523.63	58.528
523.98	58.595
524.33	58.7
524.68	58.709
525.03	58.818
525.37	58.899
525.72	58.905
526.07	59.11
526.42	59.366
526.76	59.514
527.11	59.658
527.46	59.699
527.81	59.747
528.16	59.657
528.5	59.729
528.85	59.741
529.2	59.749
529.55	59.777
529.89	59.7
530.24	59.555
530.59	59.538
530.94	59.52
531.28	59.557
531.63	59.686
531.98	59.94
532.32	60.052
532.67	60.031
533.02	60.101
533.37	60.238
533.71	60.379
534.06	60.488
534.41	60.58
534.75	60.645
535.1	60.696
535.45	60.673
535.79	60.592
536.14	60.679
536.49	60.911
536.83	60.984
537.18	60.982
537.53	60.955
537.87	61.025
538.22	61
538.57	61.102
538.91	61.275
539.26	61.477
539.61	61.656
539.95	61.616
540.3	61.63
540.64	61.707
540.99	61.752
541.34	61.854
541.68	61.85
542.03	61.901
542.37	61.952
542.72	61.973
543.07	61.906
543.41	61.941
543.76	62.08
544.1	62.189
544.45	62.245
544.8	62.437
545.14	62.485
545.49	62.566
545.83	62.592
546.18	62.631
546.52	62.662
546.87	62.728
547.21	62.769
547.56	62.772
547.9	62.806
548.25	62.82
548.59	62.793
548.94	62.744
549.29	62.888
549.63	62.999
549.98	63.058
550.32	63.212
550.67	63.224
551.01	63.29
551.35	63.353
551.7	63.375
552.04	63.461
552.39	63.523
552.73	63.64
553.08	63.704
553.42	63.861
553.77	63.839
554.11	63.826
554.46	63.906
554.8	63.961
555.15	63.945
555.49	63.951
555.83	64.098
556.18	64.151
556.52	64.174
556.87	64.205
557.21	64.067
557.56	64.167
557.9	64.155
558.24	64.254
558.59	64.28
558.93	64.49
559.28	64.547
559.62	64.515
559.96	64.39
560.31	64.375
560.65	64.381
560.99	64.398
561.34	64.431
561.68	64.478
562.02	64.461
562.37	64.457
562.71	64.345
563.06	64.348
563.4	64.412
563.74	64.528
564.09	64.615
564.43	64.63
564.77	64.846
565.11	64.965
565.46	65.018
565.8	65.105
566.14	65.203
566.49	65.368
566.83	65.512
567.17	65.425
567.52	65.691
567.86	65.811
568.2	65.887
568.54	65.915
568.89	65.877
569.23	65.946
569.57	66.032
569.91	66.156
570.26	66.179
570.6	66.26
570.94	66.465
571.28	66.279
571.63	66.316
571.97	66.303
572.31	66.409
572.65	66.308
573	66.347
573.34	66.435
573.68	66.361
574.02	66.305
574.36	66.211
574.71	66.262
575.05	66.282
575.39	66.319
575.73	66.429
576.07	66.341
576.42	66.402
576.76	66.394
577.1	66.296
577.44	66.281
577.78	66.22
578.12	66.283
578.46	66.148
578.81	66.132
579.15	66.016
579.49	65.861
579.83	65.741
580.17	65.933
580.51	65.877
580.85	65.877
581.2	65.851
581.54	66.044
581.88	65.976
582.22	66.042
582.56	66.092
582.9	66.165
583.24	66.347
583.58	66.486
583.92	66.358
584.26	66.524
584.6	66.593
584.95	66.591
585.29	66.451
585.63	66.472
585.97	66.462
586.31	66.594
586.65	66.64
586.99	66.54
587.33	66.399
587.67	66.606
588.01	66.656
588.35	66.693
588.69	66.854
589.03	66.972
589.37	67.096
589.71	67.119
590.05	67.11
590.39	67.17
590.73	67.361
591.07	67.504
591.41	67.379
591.75	67.302
592.09	67.368
592.43	67.362
592.77	67.453
593.11	67.446
593.45	67.472
593.79	67.591
594.13	67.56
594.47	67.555
594.81	67.648
595.14	67.77
595.48	67.748
595.82	67.565
596.16	67.574
596.5	67.548
596.84	67.53
597.18	67.564
597.52	67.4
597.86	67.401
598.2	67.384
598.54	67.342
598.87	67.28
599.21	67.37
599.55	67.506
599.89	67.443
600.23	67.353
600.57	67.347
600.91	67.327
601.25	67.649
601.58	67.756
601.92	67.759
602.26	67.902
602.6	67.935
602.94	67.873
603.28	67.871
603.61	67.987
603.95	68.009
604.29	67.967
604.63	67.927
604.97	67.748
605.3	67.619
605.64	67.603
605.98	67.406
606.32	67.481
606.66	67.49
606.99	67.475
607.33	67.431
607.67	67.551
608.01	67.532
608.34	67.639
608.68	67.862
609.02	67.824
609.36	67.789
609.69	67.812
610.03	67.69
610.37	67.677
610.71	67.758
611.04	67.628
611.38	67.549
611.72	67.702
612.06	67.736
612.39	67.587
612.73	67.815
613.07	67.748
613.4	67.823
613.74	67.957
614.08	67.986
614.41	67.858
614.75	68.074
615.09	68.187
615.42	68.235
615.76	68.151
616.1	67.986
616.43	67.773
616.77	68.08
617.11	68.06
617.44	68.073
617.78	68.048
618.12	68.203
618.45	68.118
618.79	68.163
619.13	68.111
619.46	68.143
619.8	68.188
620.13	68.299
620.47	68.181
620.81	68.201
621.14	68.124
621.48	68.131
621.81	68.158
622.15	68.181
622.48	68.03
622.82	68.007
623.16	68.01
623.49	68.191
623.83	68.35
624.16	68.318
624.5	68.452
624.83	68.265
625.17	68.333
625.5	68.234
625.84	68.246
626.18	68.323
626.51	68.315
626.85	68.3
627.18	68.185
627.52	68.036
627.85	68.057
628.19	67.927
628.52	68.096
628.86	67.849
629.19	67.962
629.53	67.941
629.86	67.899
630.19	67.762
630.53	67.661
630.86	67.566
631.2	67.657
631.53	67.703
631.87	67.899
632.2	67.958
632.54	68.2
632.87	68.155
633.2	68.157
633.54	68.038
633.87	68.177
634.21	68.266
634.54	68.382
634.88	68.253
635.21	68.239
635.54	68.049
635.88	68.013
636.21	67.783
636.55	67.581
636.88	67.514
637.21	67.463
637.55	67.487
637.88	67.372
638.21	67.365
638.55	67.495
638.88	67.297
639.21	67.102
639.55	66.914
639.88	66.998
640.21	67.091
640.55	67.226
640.88	67.531
641.21	67.562
641.55	67.763
641.88	67.619
642.21	67.546
642.55	67.715
642.88	67.952
643.21	67.955
643.55	67.943
643.88	67.93
644.21	67.981
644.54	67.866
644.88	67.823
645.21	67.743
645.54	67.8
645.87	67.848
646.21	67.591
646.54	67.474
646.87	67.776
647.2	67.815
647.54	67.721
647.87	67.614
648.2	67.52
648.53	67.401
648.87	67.31
649.2	67.22
649.53	66.937
649.86	67.05
650.19	67.053
650.53	66.745
650.86	66.779
651.19	67.033
651.52	66.743
651.85	66.805
652.18	66.875
652.52	66.933
652.85	66.922
653.18	66.987
653.51	67.032
653.84	67.079
654.17	66.977
654.51	67.004
654.84	66.854
655.17	66.982
655.5	66.787
655.83	66.648
656.16	66.466
656.49	66.556
656.82	66.839
657.15	66.902
657.49	67.062
657.82	67.355
658.15	67.081
658.48	67.303
658.81	67.403
659.14	67.439
659.47	67.548
659.8	67.545
660.13	67.708
660.46	67.758
660.79	67.855
661.12	67.641
661.45	67.527
661.78	67.855
662.11	67.422
662.44	67.584
662.77	67.847
663.1	67.712
663.43	67.808
663.76	67.566
664.09	66.951
664.42	66.746
664.75	66.773
665.08	66.682
665.41	66.421
665.74	66.509
666.07	66.149
666.4	65.925
666.73	65.987
667.06	66.042
667.39	66.165
667.72	66.511
668.05	66.409
668.38	66.378
668.71	66.138
669.04	66.248
669.37	66.347
669.7	66.564
670.03	66.723
670.36	66.655
670.69	66.184
671.01	65.9
671.34	65.811
671.67	65.873
672	65.726
672.33	66.04
672.66	66.133
672.99	65.951
673.32	65.82
673.64	65.512
673.97	65.456
674.3	65.819
674.63	65.82
674.96	65.892
675.29	65.787
675.62	65.709
675.94	65.562
676.27	65.304
676.6	65.531
676.93	65.487
677.26	65.267
677.58	65.476
677.91	65.504
678.24	65.553
678.57	65.413
678.9	65.239
679.22	65.298
679.55	65.423
679.88	65.385
680.21	65.269
680.54	65.156
680.86	65.402
681.19	65.203
681.52	65.035
681.85	64.928
682.17	64.878
682.5	64.931
682.83	64.935
683.16	64.615
683.48	64.644
683.81	64.296
684.14	64.115
684.46	64.013
684.79	64.149
685.12	64.132
685.45	64.142
685.77	64.116
686.1	64.071
686.43	63.916
686.75	64.008
687.08	64.072
687.41	64.241
687.73	64.32
688.06	64.08
688.39	63.79
688.71	63.798
689.04	63.675
689.36	63.704
689.69	63.496
690.02	63.354
690.34	63.241
690.67	62.863
691	62.372
691.32	62.325
691.65	62.136
691.97	61.939
692.3	61.709
692.63	61.733
692.95	61.356
693.28	61.276
693.6	61.37
693.93	61.346
694.26	61.392
694.58	61.76
694.91	61.65
695.23	61.871
695.56	61.902
695.88	61.725
696.21	61.37
696.53	61.392
696.86	61.674
697.18	61.466
697.51	61.272
697.83	61.212
698.16	60.71
698.48	60.686
698.81	60.531
699.13	60.152
699.46	59.944
699.78	59.998
700.11	59.695
700.43	59.27
700.76	58.997
701.08	58.804
701.41	58.575
701.73	58.451
702.06	58.034
702.38	58.03
702.71	58.182
703.03	57.982
703.35	57.755
703.68	57.751
704	57.774
704.33	57.738
704.65	57.119
704.98	56.804
705.3	57.277
705.62	57.109
705.95	56.873
706.27	56.633
706.6	57.009
706.92	56.887
707.24	57.045
707.57	56.617
707.89	56.398
708.21	56.976
708.54	56.883
708.86	56.145
709.18	56.047
709.51	55.331
709.83	55.358
710.15	54.888
710.48	54.593
710.8	54.252
711.12	54.482
711.45	54.697
711.77	54.418
712.09	54.395
712.42	54.678
712.74	54.8
713.06	55.044
713.38	54.921
713.71	54.817
714.03	54.821
714.35	54.577
714.68	53.862
715	53.423
715.32	52.886
715.64	52.516
715.97	52.223
716.29	51.832
716.61	51.575
716.93	51.194
717.25	50.921
717.58	50.726
717.9	50.526
718.22	50.597
718.54	50.68
718.87	50.82
719.19	51.062
719.51	51.322
719.83	51.126
720.15	50.669
720.47	50.731
720.8	50.72
721.12	50.486
721.44	50.566
721.76	51.232
722.08	50.257
722.4	50.031
722.73	49.44
723.05	49.039
723.37	48.327
723.69	48.609
724.01	48.374
724.33	48.683
724.65	48.425
724.97	48.105
725.3	47.563
725.62	48.009
725.94	47.872
726.26	48.104
726.58	47.933
726.9	47.897
727.22	47.004
727.54	46.985
727.86	46.768
728.18	47.206
728.5	46.937
728.82	47.011
729.14	46.405
729.46	46.446
729.78	46.558
730.1	46.858
730.42	47.131
730.74	47.942
731.07	47.734
731.39	47.498
731.71	47.067
732.03	47.107
732.35	46.124
732.66	46.342
732.98	46.289
733.3	45.691
733.62	44.657
733.94	45.025
734.26	44.489
734.58	43.938
734.9	44.026
735.22	43.379
735.54	43.581
735.86	43.564
736.18	43.035
736.5	42.676
736.82	42.164
737.14	42.203
737.46	40.817
737.78	40.858
738.1	40.905
738.41	40.18
738.73	40.944
739.05	40.381
739.37	40.502
739.69	40.943
740.01	40.874
740.33	41.17
740.65	41.434
740.96	42.776
741.28	42.452
741.6	42.217
741.92	42.21
742.24	40.496
742.56	40.606
742.88	41.03
743.19	39.958
743.51	39.89
743.83	39.553
744.15	38.938
744.47	37.956
744.78	37.833
745.1	36.916
745.42	36.555
745.74	36.833
746.06	35.798
746.37	34.792
746.69	35.486
747.01	35.395
747.33	35
747.64	34.369
747.96	34.051
748.28	34.185
748.6	34.668
748.91	34.172
749.23	34.37
749.55	35.367
749.87	34.923
750.18	34.632
750.5	34.016
750.82	33.869
751.13	33.437
751.45	33.351
751.77	32.4
752.08	32.839
752.4	33.567
752.72	34.163
753.03	34.237
753.35	35.032
753.67	35.223
753.98	35.844
754.3	35.616
754.62	36.556
754.93	36.288
755.25	36.864
755.57	36.709
755.88	36.289
756.2	35.993
756.51	34.462
756.83	33.452
757.15	33.574
757.46	33.171
757.78	33.407
758.09	32.727
758.41	32.812
758.73	33.266
759.04	32.894
759.36	31.58
759.67	31.21
759.99	32.422
760.3	33.178
760.62	33.036
760.94	32.712
761.25	32.903
761.57	33.749
761.88	34.15
762.2	34.386
762.51	35.238
762.83	36.114
763.14	36.308
763.46	36.218
763.77	35.628
764.09	35.154
764.4	35.344
764.72	35.024
765.03	34.824
765.35	33.83
765.66	32.362
765.98	30.877
766.29	30.426
766.61	30.071
766.92	29.08
767.23	29.185
767.55	28.446
767.86	27.36
768.18	27.017
768.49	26.273
768.81	27.504
769.12	28.657
769.43	28.115
769.75	26.952
770.06	25.35
770.38	25.218
770.69	24.522
771	25.285
771.32	25.568
771.63	26.01
771.94	25.645
772.26	24.755
772.57	22.315
772.89	21.642
773.2	23.296
773.51	24.611
773.83	23.744
774.14	24.019
774.45	22.886
774.77	23.098
775.08	23.128
775.39	23.197
775.7	22.08
776.02	23.845
776.33	25.083
776.64	25.091
776.96	24.336
777.27	25.154
777.58	23.94
777.89	23.928
778.21	23.849
778.52	22.92
778.83	21.984
779.14	23.149
779.46	23.281
779.77	22.796
780.08	23.922
780.39	24.275
780.71	23.164
781.02	24.416
781.33	23.897
781.64	22.211
781.95	21.597
782.27	21.834
782.58	20.506
782.89	19.29
783.2	19.622
783.51	17.328
783.83	15.03
784.14	15.301
784.45	15.252
784.76	15.199
785.07	16.941
785.38	15.778
785.7	16.137
786.01	16.768
786.32	15.818
786.63	16.439
786.94	17.273
787.25	17.916
787.56	19.146
787.87	19.159
788.18	20.133
788.5	18.884
788.81	19.398
789.12	20.449
789.43	18.541
789.74	17.078
790.05	16.143
790.36	14.735
790.67	15.579
790.98	13.122
791.29	11.052
791.6	11.569
791.91	10.07
792.22	10.683
792.53	8.505
792.84	10.89
793.15	12.592
793.46	12.136
793.77	11.274
794.08	9.974
794.39	9.057
794.7	9.827
795.01	7.647
795.32	9.406
795.63	9.35
795.94	7.789
796.25	6.89
796.56	8.194
796.87	7.863
797.18	9.276
797.49	8.576
797.8	9.023
798.11	8.044
798.42	8.13
798.73	7.776
799.04	5.821
799.35	7.977
799.65	7.373
799.96	7.131
800.27	7.877
800.58	6.169
800.89	8.895
801.2	9.207
801.51	11.308
801.82	11.869
802.13	10.046
802.43	13.036
802.74	13.386
803.05	11.737
803.36	10.568
803.67	10.011
803.98	10.713
804.28	8.395
804.59	13.015
804.9	12.809
805.21	12.691
805.52	11.863
805.83	7.41
806.13	6.734
806.44	8.522
806.75	7.497
807.06	6.34
807.36	5.21
807.67	6.183
807.98	-0.264
808.29	-2.965
808.6	-2.99
808.9	0.266
809.21	0.928
809.52	-0.058
809.83	-1.317
810.13	-0.833
810.44	-1.676
810.75	-0.776
811.05	-2.248
811.36	-2.995
811.67	-2.646
811.98	-7.476
812.28	-10.196
812.59	-8.127
812.9	-11.665
813.2	-13.321
813.51	-10.438
813.82	-8.229
814.12	-7.862
814.43	-8.069
814.74	-5.646
815.04	-7.785
815.35	-7.37
815.65	-7.159
815.96	-6.662
816.27	-0.322
816.57	2.183
816.88	0.984
817.19	-1.247
817.49	-3.251
817.8	-2.76
818.1	-2.73
818.41	-0.065
818.72	2.531
819.02	3.899
819.33	4.863
819.63	3.504
819.94	4.231
820.24	6.237
820.55	11.437
820.85	14.951
821.16	18.942
821.47	20.664
821.77	22.697
822.08	24.305
822.38	24.992
822.69	25.363
822.99	26.344
823.3	26.318
823.6	26.947
823.91	27.054
824.21	27.112
824.52	26.126
824.82	25.216
825.13	24.704
825.43	23.618
825.73	23.411
826.04	22.188
826.34	21.058
826.65	20.665
826.95	19.419
827.26	17.23
827.56	17.132
827.87	17.538
828.17	18.874
828.47	17.611
828.78	16.977
829.08	14.741
829.39	14.061
829.69	11.253
829.99	10.29
830.3	7.407
830.6	8.225
830.9	5.588
831.21	2.714
831.51	0.707
831.82	-1.322
832.12	-1.115
832.42	0.028
832.73	2.019
833.03	2.63
833.33	2.693
833.64	3.863
833.94	2.844
834.24	3.024
834.54	2.024
834.85	2.85
835.15	2.953
835.45	2.401
835.76	2.186
836.06	-0.025
836.36	-2.321
836.66	-2.431
836.97	-5.688
837.27	-8.434
837.57	-11.655
837.87	-15.617
838.18	-21.307
838.48	-24.612
838.78	-24.129
839.08	-25.749
839.39	-30.27
839.69	-30.428
839.99	-31.253
840.29	-31.587
840.59	-30.765
840.9	-32.6
841.2	-25.218
841.5	-29.689
841.8	-28.089
842.1	-34.179
842.41	-38.071
842.71	-38.037
843.01	-38.988
843.31	-42.096
843.61	-40.858
843.91	-46.149
844.21	-43.036
844.52	-49.029
844.82	-47.41
845.12	-51.806
845.42	-50.909
845.72	-54.493
846.02	-54.758
846.32	-58.378
846.62	-58.377
846.92	-67.954
847.22	-71.681
847.52	-71.976
847.83	-76.27
848.13	-70.287
848.43	-61.431
848.73	-62.22
849.03	-58.861
849.33	-60.291
849.63	-54.979
849.93	-57.573
850.23	-56.139
850.53	-52.752
850.83	-57.599
851.13	-50.672
851.43	-57.768
851.73	-71.34
852.03	-79.412
852.33	-87.242
852.63	-84.526
852.93	-89.504
853.23	-92.607
853.53	-87.147
853.83	-88.167
854.13	-88.533
854.43	-100
854.73	-107.906
855.03	-109.483
855.32	-95.533
855.62	-88.656
855.92	-86.315
856.22	-79.092
856.52	-79.553
856.82	-77.79
857.12	-72.216
857.42	-71.752
857.72	-81.625
858.02	-78.544
858.31	-60.782
858.61	-60.417
858.91	-65.203
859.21	-76.667
859.51	-89.032
859.81	-99.576
860.11	-115.33
860.4	-120.471
860.7	-112.67
861	-97.015
861.3	-93.947
861.6	-134.663
861.9	-137.749
862.19	-125.85
862.49	-97.439
862.79	-105.535
863.09	-86.261
863.39	-80.931
863.68	-79.936
863.98	-83.623
864.28	-87.786
864.58	-87.686
864.87	-82.822
865.17	-83.587
865.47	-89.659
865.77	-113.573
866.06	-97.072
866.36	-100.659
866.66	-102.248
866.96	-117.076
867.25	-127.143
867.55	-134.601
867.85	-123.725
868.14	-113.573
868.44	-120.879
868.74	-122.277
869.03	-110.272
869.33	-119.271
869.63	-148.656
869.92	-164.331
870.22	-141.257
870.52	-110.37
870.81	-101.561
871.11	-120.217
871.41	-129.179
871.7	-133.864
872	-139.971
872.3	-146.097
872.59	-120.892
872.89	-119.799
873.18	-126.29
873.48	-135.484
873.78	-164.752
874.07	-181.148
874.37	-155.143
874.66	-138.684
874.96	-137.716
875.25	-145.67
875.55	-153.746
875.85	-186.935
876.14	-169.458
876.44	-184.063
876.73	-166.088
877.03	-162.219
877.32	-163.308
877.62	-159.969
877.91	-142.758
878.21	-146.589
878.5	-154.325
878.8	-142.042
879.09	-138.855
879.39	-131.497
879.68	-112.169
879.98	-122.805
880.27	-96.977
880.57	-67.313
880.86	-55.071
881.16	-41.089
881.45	-28.127
881.74	-18.326
882.04	-15.852
882.33	-10.874
882.63	-8.438
882.92	-5.854
883.22	-5.184
883.51	-6.013
883.8	-8.331
884.1	-10.061
884.39	-12.367
884.69	-14.294
884.98	-17.139
885.27	-20.637
885.57	-24.743
885.86	-30.976
886.15	-43.453
886.45	-45.711
886.74	-51.57
887.03	-60.248
887.33	-71.198
887.62	-79.163
887.91	-23.485
888.21	-120.896
888.5	-183.333
888.79	-200
889.09	-48.485
