190.56	533.333
190.94	533.333
191.32	533.333
191.7	0
192.08	-16.667
192.46	-21.596
192.84	-26.852
193.22	-22.069
193.6	-11.409
193.98	-16.81
194.36	-57.664
194.74	-131.731
195.13	-87.742
195.51	-277.333
195.89	3666.667
196.27	1252.941
196.65	359.231
197.03	425.51
197.4	250.877
197.78	262.195
198.16	267.241
198.54	463.736
198.92	916.216
199.3	427.907
199.68	-557.692
200.06	-207.634
200.44	-202.222
200.82	-93.671
201.2	-184.831
201.58	-176.437
201.96	-178.09
202.34	-102.062
202.72	-107.921
203.1	-112.853
203.48	-102.674
203.86	-185.66
204.24	-124.845
204.62	-90.979
205	-83.973
205.38	-57.985
205.76	-53.16
206.13	-59.213
206.51	-77.131
206.89	-101.655
207.27	-153.583
207.65	-145.907
208.03	-143.003
208.41	-206.393
208.79	-225.862
209.17	-7800
209.55	8100
209.93	-683.562
210.3	-523.457
210.68	-254
211.06	-119.433
211.44	-51.058
211.82	-29.724
212.2	-18.124
212.58	-27.093
212.96	-49.882
213.33	-19.459
213.71	-26.568
214.09	-18.389
214.47	-39.815
214.85	-43.86
215.23	-38.525
215.61	-41.962
215.98	-62.615
216.36	-53.942
216.74	-46.457
217.12	-31.734
217.5	-29.674
217.88	-6.288
218.25	-18.067
218.63	-11.163
219.01	3.25
219.39	-3.511
219.77	-14.514
220.14	-8.756
220.52	-7.915
220.9	-10.184
221.28	-7.777
221.66	-12.705
222.03	-15.449
222.41	-14.453
222.79	-12.481
223.17	-14.979
223.55	-17.429
223.92	-15.326
224.3	-14.968
224.68	-17.368
225.06	-14.95
225.43	-12.869
225.81	-13.137
226.19	-12.952
226.57	-8.535
226.95	-5.155
227.32	-5.691
227.7	-2.73
228.08	-1.658
228.46	-1.965
228.83	-2.411
229.21	-2.638
229.59	-2.957
229.96	-2.474
230.34	-1.619
230.72	-2.041
231.1	-3.756
231.47	-2.735
231.85	-4.457
232.23	-4.542
232.6	-3.685
232.98	-1.575
233.36	-2.232
233.74	-3.105
234.11	-1.571
234.49	-2.702
234.87	-2.406
235.24	-1.247
235.62	-2.635
236	-2.538
236.37	-1.88
236.75	-2.105
237.13	-2.685
237.5	-2.796
237.88	-2.142
238.26	-3.218
238.63	-3.236
239.01	-3.346
239.39	-2.764
239.76	-1.147
240.14	-0.124
240.52	-0.211
240.89	-0.561
241.27	-0.382
241.65	0.358
242.02	0.212
242.4	0.662
242.77	0.853
243.15	0.793
243.53	0.736
243.9	0.138
244.28	-0.329
244.66	-0.103
245.03	-0.151
245.41	0.248
245.78	0.467
246.16	0.663
246.54	0.453
246.91	0.509
247.29	0.699
247.66	0.463
248.04	0.195
248.41	0.453
248.79	0.025
249.17	0.19
249.54	0.037
249.92	-0.461
250.29	-0.291
250.67	-0.151
251.04	-0.315
251.42	-0.547
251.8	-0.504
252.17	-0.17
252.55	-0.362
252.92	-0.309
253.3	-0.696
253.67	-0.641
254.05	-0.296
254.42	-0.455
254.8	-0.939
255.17	-0.828
255.55	-1.794
255.92	-1.159
256.3	-0.933
256.67	-0.924
257.05	-0.844
257.42	-0.333
257.8	-0.271
258.17	-0.359
258.55	-0.576
258.92	-0.292
259.3	-0.286
259.67	-0.041
260.05	-0.398
260.42	-0.229
260.8	-0.174
261.17	-0.251
261.55	-0.438
261.92	-0.463
262.3	-0.375
262.67	-0.502
263.05	-0.95
263.42	-0.973
263.79	-0.36
264.17	-0.108
264.54	-0.185
264.92	0.044
265.29	0.509
265.67	0.838
266.04	0.626
266.42	0.458
266.79	0.854
267.16	1.148
267.54	0.903
267.91	0.787
268.29	1.074
268.66	1.138
269.03	0.871
269.41	0.659
269.78	0.651
270.16	0.233
270.53	0.13
270.9	-0.072
271.28	-0.091
271.65	0.089
272.03	0.09
272.4	0.15
272.77	0.133
273.15	0.223
273.52	0.255
273.89	0.009
274.27	0.414
274.64	0.577
275.01	0.775
275.39	0.648
275.76	0.564
276.14	0.22
276.51	-0.18
276.88	-0.099
277.26	-0.245
277.63	-0.186
278	-0.158
278.38	-0.039
278.75	-0.06
279.12	-0.136
279.49	-0.225
279.87	-0.04
280.24	0.194
280.61	0.647
280.99	0.411
281.36	0.51
281.73	0.481
282.11	0.624
282.48	0.538
282.85	0.607
283.22	0.656
283.6	0.635
283.97	0.486
284.34	0.368
284.71	0.131
285.09	0.297
285.46	0.412
285.83	0.308
286.21	0.288
286.58	0.111
286.95	0.123
287.32	0.125
287.7	0.276
288.07	0.395
288.44	0.542
288.81	0.595
289.18	0.628
289.56	0.559
289.93	0.757
290.3	0.845
290.67	1.022
291.05	1.122
291.42	1.079
291.79	1.229
292.16	1.242
292.53	1.286
292.91	1.467
293.28	1.486
293.65	1.571
294.02	1.675
294.39	1.821
294.76	1.935
295.14	2.022
295.51	2.254
295.88	2.347
296.25	2.493
296.62	2.767
297	2.968
297.37	3.284
297.74	3.448
298.11	3.646
298.48	3.802
298.85	4.16
299.22	4.64
299.6	5.038
299.97	5.566
300.34	6.228
300.71	6.649
301.08	7.175
301.45	7.68
301.82	8.349
302.19	8.861
302.56	9.422
302.94	9.979
303.31	10.484
303.68	11.164
304.05	11.895
304.42	12.279
304.79	13.062
305.16	13.718
305.53	14.301
305.9	14.911
306.27	15.595
306.64	16.499
307.02	17.367
307.39	17.881
307.76	18.711
308.13	19.16
308.5	20.004
308.87	20.418
309.24	20.705
309.61	20.973
309.98	21.466
310.35	21.949
310.72	22.355
311.09	22.768
311.46	23.384
311.83	23.605
312.2	24.034
312.57	24.387
312.94	24.627
313.31	24.953
313.68	25.412
314.05	25.666
314.42	26.017
314.79	26.164
315.16	26.245
315.53	26.427
315.9	26.597
316.27	26.802
316.64	27
317.01	27.055
317.38	27.373
317.75	27.72
318.12	27.758
318.49	27.947
318.86	28.007
319.23	28.192
319.6	28.244
319.97	28.585
320.34	28.844
320.71	28.653
321.08	28.984
321.45	29.06
321.82	28.949
322.19	29.265
322.55	29.101
322.92	29.374
323.29	29.416
323.66	29.342
324.03	29.128
324.4	28.904
324.77	28.85
325.14	28.962
325.51	28.975
325.88	29.043
326.25	29.019
326.61	28.977
326.98	28.745
327.35	28.735
327.72	28.735
328.09	28.682
328.46	28.64
328.83	28.885
329.2	28.882
329.56	28.777
329.93	28.743
330.3	28.657
330.67	28.655
331.04	28.622
331.41	28.434
331.78	28.39
332.14	28.465
332.51	28.539
332.88	28.279
333.25	28.125
333.62	28.105
333.99	28.178
334.35	28.147
334.72	28.17
335.09	28.146
335.46	28.226
335.83	28.332
336.19	28.17
336.56	28.064
336.93	28.246
337.3	28.213
337.67	28.133
338.03	28.044
338.4	28.074
338.77	28.147
339.14	28.206
339.5	28.06
339.87	27.872
340.24	27.857
340.61	27.949
340.97	27.836
341.34	27.619
341.71	27.645
342.08	27.598
342.44	27.267
342.81	27.167
343.18	26.959
343.55	26.989
343.91	26.926
344.28	26.793
344.65	26.696
345.02	26.596
345.38	26.7
345.75	26.613
346.12	26.542
346.48	26.641
346.85	26.532
347.22	26.685
347.59	26.637
347.95	26.761
348.32	26.889
348.69	26.735
349.05	26.718
349.42	26.613
349.79	26.731
350.15	26.577
350.52	26.629
350.89	26.641
351.25	26.558
351.62	26.461
351.99	26.37
352.35	26.266
352.72	26.315
353.09	26.241
353.45	26.285
353.82	25.874
354.18	26.027
354.55	25.94
354.92	25.744
355.28	25.725
355.65	25.757
356.02	25.654
356.38	25.594
356.75	25.543
357.11	25.501
357.48	25.482
357.85	25.622
358.21	25.394
358.58	25.228
358.94	25.241
359.31	25.149
359.67	25.04
360.04	24.96
360.41	24.777
360.77	24.644
361.14	24.624
361.5	24.554
361.87	24.526
362.23	24.536
362.6	24.586
362.97	24.73
363.33	24.721
363.7	24.648
364.06	24.753
364.43	24.937
364.79	24.994
365.16	25.142
365.52	25.272
365.89	25.351
366.25	25.5
366.62	25.505
366.98	25.333
367.35	25.348
367.71	25.375
368.08	25.183
368.44	25.106
368.81	25.109
369.17	24.916
369.54	24.755
369.9	24.66
370.27	24.452
370.63	24.46
371	24.476
371.36	24.471
371.73	24.531
372.09	24.572
372.45	24.636
372.82	24.656
373.18	24.627
373.55	24.522
373.91	24.363
374.28	24.391
374.64	24.2
375.01	24.084
375.37	23.835
375.73	23.641
376.1	23.522
376.46	23.364
376.83	23.271
377.19	23.169
377.55	23.046
377.92	22.995
378.28	22.904
378.65	22.893
379.01	22.795
379.37	22.786
379.74	22.741
380.1	22.72
380.47	22.549
380.83	22.45
381.19	22.329
381.56	22.314
381.92	22.21
382.28	22.186
382.65	22.102
383.01	22.09
383.37	21.987
383.74	21.943
384.1	21.838
384.46	21.857
384.83	21.624
385.19	21.544
385.55	21.42
385.92	21.306
386.28	21.066
386.64	20.906
387.01	20.642
387.37	20.499
387.73	20.333
388.1	20.164
388.46	20.107
388.82	20.177
389.18	20.014
389.55	19.866
389.91	19.819
390.27	19.676
390.64	19.575
391	19.45
391.36	19.275
391.72	19.138
392.09	19.006
392.45	18.827
392.81	18.542
393.17	18.414
393.54	18.244
393.9	18.122
394.26	17.984
394.62	17.85
394.99	17.826
395.35	17.828
395.71	17.656
396.07	17.475
396.43	17.353
396.8	17.231
397.16	17.196
397.52	17.123
397.88	16.902
398.24	16.842
398.61	16.786
398.97	16.68
399.33	16.547
399.69	16.475
400.05	16.431
400.42	16.271
400.78	16.261
401.14	16.089
401.5	16.029
401.86	15.934
402.22	15.787
402.59	15.59
402.95	15.383
403.31	15.263
403.67	15.261
404.03	15.135
404.39	14.994
404.75	14.883
405.12	14.703
405.48	14.564
405.84	14.592
406.2	14.485
406.56	14.379
406.92	14.351
407.28	14.226
407.64	14.04
408	13.925
408.36	14.023
408.73	13.868
409.09	13.828
409.45	13.767
409.81	13.614
410.17	13.478
410.53	13.525
410.89	13.431
411.25	13.511
411.61	13.601
411.97	13.677
412.33	13.582
412.69	13.547
413.05	13.581
413.41	13.517
413.77	13.37
414.13	13.359
414.5	13.214
414.86	13.141
415.22	12.89
415.58	12.641
415.94	12.466
416.3	12.335
416.66	12.272
417.02	12.191
417.38	12.084
417.74	12.081
418.1	12.084
418.46	11.982
418.82	11.943
419.18	11.855
419.54	11.867
419.9	11.874
420.26	11.734
420.61	11.742
420.97	11.695
421.33	11.662
421.69	11.614
422.05	11.572
422.41	11.66
422.77	11.617
423.13	11.622
423.49	11.638
423.85	11.655
424.21	11.761
424.57	11.763
424.93	11.785
425.29	11.809
425.65	11.886
426.01	11.952
426.36	11.915
426.72	12.012
427.08	12.127
427.44	12.173
427.8	12.191
428.16	12.164
428.52	12.263
428.88	12.303
429.24	12.393
429.59	12.449
429.95	12.392
430.31	12.508
430.67	12.607
431.03	12.73
431.39	12.764
431.75	12.754
432.1	12.924
432.46	12.968
432.82	13.018
433.18	13.079
433.54	13.181
433.9	13.367
434.25	13.37
434.61	13.416
434.97	13.512
435.33	13.573
435.69	13.717
436.04	13.732
436.4	13.829
436.76	13.935
437.12	13.993
437.48	14.006
437.83	14.063
438.19	14.193
438.55	14.136
438.91	14.121
439.27	14.255
439.62	14.241
439.98	14.312
440.34	14.305
440.7	14.398
441.05	14.468
441.41	14.509
441.77	14.469
442.13	14.494
442.48	14.595
442.84	14.598
443.2	14.512
443.56	14.654
443.91	14.682
444.27	14.727
444.63	14.692
444.98	14.74
445.34	14.783
445.7	14.831
446.05	14.78
446.41	14.868
446.77	14.937
447.13	14.971
447.48	14.928
447.84	14.917
448.2	14.917
448.55	14.966
448.91	14.944
449.27	14.888
449.62	14.902
449.98	14.942
450.34	14.888
450.69	14.783
451.05	14.815
451.4	14.879
451.76	14.865
452.12	14.837
452.47	14.824
452.83	14.813
453.19	14.855
453.54	14.846
453.9	14.859
454.25	14.842
454.61	14.906
454.97	14.908
455.32	14.794
455.68	14.819
456.03	14.857
456.39	14.84
456.75	14.84
457.1	14.779
457.46	14.788
457.81	14.768
458.17	14.696
458.52	14.717
458.88	14.753
459.24	14.761
459.59	14.754
459.95	14.713
460.3	14.729
460.66	14.73
461.01	14.708
461.37	14.702
461.72	14.692
462.08	14.786
462.43	14.802
462.79	14.764
463.14	14.843
463.5	14.904
463.85	15.003
464.21	15.016
464.56	15.089
464.92	15.16
465.27	15.158
465.63	15.267
465.98	15.342
466.34	15.447
466.69	15.55
467.05	15.581
467.4	15.62
467.76	15.665
468.11	15.701
468.47	15.748
468.82	15.803
469.18	15.84
469.53	15.798
469.88	15.762
470.24	15.745
470.59	15.763
470.95	15.814
471.3	15.842
471.66	15.875
472.01	15.949
472.36	16.005
472.72	16.053
473.07	16.159
473.43	16.131
473.78	16.117
474.13	16.118
474.49	16.138
474.84	16.047
475.19	16.036
475.55	15.981
475.9	15.94
476.26	15.859
476.61	15.849
476.96	15.777
477.32	15.867
477.67	15.865
478.02	15.84
478.38	15.798
478.73	15.803
479.08	15.788
479.44	15.757
479.79	15.679
480.14	15.689
480.5	15.67
480.85	15.663
481.2	15.621
481.56	15.547
481.91	15.535
482.26	15.515
482.62	15.505
482.97	15.427
483.32	15.434
483.67	15.42
484.03	15.41
484.38	15.387
484.73	15.373
485.08	15.336
485.44	15.362
485.79	15.321
486.14	15.291
486.49	15.312
486.85	15.34
487.2	15.323
487.55	15.359
487.9	15.352
488.26	15.338
488.61	15.31
488.96	15.322
489.31	15.31
489.67	15.326
490.02	15.345
490.37	15.309
490.72	15.341
491.07	15.372
491.43	15.375
491.78	15.42
492.13	15.479
492.48	15.571
492.83	15.629
493.19	15.707
493.54	15.812
493.89	15.839
494.24	15.946
494.59	16.056
494.94	16.087
495.29	16.117
495.65	16.16
496	16.231
496.35	16.246
496.7	16.276
497.05	16.304
497.4	16.335
497.75	16.406
498.11	16.456
498.46	16.496
498.81	16.591
499.16	16.69
499.51	16.759
499.86	16.789
500.21	16.884
500.56	16.975
500.91	17.002
501.26	17.014
501.62	17.181
501.97	17.202
502.32	17.248
502.67	17.304
503.02	17.407
503.37	17.431
503.72	17.496
504.07	17.593
504.42	17.709
504.77	17.837
505.12	17.941
505.47	17.924
505.82	18.034
506.17	18.137
506.52	18.153
506.87	18.179
507.22	18.211
507.57	18.263
507.92	18.316
508.27	18.335
508.62	18.345
508.97	18.443
509.32	18.559
509.67	18.645
510.02	18.671
510.37	18.788
510.72	18.871
511.07	18.996
511.42	19.055
511.77	19.064
512.12	19.052
512.47	19.117
512.82	19.108
513.17	19.089
513.52	19.092
513.87	19.129
514.22	19.098
514.57	19.088
514.91	19.027
515.26	19.09
515.61	19.098
515.96	19.193
516.31	19.243
516.66	19.273
517.01	19.268
517.36	19.239
517.71	19.22
518.06	19.338
518.41	19.372
518.75	19.413
519.1	19.369
519.45	19.382
519.8	19.332
520.15	19.284
520.5	19.186
520.85	19.198
521.19	19.186
521.54	19.137
521.89	19.08
522.24	19.023
522.59	19.028
522.94	19.01
523.28	18.975
523.63	18.948
523.98	18.923
524.33	18.916
524.68	18.913
525.03	18.887
525.37	18.92
525.72	18.835
526.07	18.78
526.42	18.678
526.76	18.645
527.11	18.601
527.46	18.552
527.81	18.518
528.16	18.514
528.5	18.444
528.85	18.419
529.2	18.343
529.55	18.306
529.89	18.309
530.24	18.33
530.59	18.285
530.94	18.208
531.28	18.208
531.63	18.162
531.98	18.092
532.32	18.088
532.67	18.03
533.02	17.969
533.37	17.948
533.71	17.87
534.06	17.782
534.41	17.758
534.75	17.752
535.1	17.682
535.45	17.681
535.79	17.684
536.14	17.642
536.49	17.628
536.83	17.646
537.18	17.603
537.53	17.594
537.87	17.599
538.22	17.579
538.57	17.506
538.91	17.472
539.26	17.434
539.61	17.375
539.95	17.361
540.3	17.295
540.64	17.315
540.99	17.315
541.34	17.319
541.68	17.312
542.03	17.256
542.37	17.287
542.72	17.301
543.07	17.269
543.41	17.287
543.76	17.287
544.1	17.353
544.45	17.307
544.8	17.304
545.14	17.267
545.49	17.23
545.83	17.246
546.18	17.234
546.52	17.216
546.87	17.238
547.21	17.28
547.56	17.238
547.9	17.207
548.25	17.24
548.59	17.245
548.94	17.283
549.29	17.329
549.63	17.395
549.98	17.474
550.32	17.473
550.67	17.449
551.01	17.423
551.35	17.432
551.7	17.454
552.04	17.453
552.39	17.453
552.73	17.45
553.08	17.477
553.42	17.405
553.77	17.383
554.11	17.391
554.46	17.385
554.8	17.395
555.15	17.448
555.49	17.48
555.83	17.484
556.18	17.549
556.52	17.55
556.87	17.543
557.21	17.676
557.56	17.687
557.9	17.692
558.24	17.741
558.59	17.737
558.93	17.719
559.28	17.647
559.62	17.657
559.96	17.566
560.31	17.573
560.65	17.465
560.99	17.369
561.34	17.337
561.68	17.302
562.02	17.238
562.37	17.139
562.71	17.12
563.06	17.122
563.4	17.056
563.74	17.104
564.09	17.071
564.43	17.123
564.77	17.213
565.11	17.199
565.46	17.157
565.8	17.145
566.14	17.182
566.49	17.106
566.83	17.155
567.17	17.112
567.52	17.047
567.86	17.024
568.2	16.919
568.54	16.713
568.89	16.578
569.23	16.586
569.57	16.504
569.91	16.366
570.26	16.362
570.6	16.243
570.94	16.271
571.28	16.195
571.63	16.14
571.97	16.221
572.31	16.219
572.65	16.241
573	16.222
573.34	16.242
573.68	16.329
574.02	16.267
574.36	16.269
574.71	16.209
575.05	16.211
575.39	16.208
575.73	16.136
576.07	16.216
576.42	16.206
576.76	16.136
577.1	16.1
577.44	16.076
577.78	16.138
578.12	16.187
578.46	16.157
578.81	16.148
579.15	16.122
579.49	16.201
579.83	16.158
580.17	16.167
580.51	16.253
580.85	16.348
581.2	16.421
581.54	16.368
581.88	16.346
582.22	16.495
582.56	16.534
582.9	16.617
583.24	16.633
583.58	16.611
583.92	16.677
584.26	16.735
584.6	16.679
584.95	16.764
585.29	16.895
585.63	16.945
585.97	16.98
586.31	17.081
586.65	17.13
586.99	17.205
587.33	17.337
587.67	17.385
588.01	17.438
588.35	17.567
588.69	17.489
589.03	17.489
589.37	17.634
589.71	17.715
590.05	17.778
590.39	17.886
590.73	17.863
591.07	17.893
591.41	17.998
591.75	18.112
592.09	18.179
592.43	18.303
592.77	18.376
593.11	18.411
593.45	18.405
593.79	18.408
594.13	18.351
594.47	18.394
594.81	18.375
595.14	18.388
595.48	18.375
595.82	18.453
596.16	18.449
596.5	18.494
596.84	18.43
597.18	18.476
597.52	18.52
597.86	18.596
598.2	18.643
598.54	18.731
598.87	18.724
599.21	18.796
599.55	18.835
599.89	18.855
600.23	18.878
600.57	18.893
600.91	18.893
601.25	18.902
601.58	18.987
601.92	19.067
602.26	19.131
602.6	19.287
602.94	19.24
603.28	19.292
603.61	19.298
603.95	19.333
604.29	19.333
604.63	19.334
604.97	19.371
605.3	19.352
605.64	19.302
605.98	19.287
606.32	19.26
606.66	19.293
606.99	19.225
607.33	19.232
607.67	19.327
608.01	19.393
608.34	19.377
608.68	19.429
609.02	19.443
609.36	19.486
609.69	19.472
610.03	19.363
610.37	19.347
610.71	19.343
611.04	19.534
611.38	19.527
611.72	19.528
612.06	19.519
612.39	19.436
612.73	19.425
613.07	19.447
613.4	19.496
613.74	19.647
614.08	19.66
614.41	19.575
614.75	19.361
615.09	19.3
615.42	19.329
615.76	19.468
616.1	19.483
616.43	19.36
616.77	19.29
617.11	19.235
617.44	19.178
617.78	19.204
618.12	19.261
618.45	19.299
618.79	19.21
619.13	19.208
619.46	19.072
619.8	19.039
620.13	19.202
620.47	19.169
620.81	19.241
621.14	19.317
621.48	19.234
621.81	19.303
622.15	19.262
622.48	19.313
622.82	19.26
623.16	19.297
623.49	19.313
623.83	19.225
624.16	19.25
624.5	19.163
624.83	19.07
625.17	19.091
625.5	19.031
625.84	19.158
626.18	19.184
626.51	19.204
626.85	19.236
627.18	19.328
627.52	19.317
627.85	19.297
628.19	19.324
628.52	19.318
628.86	19.328
629.19	19.346
629.53	19.229
629.86	19.15
630.19	19.071
630.53	19.043
630.86	18.984
631.2	18.888
631.53	18.903
631.87	18.677
632.2	18.593
632.54	18.681
632.87	18.632
633.2	18.619
633.54	18.716
633.87	18.66
634.21	18.628
634.54	18.543
634.88	18.683
635.21	18.672
635.54	18.846
635.88	18.935
636.21	18.889
636.55	18.85
636.88	18.808
637.21	18.64
637.55	18.692
637.88	18.612
638.21	18.581
638.55	18.507
638.88	18.467
639.21	18.49
639.55	18.435
639.88	18.323
640.21	18.374
640.55	18.364
640.88	18.277
641.21	18.343
641.55	18.369
641.88	18.301
642.21	18.256
642.55	18.196
642.88	18.342
643.21	18.394
643.55	18.359
643.88	18.285
644.21	18.269
644.54	18.419
644.88	18.174
645.21	18.241
645.54	18.364
645.87	18.427
646.21	18.466
646.54	18.226
646.87	18.144
647.2	18.29
647.54	18.214
647.87	18.223
648.2	18.167
648.53	18.413
648.87	18.37
649.2	18.321
649.53	18.144
649.86	18.171
650.19	18.284
650.53	18.324
650.86	18.085
651.19	18.053
651.52	17.927
651.85	17.981
652.18	17.985
652.52	17.92
652.85	17.838
653.18	17.776
653.51	17.785
653.84	17.661
654.17	17.709
654.51	17.791
654.84	17.882
655.17	17.76
655.5	17.674
655.83	17.429
656.16	17.358
656.49	17.297
656.82	17.335
657.15	17.346
657.49	17.246
657.82	17.138
658.15	17.096
658.48	17.019
658.81	17.087
659.14	16.913
659.47	16.84
659.8	16.838
660.13	16.863
660.46	16.848
660.79	16.634
661.12	16.635
661.45	16.43
661.78	16.267
662.11	16.256
662.44	16.108
662.77	16.101
663.1	16.231
663.43	16.279
663.76	16.05
664.09	15.874
664.42	15.809
664.75	15.832
665.08	15.835
665.41	15.875
665.74	15.815
666.07	15.749
666.4	15.768
666.73	15.771
667.06	15.517
667.39	15.721
667.72	15.794
668.05	15.812
668.38	15.79
668.71	15.905
669.04	15.96
669.37	15.811
669.7	15.893
670.03	15.904
670.36	15.607
670.69	15.58
671.01	15.247
671.34	15.151
671.67	14.999
672	14.652
672.33	14.213
672.66	13.951
672.99	13.924
673.32	14.01
673.64	13.811
673.97	13.924
674.3	13.945
674.63	14.113
674.96	13.993
675.29	13.976
675.62	14.183
675.94	14.447
676.27	14.388
676.6	14.271
676.93	14.013
677.26	13.82
677.58	13.759
677.91	13.758
678.24	13.559
678.57	13.599
678.9	13.448
679.22	13.265
679.55	12.839
679.88	12.802
680.21	12.529
680.54	12.561
680.86	12.703
681.19	12.598
681.52	12.226
681.85	12.134
682.17	11.921
682.5	11.72
682.83	11.615
683.16	11.715
683.48	11.493
683.81	11.673
684.14	11.464
684.46	11.127
684.79	10.828
685.12	10.707
685.45	10.519
685.77	10.384
686.1	10.5
686.43	10.435
686.75	10.091
687.08	10.066
687.41	9.72
687.73	9.466
688.06	9.374
688.39	9.359
688.71	9.088
689.04	9.049
689.36	8.911
689.69	8.635
690.02	8.451
690.34	8.291
690.67	8.066
691	7.954
691.32	7.834
691.65	7.47
691.97	7.21
692.3	7.192
692.63	7.021
692.95	7.052
693.28	6.79
693.6	6.382
693.93	6.311
694.26	6.373
694.58	5.968
694.91	5.867
695.23	5.712
695.56	5.584
695.88	5.251
696.21	4.919
696.53	4.391
696.86	4.389
697.18	4.05
697.51	3.958
697.83	3.622
698.16	3.525
698.48	3.233
698.81	3.315
699.13	3.034
699.46	3.104
699.78	2.935
700.11	2.831
700.43	2.428
700.76	2.293
701.08	1.983
701.41	1.689
701.73	1.331
702.06	0.998
702.38	0.806
702.71	0.811
703.03	0.395
703.35	0.404
703.68	-0.062
704	-0.222
704.33	-0.408
704.65	-0.682
704.98	-0.91
705.3	-1.172
705.62	-1.525
705.95	-2.138
706.27	-2.547
706.6	-2.523
706.92	-3.067
707.24	-3.044
707.57	-3.773
707.89	-3.972
708.21	-4.27
708.54	-4.864
708.86	-4.796
709.18	-5.148
709.51	-5.571
709.83	-6.166
710.15	-6.923
710.48	-7.04
710.8	-7.421
711.12	-7.312
711.45	-7.686
711.77	-8.038
712.09	-8.445
712.42	-8.514
712.74	-8.381
713.06	-8.46
713.38	-8.429
713.71	-8.889
714.03	-9.962
714.35	-10.59
714.68	-10.894
715	-10.814
715.32	-11.273
715.64	-11.522
715.97	-12.475
716.29	-13.182
716.61	-13.532
716.93	-14.113
717.25	-14.031
717.58	-13.783
717.9	-13.891
718.22	-14.545
718.54	-14.996
718.87	-14.879
719.19	-15.255
719.51	-15.357
719.83	-15.1
720.15	-15.348
720.47	-15.758
720.8	-16.133
721.12	-16.16
721.44	-15.916
721.76	-15.343
722.08	-15.858
722.4	-17.088
722.73	-16.67
723.05	-16.761
723.37	-17.973
723.69	-18.511
724.01	-18.097
724.33	-18.602
724.65	-19.251
724.97	-20.035
725.3	-21.156
725.62	-22.078
725.94	-21.26
726.26	-21.313
726.58	-21.143
726.9	-21.394
727.22	-21.652
727.54	-22.803
727.86	-22.695
728.18	-22.661
728.5	-22.479
728.82	-21.856
729.14	-22.328
729.46	-23.174
729.78	-24.029
730.1	-24.998
730.42	-24.558
730.74	-25.065
731.07	-25.682
731.39	-26.441
731.71	-26.997
732.03	-28.053
732.35	-28.919
732.66	-28.067
732.98	-27.818
733.3	-28.471
733.62	-27.862
733.94	-28.064
734.26	-28.447
734.58	-28.532
734.9	-27.116
735.22	-27.418
735.54	-27.75
735.86	-27.596
736.18	-28.019
736.5	-28.381
736.82	-28.615
737.14	-29.606
737.46	-30.31
737.78	-29.173
738.1	-29.322
738.41	-31.133
738.73	-31.094
739.05	-30.576
739.37	-30.911
739.69	-30.48
740.01	-30.327
740.33	-30.095
740.65	-30.147
740.96	-30.725
741.28	-31.599
741.6	-31.098
741.92	-31.333
742.24	-32.421
742.56	-33.554
742.88	-33.838
743.19	-35.492
743.51	-36.127
743.83	-35.135
744.15	-34.282
744.47	-33.042
744.78	-33.029
745.1	-32.966
745.42	-32.024
745.74	-31.259
746.06	-31.902
746.37	-31.839
746.69	-31.523
747.01	-31.692
747.33	-33.037
747.64	-34.617
747.96	-36.264
748.28	-35.92
748.6	-36.643
748.91	-37.996
749.23	-38.406
749.55	-36.039
749.87	-38.05
750.18	-37.671
750.5	-38.682
750.82	-39.467
751.13	-39.193
751.45	-38.293
751.77	-39.873
752.08	-39.793
752.4	-39.193
752.72	-39.199
753.03	-41.368
753.35	-41.45
753.67	-42.864
753.98	-40.719
754.3	-40.154
754.62	-41.873
754.93	-41.361
755.25	-42.186
755.57	-42.532
755.88	-43.966
756.2	-43.794
756.51	-44.506
756.83	-44.077
757.15	-42.746
757.46	-45.417
757.78	-47.023
758.09	-45.679
758.41	-47.748
758.73	-46.566
759.04	-46.162
759.36	-45.387
759.67	-45.5
759.99	-44.126
760.3	-43.702
760.62	-44.662
760.94	-44.072
761.25	-43.877
761.57	-43.978
761.88	-42.889
762.2	-42.729
762.51	-42.814
762.83	-42.342
763.14	-43.775
763.46	-44.474
763.77	-44.333
764.09	-45.286
764.4	-46.121
764.72	-44.932
765.03	-45.685
765.35	-45.546
765.66	-44.865
765.98	-45.864
766.29	-47.541
766.61	-47.99
766.92	-47.648
767.23	-47.993
767.55	-47.485
767.86	-47.121
768.18	-48.415
768.49	-47.995
768.81	-47.89
769.12	-48.936
769.43	-48.554
769.75	-46.667
770.06	-45.226
770.38	-45.749
770.69	-45.77
771	-45.171
771.32	-45.809
771.63	-45.023
771.94	-46.052
772.26	-47.618
772.57	-49.14
772.89	-47.993
773.2	-49.158
773.51	-49.872
773.83	-48.591
774.14	-48.506
774.45	-46.788
774.77	-46.674
775.08	-47.747
775.39	-47.033
775.7	-47.898
776.02	-47.677
776.33	-48.544
776.64	-47.042
776.96	-44.096
777.27	-44.714
777.58	-46.117
777.89	-48.027
778.21	-46.752
778.52	-45.202
778.83	-43.988
779.14	-42.616
779.46	-44.1
779.77	-43.409
780.08	-43.997
780.39	-45.095
780.71	-43.229
781.02	-42.239
781.33	-42.739
781.64	-42.975
781.95	-44.201
782.27	-43.29
782.58	-43.004
782.89	-41.397
783.2	-41.431
783.51	-41.142
783.83	-43.32
784.14	-44.938
784.45	-45.478
784.76	-44.977
785.07	-47.153
785.38	-47.839
785.7	-52.898
786.01	-53.461
786.32	-53.151
786.63	-54.09
786.94	-54.615
787.25	-51.323
787.56	-52.345
787.87	-49.799
788.18	-48.555
788.5	-47.38
788.81	-46.881
789.12	-43.769
789.43	-44.944
789.74	-45.234
790.05	-46.309
790.36	-46.925
790.67	-49.248
790.98	-50.737
791.29	-51.188
791.6	-50.577
791.91	-51.551
792.22	-50.154
792.53	-50.678
792.84	-48.801
793.15	-47.71
793.46	-46.752
793.77	-45.861
794.08	-46.251
794.39	-46.46
794.7	-48.108
795.01	-50.939
795.32	-49.009
795.63	-48.341
795.94	-48.627
796.25	-48.437
796.56	-50.833
796.87	-49.587
797.18	-52.364
797.49	-55.62
797.8	-53.112
798.11	-52.904
798.42	-50.201
798.73	-48.644
799.04	-53.042
799.35	-55.849
799.65	-59.069
799.96	-58.591
800.27	-59.9
800.58	-53.576
800.89	-50
801.2	-50.789
801.51	-53.049
801.82	-53.982
802.13	-51.635
802.43	-50.047
802.74	-47.209
803.05	-43.034
803.36	-42.077
803.67	-41.25
803.98	-42.929
804.28	-42.603
804.59	-43.65
804.9	-43.447
805.21	-44.873
805.52	-45.949
805.83	-45.373
806.13	-44.672
806.44	-46.696
806.75	-45.431
807.06	-47.435
807.36	-50.673
807.67	-47.068
807.98	-46.644
808.29	-45.103
808.6	-46.1
808.9	-48.303
809.21	-47.245
809.52	-47.577
809.83	-48.324
810.13	-46.905
810.44	-46.507
810.75	-48.583
811.05	-52.87
811.36	-52.761
811.67	-55.502
811.98	-54.613
812.28	-53.785
812.59	-53.984
812.9	-53.505
813.2	-51.306
813.51	-54.721
813.82	-56.448
814.12	-54.397
814.43	-56.918
814.74	-60.916
815.04	-57.665
815.35	-61.094
815.65	-66.321
815.96	-67.922
816.27	-66.381
816.57	-65.63
816.88	-65.987
817.19	-69.964
817.49	-71.99
817.8	-66.287
818.1	-61.841
818.41	-61.682
818.72	-58.556
819.02	-53.761
819.33	-50.669
819.63	-55.115
819.94	-55.671
820.24	-53.21
820.55	-51.211
820.85	-50.776
821.16	-53.012
821.47	-52.663
821.77	-52.502
822.08	-51.978
822.38	-51.397
822.69	-52.099
822.99	-50.521
823.3	-50.51
823.6	-50.504
823.91	-50.575
824.21	-49.648
824.52	-49.468
824.82	-48.696
825.13	-48.439
825.43	-49.029
825.73	-50.874
826.04	-50.046
826.34	-51.342
826.65	-53.815
826.95	-55.339
827.26	-54.754
827.56	-57.467
827.87	-56.99
828.17	-58.982
828.47	-60.701
828.78	-60.02
829.08	-61.135
829.39	-63.227
829.69	-64.822
829.99	-62.467
830.3	-63.571
830.6	-65.592
830.9	-64.608
831.21	-65.585
831.51	-64.708
831.82	-67.845
832.12	-68.358
832.42	-65.255
832.73	-65.665
833.03	-63.168
833.33	-63.887
833.64	-64.722
833.94	-60.852
834.24	-59.27
834.54	-60.578
834.85	-57.411
835.15	-50.534
835.45	-52.724
835.76	-52.937
836.06	-54.467
836.36	-59.095
836.66	-60.423
836.97	-61.706
837.27	-70.373
837.57	-72.16
837.87	-71.137
838.18	-75.122
838.48	-80.718
838.78	-79.919
839.08	-81.55
839.39	-73.521
839.69	-61.584
839.99	-56.625
840.29	-51.8
840.59	-44.234
840.9	-44.848
841.2	-49.529
841.5	-58.226
841.8	-63.012
842.1	-65.661
842.41	-63.609
842.71	-71.211
843.01	-93.005
843.31	-97.368
843.61	-102.271
843.91	-110.345
844.21	-128.571
844.52	-97.165
844.82	-79.167
845.12	-80.036
845.42	-75.834
845.72	-75.716
846.02	-70.823
846.32	-65.755
846.62	-65.589
846.92	-53.008
847.22	-59.076
847.52	-58.297
847.83	-64.675
848.13	-69.534
848.43	-72.469
848.73	-62.669
849.03	-67.258
849.33	-78.385
849.63	-74.777
849.93	-83.43
850.23	-101.97
850.53	-92.078
850.83	-77.248
851.13	-87.167
851.43	-83.053
851.73	-78.767
852.03	-90.046
852.33	-103.856
852.63	-89.624
852.93	-80.67
853.23	-87.614
853.53	-108.122
853.83	-102.949
854.13	-116.124
854.43	-124.174
854.73	-153.108
855.03	-125.596
855.32	-126.003
855.62	-104.468
855.92	-99.242
856.22	-95.504
856.52	-73.95
856.82	-55.542
857.12	-57.198
857.42	-52.948
857.72	-50.794
858.02	-54.39
858.31	-61.318
858.61	-61.377
858.91	-65.175
859.21	-83.562
859.51	-101.89
859.81	-134.3
860.11	-136.126
860.4	-144.846
860.7	-117.185
861	-100.863
861.3	-84.565
861.6	-94.568
861.9	-94.142
862.19	-85.571
862.49	-86.795
862.79	-88.771
863.09	-73.589
863.39	-84.586
863.68	-81.356
863.98	-107.981
864.28	-133.628
864.58	-129.828
864.87	-115.544
865.17	-122.842
865.47	-117.55
865.77	-99.831
866.06	-99.349
866.36	-101.689
866.66	-92.393
866.96	-91.834
867.25	-83.194
867.55	-74.431
867.85	-86.512
868.14	-86.33
868.44	-82.412
868.74	-84.845
869.03	-78.915
869.33	-74.623
869.63	-61.33
869.92	-58.553
870.22	-59.387
870.52	-60.366
870.81	-66.888
871.11	-63.136
871.41	-74.074
871.7	-93.241
872	-94.013
872.3	-104.405
872.59	-115.281
872.89	-167.397
873.18	-162.051
873.48	-165.764
873.78	-141.704
874.07	-145.982
874.37	-151.586
874.66	-138.327
874.96	-156.495
875.25	-176.042
875.55	-222.384
875.85	-193.059
876.14	-194.09
876.44	-224.798
876.73	-214.785
877.03	-208.065
877.32	-184.309
877.62	-168.333
877.91	-209.794
878.21	-161.834
878.5	-136.609
878.8	-108.163
879.09	-116.041
879.39	-103.834
879.68	-94.949
879.98	-111.59
880.27	-120.471
880.57	-110.933
880.86	-95.478
881.16	-94.261
881.45	-85.103
881.74	-75.795
882.04	-77.805
882.33	-75.763
882.63	-72.898
882.92	-71.262
883.22	-68.099
883.51	-64.912
883.8	-62.227
884.1	-61.195
884.39	-56.21
884.69	-56.502
884.98	-60.664
885.27	-61.796
885.57	-59.991
885.86	-65.241
886.15	-67.746
886.45	-61.413
886.74	-75.452
887.03	-98.266
887.33	-122.621
887.62	-148.542
887.91	-4.95
888.21	-342.105
888.5	-676.923
888.79	-214.815
889.09	645.455
