190.56	-153.846
190.94	-153.846
191.32	-153.846
191.7	-17.857
192.08	-2450
192.46	-391.304
192.84	-430.769
193.22	-254.795
193.6	-1150
193.98	-6750
194.36	172.5
194.74	923.077
195.13	-246.377
195.51	-406.061
195.89	170.588
196.27	173.171
196.65	305.66
197.03	891.667
197.4	79.221
197.78	-29.032
198.16	-68.333
198.54	-5.063
198.92	-3.922
199.3	-114.286
199.68	-15.761
200.06	7.092
200.44	16.917
200.82	-13.462
201.2	-47.451
201.58	-34.505
201.96	-56.349
202.34	-88.938
202.72	-210.897
203.1	-219.497
203.48	-58.394
203.86	-96.386
204.24	-73.585
204.62	-54.572
205	-35.542
205.38	-7.162
205.76	-37.241
206.13	-48.81
206.51	-20.652
206.89	-0.293
207.27	8.615
207.65	-3.364
208.03	14.286
208.41	16.379
208.79	2.11
209.17	20.977
209.55	-7.519
209.93	1.939
210.3	15.884
210.68	8.725
211.06	6.383
211.44	3.34
211.82	-1.643
212.2	-7.112
212.58	-9.747
212.96	-19.751
213.33	-36.085
213.71	-29.302
214.09	-23.981
214.47	-70.886
214.85	-72
215.23	-64.228
215.61	-73.179
215.98	-90.159
216.36	-63
216.74	-75.591
217.12	-66.071
217.5	-80.58
217.88	-88.17
218.25	-75.882
218.63	-46.87
219.01	-45.53
219.39	-38.311
219.77	-43.459
220.14	-35.196
220.52	-32.389
220.9	-30.796
221.28	-29.892
221.66	-27.197
222.03	-17.904
222.41	-17.11
222.79	-22.349
223.17	-17.696
223.55	-17.943
223.92	-11.421
224.3	-12.604
224.68	-14.207
225.06	-9.393
225.43	-7.224
225.81	-5.589
226.19	-2.781
226.57	-1.417
226.95	2.703
227.32	3.475
227.7	4.526
228.08	2.828
228.46	2.868
228.83	3.442
229.21	2.705
229.59	2.227
229.96	2.717
230.34	1.778
230.72	1.299
231.1	0.054
231.47	-0.677
231.85	-0.973
232.23	0.261
232.6	1.176
232.98	0.789
233.36	1.853
233.74	4.164
234.11	3.419
234.49	2.335
234.87	2.619
235.24	2.926
235.62	2.61
236	1.429
236.37	0.367
236.75	0.49
237.13	0.573
237.5	0.911
237.88	-1.358
238.26	-0.846
238.63	0.527
239.01	0.154
239.39	-0.158
239.76	0.18
240.14	-0.022
240.52	0.659
240.89	1.094
241.27	1.596
241.65	1.552
242.02	2.24
242.4	2.573
242.77	2.596
243.15	2.799
243.53	2.682
243.9	3.319
244.28	3.791
244.66	3.879
245.03	3.812
245.41	3.17
245.78	3.323
246.16	3.527
246.54	3.57
246.91	3.776
247.29	3.869
247.66	3.808
248.04	3.638
248.41	3.784
248.79	4.09
249.17	4.345
249.54	5.068
249.92	5.104
250.29	4.849
250.67	4.383
251.04	3.961
251.42	3.711
251.8	4.259
252.17	3.785
252.55	3.443
252.92	3.32
253.3	2.822
253.67	2.795
254.05	3.123
254.42	2.901
254.8	3.087
255.17	2.497
255.55	2.478
255.92	2.149
256.3	2.481
256.67	2.347
257.05	2.005
257.42	2.272
257.8	2.435
258.17	2.466
258.55	2.869
258.92	2.92
259.3	3.398
259.67	3.519
260.05	3.586
260.42	3.699
260.8	3.864
261.17	3.774
261.55	3.707
261.92	3.379
262.3	3.262
262.67	3.224
263.05	2.955
263.42	2.911
263.79	2.699
264.17	2.453
264.54	2.294
264.92	1.885
265.29	2.158
265.67	2.291
266.04	2.307
266.42	2.229
266.79	2.086
267.16	2.272
267.54	2.082
267.91	2.234
268.29	2.27
268.66	2.313
269.03	2.681
269.41	2.644
269.78	2.549
270.16	2.71
270.53	2.868
270.9	3.072
271.28	3.07
271.65	3.04
272.03	3.035
272.4	2.967
272.77	2.884
273.15	2.596
273.52	2.648
273.89	2.758
274.27	3.061
274.64	2.713
275.01	2.449
275.39	2.226
275.76	2.023
276.14	2.053
276.51	2.053
276.88	1.965
277.26	2.148
277.63	1.957
278	1.822
278.38	1.659
278.75	1.824
279.12	1.997
279.49	2.313
279.87	2.659
280.24	2.787
280.61	2.715
280.99	2.729
281.36	2.782
281.73	2.809
282.11	2.848
282.48	2.774
282.85	2.943
283.22	2.768
283.6	2.619
283.97	2.587
284.34	2.309
284.71	2.242
285.09	2.317
285.46	2.118
285.83	2.222
286.21	2.112
286.58	2.184
286.95	1.948
287.32	1.928
287.7	1.954
288.07	1.872
288.44	2.096
288.81	2.356
289.18	2.306
289.56	2.6
289.93	2.667
290.3	2.938
290.67	3.059
291.05	3.25
291.42	3.513
291.79	3.644
292.16	3.771
292.53	3.706
292.91	3.769
293.28	3.987
293.65	4.312
294.02	4.418
294.39	4.371
294.76	4.504
295.14	4.734
295.51	4.868
295.88	5.137
296.25	5.418
296.62	5.639
297	5.959
297.37	6.262
297.74	6.337
298.11	6.668
298.48	7.081
298.85	7.279
299.22	7.487
299.6	7.972
299.97	8.463
300.34	8.895
300.71	9.447
301.08	10.031
301.45	10.512
301.82	11.148
302.19	11.427
302.56	11.824
302.94	12.487
303.31	13.296
303.68	13.858
304.05	14.416
304.42	14.998
304.79	15.745
305.16	16.368
305.53	16.898
305.9	17.333
306.27	18.023
306.64	18.844
307.02	19.555
307.39	19.995
307.76	20.346
308.13	20.725
308.5	21.096
308.87	21.324
309.24	21.391
309.61	21.736
309.98	22.138
310.35	22.614
310.72	22.933
311.09	22.94
311.46	23.182
311.83	23.375
312.2	23.749
312.57	24.216
312.94	24.464
313.31	24.773
313.68	25.041
314.05	25.229
314.42	25.41
314.79	25.379
315.16	25.673
315.53	25.781
315.9	25.964
316.27	25.931
316.64	25.975
317.01	26.154
317.38	26.219
317.75	26.277
318.12	26.326
318.49	26.379
318.86	26.759
319.23	26.817
319.6	26.905
319.97	26.791
320.34	26.946
320.71	26.615
321.08	26.473
321.45	26.548
321.82	26.303
322.19	26.109
322.55	25.945
322.92	25.483
323.29	25.407
323.66	25.352
324.03	25.602
324.4	25.399
324.77	25.424
325.14	25.548
325.51	25.464
325.88	25.521
326.25	25.752
326.61	25.724
326.98	25.858
327.35	25.888
327.72	25.744
328.09	25.73
328.46	25.772
328.83	25.775
329.2	25.64
329.56	25.617
329.93	25.684
330.3	25.569
330.67	25.441
331.04	25.208
331.41	25.104
331.78	25.379
332.14	25.304
332.51	25.234
332.88	25.252
333.25	25.235
333.62	25.174
333.99	25.081
334.35	24.982
334.72	25.097
335.09	25.283
335.46	25.027
335.83	24.884
336.19	24.761
336.56	24.847
336.93	24.728
337.3	24.818
337.67	24.818
338.03	24.769
338.4	24.577
338.77	24.654
339.14	24.77
339.5	24.982
339.87	24.856
340.24	24.628
340.61	24.373
340.97	24.296
341.34	24.163
341.71	24.172
342.08	24.027
342.44	24.044
342.81	23.929
343.18	23.671
343.55	23.553
343.91	23.487
344.28	23.521
344.65	23.306
345.02	23.165
345.38	23.058
345.75	22.852
346.12	22.934
346.48	22.83
346.85	22.717
347.22	22.766
347.59	22.603
347.95	22.636
348.32	22.605
348.69	22.724
349.05	22.744
349.42	22.785
349.79	22.576
350.15	22.42
350.52	22.389
350.89	22.199
351.25	22.05
351.62	21.968
351.99	21.787
352.35	21.704
352.72	21.54
353.09	21.753
353.45	21.522
353.82	21.565
354.18	21.587
354.55	21.465
354.92	21.503
355.28	21.397
355.65	21.241
356.02	20.99
356.38	20.899
356.75	20.888
357.11	20.66
357.48	20.619
357.85	20.535
358.21	20.318
358.58	20.229
358.94	20.092
359.31	19.964
359.67	19.835
360.04	19.822
360.41	19.787
360.77	19.705
361.14	19.627
361.5	19.449
361.87	19.46
362.23	19.507
362.6	19.468
362.97	19.472
363.33	19.439
363.7	19.429
364.06	19.449
364.43	19.425
364.79	19.431
365.16	19.431
365.52	19.537
365.89	19.36
366.25	19.32
366.62	19.375
366.98	19.169
367.35	19.118
367.71	19.154
368.08	19.077
368.44	19.054
368.81	18.853
369.17	18.755
369.54	18.738
369.9	18.764
370.27	18.63
370.63	18.643
371	18.684
371.36	18.63
371.73	18.602
372.09	18.602
372.45	18.505
372.82	18.486
373.18	18.524
373.55	18.343
373.91	18.383
374.28	18.346
374.64	18.219
375.01	18.336
375.37	18.39
375.73	18.353
376.1	18.281
376.46	18.195
376.83	18.21
377.19	18.183
377.55	18.254
377.92	18.16
378.28	18.15
378.65	18.156
379.01	17.861
379.37	17.826
379.74	17.775
380.1	17.776
380.47	17.847
380.83	17.974
381.19	17.749
381.56	17.787
381.92	17.76
382.28	17.718
382.65	17.612
383.01	17.585
383.37	17.49
383.74	17.279
384.1	17.228
384.46	17.087
384.83	17.033
385.19	17.091
385.55	16.923
385.92	16.829
386.28	16.703
386.64	16.657
387.01	16.795
387.37	16.64
387.73	16.83
388.1	16.812
388.46	16.746
388.82	16.584
389.18	16.494
389.55	16.499
389.91	16.501
390.27	16.568
390.64	16.507
391	16.354
391.36	16.389
391.72	16.242
392.09	16.152
392.45	16.161
392.81	16.133
393.17	16.061
393.54	15.937
393.9	15.786
394.26	15.64
394.62	15.529
394.99	15.409
395.35	15.332
395.71	15.349
396.07	15.286
396.43	15.088
396.8	14.934
397.16	14.895
397.52	14.864
397.88	14.855
398.24	14.732
398.61	14.755
398.97	14.629
399.33	14.552
399.69	14.507
400.05	14.484
400.42	14.601
400.78	14.609
401.14	14.499
401.5	14.437
401.86	14.462
402.22	14.471
402.59	14.364
402.95	14.367
403.31	14.296
403.67	14.213
404.03	14.094
404.39	14.028
404.75	14.03
405.12	13.997
405.48	13.943
405.84	13.924
406.2	13.822
406.56	13.77
406.92	13.736
407.28	13.675
407.64	13.514
408	13.437
408.36	13.381
408.73	13.213
409.09	13.23
409.45	13.137
409.81	13.054
410.17	13.056
410.53	13.013
410.89	12.911
411.25	12.941
411.61	12.982
411.97	12.917
412.33	12.825
412.69	12.883
413.05	12.845
413.41	12.806
413.77	12.788
414.13	12.782
414.5	12.78
414.86	12.98
415.22	12.983
415.58	12.98
415.94	13.024
416.3	13.009
416.66	12.88
417.02	12.872
417.38	12.93
417.74	12.808
418.1	12.804
418.46	12.749
418.82	12.574
419.18	12.516
419.54	12.493
419.9	12.365
420.26	12.342
420.61	12.333
420.97	12.257
421.33	12.149
421.69	12.162
422.05	12.12
422.41	12.069
422.77	12.098
423.13	12.066
423.49	12.13
423.85	12.301
424.21	12.3
424.57	12.365
424.93	12.409
425.29	12.427
425.65	12.331
426.01	12.391
426.36	12.45
426.72	12.49
427.08	12.52
427.44	12.421
427.8	12.31
428.16	12.387
428.52	12.413
428.88	12.381
429.24	12.424
429.59	12.58
429.95	12.573
430.31	12.449
430.67	12.468
431.03	12.526
431.39	12.573
431.75	12.652
432.1	12.559
432.46	12.557
432.82	12.617
433.18	12.692
433.54	12.784
433.9	12.848
434.25	13.041
434.61	13.054
434.97	13.027
435.33	13.02
435.69	13.048
436.04	13.061
436.4	13.1
436.76	13.153
437.12	13.148
437.48	13.122
437.83	13.103
438.19	13.121
438.55	13.232
438.91	13.325
439.27	13.395
439.62	13.415
439.98	13.447
440.34	13.463
440.7	13.513
441.05	13.597
441.41	13.624
441.77	13.714
442.13	13.724
442.48	13.713
442.84	13.754
443.2	13.786
443.56	13.837
443.91	13.926
444.27	13.977
444.63	14.041
444.98	14.081
445.34	14.166
445.7	14.104
446.05	14.136
446.41	14.096
446.77	14.073
447.13	14.155
447.48	14.132
447.84	14.218
448.2	14.245
448.55	14.215
448.91	14.252
449.27	14.223
449.62	14.239
449.98	14.29
450.34	14.416
450.69	14.491
451.05	14.495
451.4	14.547
451.76	14.614
452.12	14.686
452.47	14.768
452.83	14.807
453.19	14.905
453.54	15.01
453.9	15.103
454.25	15.076
454.61	15.14
454.97	15.13
455.32	15.222
455.68	15.207
456.03	15.293
456.39	15.267
456.75	15.269
457.1	15.249
457.46	15.26
457.81	15.203
458.17	15.207
458.52	15.198
458.88	15.219
459.24	15.286
459.59	15.274
459.95	15.198
460.3	15.271
460.66	15.234
461.01	15.235
461.37	15.254
461.72	15.282
462.08	15.334
462.43	15.363
462.79	15.434
463.14	15.373
463.5	15.384
463.85	15.413
464.21	15.45
464.56	15.567
464.92	15.612
465.27	15.583
465.63	15.649
465.98	15.774
466.34	15.819
466.69	15.804
467.05	15.801
467.4	15.817
467.76	15.876
468.11	15.823
468.47	15.834
468.82	15.853
469.18	16.011
469.53	16.041
469.88	16.01
470.24	16
470.59	16.07
470.95	16.123
471.3	16.215
471.66	16.218
472.01	16.155
472.36	16.175
472.72	16.168
473.07	16.104
473.43	16.068
473.78	15.992
474.13	15.978
474.49	15.894
474.84	15.976
475.19	15.846
475.55	15.839
475.9	15.931
476.26	15.875
476.61	15.882
476.96	15.86
477.32	15.89
477.67	15.95
478.02	15.948
478.38	15.945
478.73	15.807
479.08	15.9
479.44	15.805
479.79	15.823
480.14	15.732
480.5	15.703
480.85	15.635
481.2	15.579
481.56	15.528
481.91	15.441
482.26	15.39
482.62	15.39
482.97	15.331
483.32	15.353
483.67	15.291
484.03	15.305
484.38	15.3
484.73	15.328
485.08	15.329
485.44	15.324
485.79	15.349
486.14	15.334
486.49	15.317
486.85	15.327
487.2	15.309
487.55	15.328
487.9	15.352
488.26	15.313
488.61	15.262
488.96	15.258
489.31	15.217
489.67	15.177
490.02	15.245
490.37	15.28
490.72	15.26
491.07	15.271
491.43	15.318
491.78	15.304
492.13	15.368
492.48	15.435
492.83	15.462
493.19	15.531
493.54	15.589
493.89	15.582
494.24	15.685
494.59	15.795
494.94	15.852
495.29	15.876
495.65	15.905
496	15.964
496.35	15.96
496.7	15.975
497.05	16.045
497.4	16.139
497.75	16.153
498.11	16.031
498.46	16.049
498.81	16.112
499.16	16.133
499.51	16.26
499.86	16.255
500.21	16.364
500.56	16.373
500.91	16.378
501.26	16.38
501.62	16.497
501.97	16.634
502.32	16.653
502.67	16.634
503.02	16.647
503.37	16.613
503.72	16.64
504.07	16.626
504.42	16.772
504.77	16.769
505.12	16.88
505.47	16.881
505.82	16.92
506.17	16.938
506.52	17.036
506.87	17.099
507.22	17.052
507.57	17.06
507.92	17.071
508.27	16.989
508.62	17.052
508.97	17.017
509.32	17.011
509.67	17.001
510.02	17.049
510.37	17.023
510.72	17.05
511.07	17.187
511.42	17.248
511.77	17.303
512.12	17.354
512.47	17.336
512.82	17.295
513.17	17.292
513.52	17.262
513.87	17.253
514.22	17.273
514.57	17.177
514.91	17.162
515.26	17.134
515.61	17.059
515.96	17.071
516.31	17.085
516.66	17.106
517.01	17.158
517.36	17.182
517.71	17.189
518.06	17.189
518.41	17.219
518.75	17.168
519.1	17.133
519.45	17.116
519.8	17.06
520.15	17.05
520.5	17.067
520.85	17.028
521.19	16.967
521.54	16.869
521.89	16.74
522.24	16.654
522.59	16.591
522.94	16.516
523.28	16.481
523.63	16.386
523.98	16.261
524.33	16.136
524.68	16.063
525.03	15.994
525.37	15.95
525.72	15.933
526.07	15.85
526.42	15.794
526.76	15.713
527.11	15.613
527.46	15.524
527.81	15.449
528.16	15.442
528.5	15.405
528.85	15.381
529.2	15.371
529.55	15.34
529.89	15.348
530.24	15.326
530.59	15.287
530.94	15.282
531.28	15.282
531.63	15.263
531.98	15.167
532.32	15.091
532.67	15.044
533.02	14.955
533.37	14.868
533.71	14.824
534.06	14.766
534.41	14.734
534.75	14.71
535.1	14.702
535.45	14.741
535.79	14.743
536.14	14.773
536.49	14.739
536.83	14.761
537.18	14.767
537.53	14.685
537.87	14.665
538.22	14.685
538.57	14.577
538.91	14.518
539.26	14.411
539.61	14.346
539.95	14.243
540.3	14.211
540.64	14.119
540.99	14.114
541.34	14.157
541.68	14.114
542.03	14.078
542.37	14.115
542.72	14.114
543.07	14.103
543.41	14.173
543.76	14.221
544.1	14.291
544.45	14.345
544.8	14.352
545.14	14.311
545.49	14.291
545.83	14.298
546.18	14.259
546.52	14.203
546.87	14.248
547.21	14.163
547.56	14.133
547.9	14.054
548.25	13.991
548.59	13.904
548.94	13.901
549.29	13.91
549.63	13.881
549.98	13.989
550.32	14.089
550.67	14.098
551.01	14.132
551.35	14.197
551.7	14.196
552.04	14.317
552.39	14.408
552.73	14.426
553.08	14.46
553.42	14.5
553.77	14.423
554.11	14.379
554.46	14.355
554.8	14.3
555.15	14.33
555.49	14.357
555.83	14.333
556.18	14.419
556.52	14.398
556.87	14.387
557.21	14.39
557.56	14.413
557.9	14.526
558.24	14.501
558.59	14.58
558.93	14.435
559.28	14.483
559.62	14.498
559.96	14.355
560.31	14.376
560.65	14.314
560.99	14.304
561.34	14.262
561.68	14.086
562.02	14.068
562.37	14.003
562.71	14.033
563.06	13.986
563.4	13.859
563.74	13.849
564.09	13.827
564.43	13.901
564.77	13.826
565.11	13.896
565.46	13.97
565.8	13.967
566.14	14.011
566.49	14.029
566.83	13.995
567.17	14.01
567.52	14.012
567.86	13.982
568.2	13.909
568.54	13.916
568.89	13.856
569.23	13.774
569.57	13.748
569.91	13.654
570.26	13.597
570.6	13.602
570.94	13.634
571.28	13.679
571.63	13.668
571.97	13.645
572.31	13.67
572.65	13.576
573	13.625
573.34	13.59
573.68	13.559
574.02	13.566
574.36	13.588
574.71	13.561
575.05	13.462
575.39	13.462
575.73	13.468
576.07	13.476
576.42	13.556
576.76	13.49
577.1	13.497
577.44	13.557
577.78	13.536
578.12	13.447
578.46	13.467
578.81	13.543
579.15	13.543
579.49	13.606
579.83	13.48
580.17	13.473
580.51	13.541
580.85	13.628
581.2	13.681
581.54	13.777
581.88	13.957
582.22	14.016
582.56	14.039
582.9	14.124
583.24	14.203
583.58	14.337
583.92	14.462
584.26	14.431
584.6	14.511
584.95	14.558
585.29	14.503
585.63	14.447
585.97	14.506
586.31	14.5
586.65	14.607
586.99	14.665
587.33	14.77
587.67	14.729
588.01	14.793
588.35	14.778
588.69	14.779
589.03	14.884
589.37	14.911
589.71	14.865
590.05	15.01
590.39	14.967
590.73	15.069
591.07	15.121
591.41	15.073
591.75	15.19
592.09	15.302
592.43	15.428
592.77	15.542
593.11	15.567
593.45	15.78
593.79	15.812
594.13	15.893
594.47	15.836
594.81	15.908
595.14	16.078
595.48	16.141
595.82	16.222
596.16	16.317
596.5	16.386
596.84	16.577
597.18	16.55
597.52	16.619
597.86	16.644
598.2	16.749
598.54	16.775
598.87	16.845
599.21	16.915
599.55	16.988
599.89	16.997
600.23	17.025
600.57	16.901
600.91	17.05
601.25	17.001
601.58	17.138
601.92	17.152
602.26	17.183
602.6	17.216
602.94	17.257
603.28	17.23
603.61	17.234
603.95	17.278
604.29	17.308
604.63	17.225
604.97	17.315
605.3	17.3
605.64	17.327
605.98	17.307
606.32	17.365
606.66	17.378
606.99	17.394
607.33	17.374
607.67	17.319
608.01	17.373
608.34	17.468
608.68	17.443
609.02	17.473
609.36	17.587
609.69	17.642
610.03	17.743
610.37	17.828
610.71	17.871
611.04	18.013
611.38	17.993
611.72	18.111
612.06	18.164
612.39	18.231
612.73	18.303
613.07	18.264
613.4	18.362
613.74	18.19
614.08	18.073
614.41	18.062
614.75	17.921
615.09	18.156
615.42	18.171
615.76	18.076
616.1	18.147
616.43	18.129
616.77	18.137
617.11	18.251
617.44	18.321
617.78	18.409
618.12	18.362
618.45	18.491
618.79	18.429
619.13	18.311
619.46	18.471
619.8	18.54
620.13	18.496
620.47	18.543
620.81	18.327
621.14	18.414
621.48	18.385
621.81	18.468
622.15	18.399
622.48	18.525
622.82	18.681
623.16	18.631
623.49	18.598
623.83	18.685
624.16	18.613
624.5	18.535
624.83	18.479
625.17	18.485
625.5	18.426
625.84	18.387
626.18	18.217
626.51	18.178
626.85	18.003
627.18	18.017
627.52	18.029
627.85	18.017
628.19	18.126
628.52	18.086
628.86	18.265
629.19	18.312
629.53	18.361
629.86	18.404
630.19	18.348
630.53	18.572
630.86	18.543
631.2	18.464
631.53	18.469
631.87	18.417
632.2	18.403
632.54	18.253
632.87	18.261
633.2	18.25
633.54	18.345
633.87	18.355
634.21	18.346
634.54	18.286
634.88	18.324
635.21	18.395
635.54	18.522
635.88	18.531
636.21	18.556
636.55	18.706
636.88	18.881
637.21	18.712
637.55	18.811
637.88	18.795
638.21	18.834
638.55	18.699
638.88	18.631
639.21	18.509
639.55	18.474
639.88	18.399
640.21	18.302
640.55	18.145
640.88	18.171
641.21	18.18
641.55	18.134
641.88	18.032
642.21	18.129
642.55	18.175
642.88	18.297
643.21	18.469
643.55	18.602
643.88	18.492
644.21	18.432
644.54	18.412
644.88	18.235
645.21	18.285
645.54	18.222
645.87	18.148
646.21	18.066
646.54	17.867
646.87	17.573
647.2	17.436
647.54	17.383
647.87	17.475
648.2	17.639
648.53	17.616
648.87	17.474
649.2	17.376
649.53	17.401
649.86	17.319
650.19	17.348
650.53	17.556
650.86	17.607
651.19	17.577
651.52	17.486
651.85	17.035
652.18	16.889
652.52	16.956
652.85	17.054
653.18	17.014
653.51	17.116
653.84	17.197
654.17	16.98
654.51	16.853
654.84	16.863
655.17	16.663
655.5	16.9
655.83	17.073
656.16	16.998
656.49	17.092
656.82	17.2
657.15	17.163
657.49	17.137
657.82	17.142
658.15	17.278
658.48	17.262
658.81	17.185
659.14	17.367
659.47	17.228
659.8	17.061
660.13	16.845
660.46	16.763
660.79	16.645
661.12	16.482
661.45	16.364
661.78	16.276
662.11	16.356
662.44	16.765
662.77	16.646
663.1	16.627
663.43	16.904
663.76	17.135
664.09	16.878
664.42	16.889
664.75	16.962
665.08	16.902
665.41	16.655
665.74	16.373
666.07	16.351
666.4	16.091
666.73	16.324
667.06	16.101
667.39	15.947
667.72	15.947
668.05	15.906
668.38	15.892
668.71	16.079
669.04	15.97
669.37	16.169
669.7	15.782
670.03	15.741
670.36	15.338
670.69	15.33
671.01	15.215
671.34	15.215
671.67	15.044
672	15.201
672.33	15.335
672.66	15.148
672.99	15.139
673.32	15.142
673.64	15.167
673.97	15.348
674.3	15.201
674.63	15.206
674.96	15.187
675.29	15.363
675.62	14.869
675.94	14.54
676.27	14.661
676.6	14.323
676.93	14.318
677.26	14.008
677.58	13.82
677.91	13.708
678.24	13.633
678.57	13.642
678.9	13.171
679.22	13.212
679.55	12.868
679.88	12.901
680.21	12.935
680.54	12.678
680.86	12.693
681.19	12.609
681.52	12.64
681.85	12.58
682.17	12.271
682.5	12.176
682.83	12.094
683.16	12.051
683.48	11.804
683.81	11.615
684.14	11.692
684.46	11.469
684.79	11.1
685.12	10.695
685.45	10.607
685.77	10.239
686.1	10.025
686.43	9.801
686.75	10.001
687.08	9.74
687.41	9.356
687.73	9.061
688.06	9.271
688.39	9.311
688.71	9.115
689.04	8.75
689.36	8.89
689.69	8.833
690.02	8.675
690.34	8.243
690.67	8.188
691	8.296
691.32	8.211
691.65	7.708
691.97	7.402
692.3	7.34
692.63	7.203
692.95	6.944
693.28	7.416
693.6	7.193
693.93	6.969
694.26	6.878
694.58	6.56
694.91	6.125
695.23	6.09
695.56	6.284
695.88	6.033
696.21	5.424
696.53	4.922
696.86	4.38
697.18	4.45
697.51	4.109
697.83	3.924
698.16	3.421
698.48	3.373
698.81	3.193
699.13	2.888
699.46	2.551
699.78	2.569
700.11	2.619
700.43	2.473
700.76	1.827
701.08	1.797
701.41	1.576
701.73	1.861
702.06	1.762
702.38	1.384
702.71	0.924
703.03	1.011
703.35	1.375
703.68	1.344
704	0.923
704.33	0.969
704.65	0.398
704.98	0.043
705.3	-0.242
705.62	-0.781
705.95	-0.682
706.27	-1.151
706.6	-1.327
706.92	-2.26
707.24	-2.324
707.57	-2.504
707.89	-2.391
708.21	-1.958
708.54	-2.525
708.86	-3.289
709.18	-3.575
709.51	-4.096
709.83	-3.934
710.15	-3.795
710.48	-3.67
710.8	-4.379
711.12	-4.413
711.45	-5.251
711.77	-5.692
712.09	-6.061
712.42	-6.164
712.74	-6.602
713.06	-7.069
713.38	-7.932
713.71	-9.048
714.03	-10.131
714.35	-10.684
714.68	-11.48
715	-11.837
715.32	-12.943
715.64	-13.288
715.97	-13.478
716.29	-13.624
716.61	-14.339
716.93	-14.465
717.25	-14.916
717.58	-14.667
717.9	-15.105
718.22	-15.977
718.54	-15.858
718.87	-15.92
719.19	-15.172
719.51	-15.896
719.83	-16.825
720.15	-17.045
720.47	-17.068
720.8	-17.298
721.12	-17.668
721.44	-17.397
721.76	-17.495
722.08	-18.181
722.4	-18.295
722.73	-19.299
723.05	-19.917
723.37	-20.227
723.69	-21.014
724.01	-21.718
724.33	-22.394
724.65	-23.034
724.97	-24.451
725.3	-23.563
725.62	-24.31
725.94	-24.469
726.26	-25.377
726.58	-25.284
726.9	-25.245
727.22	-24.891
727.54	-25.37
727.86	-25.51
728.18	-26.24
728.5	-26.135
728.82	-27.685
729.14	-27.269
729.46	-27.116
729.78	-27.268
730.1	-27.479
730.42	-27.982
730.74	-28.631
731.07	-28.136
731.39	-27.914
731.71	-27.392
732.03	-27.395
732.35	-26.416
732.66	-27.439
732.98	-27.692
733.3	-27.717
733.62	-28.099
733.94	-28.141
734.26	-27.177
734.58	-27.854
734.9	-28.285
735.22	-28.112
735.54	-28.369
735.86	-30.021
736.18	-29.863
736.5	-30.876
736.82	-30.42
737.14	-29.786
737.46	-29.118
737.78	-28.909
738.1	-28.927
738.41	-28.063
738.73	-29.584
739.05	-29.352
739.37	-28.524
739.69	-29.609
740.01	-29.732
740.33	-30.244
740.65	-31.32
740.96	-32.085
741.28	-33.602
741.6	-33.078
741.92	-34.757
742.24	-33.806
742.56	-34.051
742.88	-35.3
743.19	-33.31
743.51	-34.506
743.83	-35.377
744.15	-34.816
744.47	-35.524
744.78	-35.618
745.1	-37.098
745.42	-38.009
745.74	-38.856
746.06	-39.688
746.37	-39.252
746.69	-40.545
747.01	-38.744
747.33	-38.418
747.64	-39.597
747.96	-40.933
748.28	-41.536
748.6	-41.093
748.91	-39.923
749.23	-40.55
749.55	-40.203
749.87	-39.966
750.18	-40.669
750.5	-41.876
750.82	-42.832
751.13	-41.893
751.45	-39.904
751.77	-39.37
752.08	-41.065
752.4	-41.061
752.72	-39.485
753.03	-38.582
753.35	-38.292
753.67	-38.108
753.98	-37.536
754.3	-36.593
754.62	-36.661
754.93	-37.559
755.25	-39.036
755.57	-38.578
755.88	-40.889
756.2	-43.4
756.51	-44.363
756.83	-45.498
757.15	-46.594
757.46	-47.399
757.78	-47.758
758.09	-49.681
758.41	-49.862
758.73	-49.854
759.04	-50.239
759.36	-48.575
759.67	-47.145
759.99	-48.146
760.3	-49.481
760.62	-47.892
760.94	-47.349
761.25	-49.159
761.57	-48.089
761.88	-49.468
762.2	-49.425
762.51	-48.904
762.83	-51.279
763.14	-50.176
763.46	-49.904
763.77	-49.043
764.09	-49.846
764.4	-49.761
764.72	-48.768
765.03	-48.438
765.35	-47.277
765.66	-45.648
765.98	-46.522
766.29	-43.221
766.61	-45.327
766.92	-45.047
767.23	-42.61
767.55	-41.915
767.86	-40.426
768.18	-40.025
768.49	-40.718
768.81	-40.799
769.12	-41.794
769.43	-40.495
769.75	-39.992
770.06	-38.917
770.38	-38.25
770.69	-41.768
771	-42.183
771.32	-43.534
771.63	-41.838
771.94	-42.143
772.26	-41.985
772.57	-41.579
772.89	-42.227
773.2	-45.608
773.51	-43.837
773.83	-45.157
774.14	-46.223
774.45	-46.04
774.77	-46.088
775.08	-51.883
775.39	-52.161
775.7	-52.91
776.02	-53.464
776.33	-53.911
776.64	-51.72
776.96	-51.52
777.27	-48.856
777.58	-45.906
777.89	-46.37
778.21	-46.698
778.52	-43.695
778.83	-42.669
779.14	-43.42
779.46	-43.235
779.77	-39.627
780.08	-41.652
780.39	-46.213
780.71	-50.981
781.02	-49.543
781.33	-50.64
781.64	-51.198
781.95	-48.805
782.27	-49.876
782.58	-48.01
782.89	-50.064
783.2	-52.477
783.51	-51.545
783.83	-48.476
784.14	-48.653
784.45	-50.016
784.76	-47.722
785.07	-46.701
785.38	-53.224
785.7	-52.908
786.01	-50.442
786.32	-51.094
786.63	-49.967
786.94	-47.991
787.25	-46.263
787.56	-45.15
787.87	-47.087
788.18	-50.301
788.5	-50.992
788.81	-45.469
789.12	-49.162
789.43	-51.157
789.74	-47.086
790.05	-51.089
790.36	-52.583
790.67	-55.674
790.98	-53.374
791.29	-59.42
791.6	-55.324
791.91	-52.588
792.22	-54.017
792.53	-49.354
792.84	-52.463
793.15	-55.987
793.46	-54.73
793.77	-53.685
794.08	-51.007
794.39	-52.721
794.7	-45.221
795.01	-45.568
795.32	-50.193
795.63	-48.759
795.94	-49.833
796.25	-48.472
796.56	-46.604
796.87	-46.397
797.18	-45.113
797.49	-46.157
797.8	-43.844
798.11	-47.305
798.42	-47.454
798.73	-44.012
799.04	-47.045
799.35	-43.552
799.65	-40.96
799.96	-38.334
800.27	-34.78
800.58	-35.991
800.89	-37.802
801.2	-40.981
801.51	-37.296
801.82	-38.239
802.13	-42.237
802.43	-41.938
802.74	-45.073
803.05	-47.096
803.36	-55.371
803.67	-60.747
803.98	-65.368
804.28	-63.155
804.59	-55.36
804.9	-56.106
805.21	-54.052
805.52	-54.733
805.83	-53.084
806.13	-50.518
806.44	-52.9
806.75	-48.935
807.06	-46.148
807.36	-42.946
807.67	-41.333
807.98	-44.481
808.29	-43.534
808.6	-46.419
808.9	-43.716
809.21	-45.018
809.52	-52.915
809.83	-49.121
810.13	-57.248
810.44	-64.954
810.75	-65.9
811.05	-72.874
811.36	-70.94
811.67	-68.272
811.98	-64.667
812.28	-65.166
812.59	-63.705
812.9	-58.409
813.2	-55.675
813.51	-45.831
813.82	-39.274
814.12	-41.867
814.43	-36.717
814.74	-44.49
815.04	-55
815.35	-58.234
815.65	-68.807
815.96	-71.41
816.27	-75.214
816.57	-83.099
816.88	-86.794
817.19	-88.889
817.49	-79.19
817.8	-80.158
818.1	-76.477
818.41	-65.029
818.72	-61.542
819.02	-53.417
819.33	-52.255
819.63	-47.738
819.94	-45.762
820.24	-50.862
820.55	-50.716
820.85	-52.704
821.16	-54.306
821.47	-54.011
821.77	-55.944
822.08	-55.521
822.38	-55.848
822.69	-54.697
822.99	-53.904
823.3	-53.958
823.6	-52.712
823.91	-53.277
824.21	-53.546
824.52	-53.84
824.82	-54.232
825.13	-52.685
825.43	-53.29
825.73	-52.958
826.04	-56.492
826.34	-58.91
826.65	-59.751
826.95	-61.414
827.26	-62.756
827.56	-62.694
827.87	-63.944
828.17	-63.868
828.47	-64.792
828.78	-62.643
829.08	-61.913
829.39	-59.653
829.69	-57.207
829.99	-54.058
830.3	-51.095
830.6	-50.842
830.9	-54.464
831.21	-53.644
831.51	-47.417
831.82	-50.145
832.12	-53.453
832.42	-53.236
832.73	-52.488
833.03	-58.412
833.33	-62.375
833.64	-65.683
833.94	-62.756
834.24	-59.001
834.54	-55.17
834.85	-55.316
835.15	-54.424
835.45	-55.571
835.76	-56.299
836.06	-60.833
836.36	-60.471
836.66	-61.137
836.97	-56.111
837.27	-57.113
837.57	-60.123
837.87	-65.923
838.18	-73.277
838.48	-78.298
838.78	-85.191
839.08	-95.455
839.39	-93.509
839.69	-77.288
839.99	-75.351
840.29	-72.935
840.59	-77.521
840.9	-77.659
841.2	-60.762
841.5	-71.684
841.8	-64.775
842.1	-54.891
842.41	-49.796
842.71	-56.614
843.01	-62.999
843.31	-68.671
843.61	-68.242
843.91	-58.186
844.21	-57.066
844.52	-70.918
844.82	-67.733
845.12	-73.101
845.42	-81.705
845.72	-70.798
846.02	-62.107
846.32	-70.042
846.62	-69.413
846.92	-76.471
847.22	-79.194
847.52	-69.13
847.83	-61.069
848.13	-58.088
848.43	-60.588
848.73	-58.631
849.03	-70.665
849.33	-57.863
849.63	-48.137
849.93	-47.313
850.23	-55.921
850.53	-53.292
850.83	-51.534
851.13	-41.703
851.43	-42.54
851.73	-42.593
852.03	-40.187
852.33	-38.118
852.63	-35.303
852.93	-51.347
853.23	-45.82
853.53	-44.068
853.83	-58.714
854.13	-72.051
854.43	-102.461
854.73	-110
855.03	-102.616
855.32	-117.265
855.62	-112.304
855.92	-150.253
856.22	-167.705
856.52	-165.738
856.82	-136.772
857.12	-112.01
857.42	-105.157
857.72	-91.405
858.02	-54.581
858.31	-68.75
858.61	-87.74
858.91	-84.223
859.21	-55.556
859.51	-40.493
859.81	-25.206
860.11	-34.622
860.4	-46.354
860.7	-49.621
861	-36.969
861.3	-54.386
861.6	-38.6
861.9	-38.146
862.19	-54.949
862.49	-83.413
862.79	-91.169
863.09	-147.279
863.39	-152.614
863.68	-121.138
863.98	-106.436
864.28	-127.619
864.58	-148.462
864.87	-169.748
865.17	-186.503
865.47	-124.113
865.77	-150.134
866.06	-193.846
866.36	-208.669
866.66	-213.538
866.96	-249.097
867.25	-444.848
867.55	-1373.214
867.85	-596.875
868.14	-379.888
868.44	-263.158
868.74	-265.587
869.03	-172.372
869.33	-134.043
869.63	-123.81
869.92	-120.482
870.22	-133.922
870.52	-82.245
870.81	-52.995
871.11	-32.706
871.41	-80.858
871.7	-67.127
872	-70.279
872.3	-106.81
872.59	-98.294
872.89	-86.039
873.18	-102.556
873.48	-138.202
873.78	-140.889
874.07	-178.607
874.37	-138.272
874.66	-133.813
874.96	-212.69
875.25	-255.978
875.55	-152.734
875.85	-125.89
876.14	-124.333
876.44	-142.182
876.73	-100.296
877.03	-116.812
877.32	-103.457
877.62	-160.882
877.91	-134.328
878.21	-136.915
878.5	-124.079
878.8	-185.03
879.09	-232.601
879.39	-435.87
879.68	-225.625
879.98	-192.394
880.27	-174.048
880.57	-147.752
880.86	-100.826
881.16	-105.71
881.45	-80.742
881.74	-71.89
882.04	-65.27
882.33	-61.385
882.63	-49.729
882.92	-55.379
883.22	-56.23
883.51	-56.908
883.8	-61.086
884.1	-69.022
884.39	-64.956
884.69	-65.327
884.98	-72.704
885.27	-76.362
885.57	-83.377
885.86	-83.77
886.15	-90.37
886.45	-108.923
886.74	-99.649
887.03	-98.051
887.33	-78.807
887.62	-77.551
887.91	-175
888.21	17.857
888.5	-200
888.79	-5.66
889.09	-102.703
