190.56	195.652
190.94	195.652
191.32	195.652
191.7	-699675
192.08	-357.143
192.46	107919.231
192.84	31934.091
193.22	32268.966
193.6	30432.609
193.98	29.167
194.36	75
194.74	9.091
195.13	-3900
195.51	23.077
195.89	-375
196.27	-110
196.65	68.966
197.03	83.333
197.4	91.509
197.78	23.762
198.16	52.273
198.54	58.333
198.92	-4.348
199.3	1550
199.68	418.519
200.06	-256.41
200.44	-123.077
200.82	-144.037
201.2	-91.946
201.58	-134.921
201.96	-140.94
202.34	-117.262
202.72	-97.849
203.1	-65.639
203.48	-58.113
203.86	-26.531
204.24	-47.49
204.62	-51.908
205	-32.423
205.38	-49.091
205.76	-22.222
206.13	-25.402
206.51	-12.176
206.89	-55.217
207.27	-46.694
207.65	-29.73
208.03	-28.493
208.41	-21.707
208.79	-21.875
209.17	-19.444
209.55	-9.685
209.93	-28.141
210.3	-21.498
210.68	-13.682
211.06	-5
211.44	4.703
211.82	12.17
212.2	13.318
212.58	22.107
212.96	4978.369
213.33	4778.741
213.71	4874.479
214.09	4574.267
214.47	4770.068
214.85	4835.233
215.23	4540.519
215.61	4279.755
215.98	4488.406
216.36	4627.861
216.74	4783.19
217.12	-5.367
217.5	-21.597
217.88	-12.479
218.25	-10.754
218.63	-12.966
219.01	-15.125
219.39	-25.968
219.77	-12.925
220.14	-9.935
220.52	-7.849
220.9	-2.574
221.28	-2.385
221.66	4.77
222.03	2.872
222.41	4.79
222.79	4.564
223.17	4.248
223.55	9.375
223.92	12.173
224.3	11.38
224.68	6.234
225.06	6.293
225.43	-0.484
225.81	-2.229
226.19	-0.383
226.57	-1.524
226.95	1.076
227.32	2.402
227.7	1.781
228.08	0.501
228.46	1.957
228.83	0.965
229.21	1.797
229.59	2.389
229.96	3.508
230.34	3.045
230.72	3.585
231.1	3.483
231.47	1.403
231.85	2.602
232.23	2.196
232.6	0.403
232.98	4.092
233.36	1.839
233.74	3.352
234.11	2.347
234.49	2.079
234.87	1.228
235.24	0.342
235.62	1.582
236	1.085
236.37	1.724
236.75	1.325
237.13	-0.342
237.5	0.419
237.88	-0.876
238.26	-0.553
238.63	0.447
239.01	2.055
239.39	2.453
239.76	3.509
240.14	3.69
240.52	3.267
240.89	3.636
241.27	3.788
241.65	3.773
242.02	3.634
242.4	3.595
242.77	3.401
243.15	3.221
243.53	3.317
243.9	2.912
244.28	2.541
244.66	2.375
245.03	2.08
245.41	2.072
245.78	1.642
246.16	1.929
246.54	2.031
246.91	1.951
247.29	1.582
247.66	1.369
248.04	1.6
248.41	1.797
248.79	1.658
249.17	1.757
249.54	1.818
249.92	2.272
250.29	2.126
250.67	2.113
251.04	2.033
251.42	2.301
251.8	2.547
252.17	2.59
252.55	2.248
252.92	2.898
253.3	2.763
253.67	2.319
254.05	2.054
254.42	2.311
254.8	2.005
255.17	2.057
255.55	2.338
255.92	2.382
256.3	2.765
256.67	2.954
257.05	2.586
257.42	2.737
257.8	2.801
258.17	2.915
258.55	2.702
258.92	2.568
259.3	2.304
259.67	2.313
260.05	2.433
260.42	2.138
260.8	2.273
261.17	2.135
261.55	2.285
261.92	2.393
262.3	2.219
262.67	2.283
263.05	2.645
263.42	2.912
263.79	2.912
264.17	2.643
264.54	2.736
264.92	2.427
265.29	2.654
265.67	2.642
266.04	2.757
266.42	2.989
266.79	2.961
267.16	2.723
267.54	2.809
267.91	2.547
268.29	2.412
268.66	2.103
269.03	2.194
269.41	2.302
269.78	1.976
270.16	1.826
270.53	1.709
270.9	1.622
271.28	1.823
271.65	1.794
272.03	1.946
272.4	1.844
272.77	1.838
273.15	1.668
273.52	1.581
273.89	1.487
274.27	1.38
274.64	1.491
275.01	1.552
275.39	1.453
275.76	1.475
276.14	1.34
276.51	1.632
276.88	1.948
277.26	2.202
277.63	2.504
278	2.494
278.38	2.437
278.75	2.474
279.12	2.566
279.49	2.465
279.87	2.449
280.24	2.403
280.61	2.403
280.99	2.165
281.36	1.753
281.73	1.687
282.11	1.762
282.48	1.888
282.85	1.807
283.22	1.814
283.6	1.634
283.97	1.585
284.34	1.59
284.71	1.532
285.09	1.649
285.46	1.842
285.83	1.748
286.21	1.69
286.58	1.631
286.95	1.476
287.32	1.435
287.7	1.408
288.07	1.655
288.44	1.659
288.81	1.585
289.18	1.551
289.56	1.569
289.93	1.598
290.3	1.902
290.67	1.991
291.05	2.073
291.42	1.948
291.79	2.319
292.16	2.074
292.53	2.033
292.91	1.996
293.28	2.16
293.65	2.181
294.02	2.274
294.39	2.182
294.76	2.209
295.14	2.194
295.51	2.138
295.88	2.003
296.25	2.116
296.62	2.19
297	2.298
297.37	2.166
297.74	2.2
298.11	2.044
298.48	1.966
298.85	2.016
299.22	2.03
299.6	2.087
299.97	2.184
300.34	2.281
300.71	2.304
301.08	2.337
301.45	2.413
301.82	2.387
302.19	2.44
302.56	2.536
302.94	2.465
303.31	2.414
303.68	2.539
304.05	2.517
304.42	2.294
304.79	2.18
305.16	2.146
305.53	2.036
305.9	2.191
306.27	2.071
306.64	1.91
307.02	1.687
307.39	1.806
307.76	1.843
308.13	1.587
308.5	1.595
308.87	1.704
309.24	1.562
309.61	1.795
309.98	1.573
310.35	1.672
310.72	1.682
311.09	1.801
311.46	1.619
311.83	1.653
312.2	1.569
312.57	1.626
312.94	1.526
313.31	1.539
313.68	1.324
314.05	1.262
314.42	0.983
314.79	1.04
315.16	1.044
315.53	1.024
315.9	1.111
316.27	1.336
316.64	1.162
317.01	0.923
317.38	0.801
317.75	0.838
318.12	1.056
318.49	1.195
318.86	1.197
319.23	0.981
319.6	1.051
319.97	0.867
320.34	1.08
320.71	1.216
321.08	1.331
321.45	1.755
321.82	1.599
322.19	1.668
322.55	1.542
322.92	1.634
323.29	1.894
323.66	1.89
324.03	1.903
324.4	1.764
324.77	1.618
325.14	1.855
325.51	1.84
325.88	1.84
326.25	1.756
326.61	1.898
326.98	1.878
327.35	1.805
327.72	2.03
328.09	1.997
328.46	1.79
328.83	2.022
329.2	1.824
329.56	1.64
329.93	1.795
330.3	1.677
330.67	1.844
331.04	1.577
331.41	1.489
331.78	1.376
332.14	1.361
332.51	1.496
332.88	1.36
333.25	1.374
333.62	1.346
333.99	1.137
334.35	1.096
334.72	0.975
335.09	1.263
335.46	1.367
335.83	1.108
336.19	1.015
336.56	1.186
336.93	1.171
337.3	1.312
337.67	1.512
338.03	1.759
338.4	1.972
338.77	1.97
339.14	1.781
339.5	1.911
339.87	2.206
340.24	2.281
340.61	2.387
340.97	2.588
341.34	2.558
341.71	2.456
342.08	2.552
342.44	2.415
342.81	2.468
343.18	2.553
343.55	2.379
343.91	2.392
344.28	2.483
344.65	2.301
345.02	2.093
345.38	1.998
345.75	1.936
346.12	1.65
346.48	1.725
346.85	1.609
347.22	1.535
347.59	1.562
347.95	1.288
348.32	1.072
348.69	1.014
349.05	1.021
349.42	0.966
349.79	0.998
350.15	1.149
350.52	1.05
350.89	1.086
351.25	1.07
351.62	0.951
351.99	1.222
352.35	1.375
352.72	1.389
353.09	1.355
353.45	1.439
353.82	1.468
354.18	1.504
354.55	1.471
354.92	1.37
355.28	1.221
355.65	1.216
356.02	1.047
356.38	0.963
356.75	0.777
357.11	0.853
357.48	1.011
357.85	1.073
358.21	1.021
358.58	0.999
358.94	1.049
359.31	1.223
359.67	1.313
360.04	1.36
360.41	1.301
360.77	1.442
361.14	1.356
361.5	1.291
361.87	1.271
362.23	1.246
362.6	1.207
362.97	1.133
363.33	1.06
363.7	1.032
364.06	1.093
364.43	1.226
364.79	1.214
365.16	1.221
365.52	1.097
365.89	0.935
366.25	0.932
366.62	1.073
366.98	1.099
367.35	1.13
367.71	1.097
368.08	0.971
368.44	0.955
368.81	0.97
369.17	0.999
369.54	1.041
369.9	1.127
370.27	1.217
370.63	1.25
371	1.436
371.36	1.503
371.73	1.48
372.09	1.466
372.45	1.325
372.82	1.34
373.18	1.61
373.55	1.626
373.91	1.749
374.28	1.739
374.64	1.836
375.01	1.865
375.37	1.9
375.73	2.112
376.1	2.386
376.46	2.67
376.83	2.749
377.19	2.751
377.55	2.744
377.92	2.746
378.28	2.803
378.65	2.78
379.01	2.916
379.37	3.092
379.74	3.027
380.1	2.994
380.47	3.168
380.83	3.244
381.19	3.308
381.56	3.555
381.92	3.595
382.28	3.783
382.65	3.896
383.01	3.932
383.37	3.958
383.74	4.121
384.1	4.253
384.46	4.199
384.83	4.367
385.19	4.48
385.55	4.571
385.92	4.721
386.28	4.691
386.64	4.784
387.01	4.751
387.37	4.882
387.73	5.04
388.1	5.1
388.46	5.157
388.82	5.16
389.18	5.187
389.55	5.282
389.91	5.369
390.27	5.49
390.64	5.494
391	5.768
391.36	5.717
391.72	5.759
392.09	5.799
392.45	5.934
392.81	5.986
393.17	6.066
393.54	6.109
393.9	6.202
394.26	6.297
394.62	6.418
394.99	6.387
395.35	6.519
395.71	6.58
396.07	6.729
396.43	6.797
396.8	6.99
397.16	7.118
397.52	7.228
397.88	7.245
398.24	7.249
398.61	7.25
398.97	7.307
399.33	7.331
399.69	7.418
400.05	7.466
400.42	7.384
400.78	7.399
401.14	7.384
401.5	7.416
401.86	7.541
402.22	7.746
402.59	7.965
402.95	8.104
403.31	8.232
403.67	8.263
404.03	8.258
404.39	8.472
404.75	8.465
405.12	8.572
405.48	8.674
405.84	8.792
406.2	8.751
406.56	8.879
406.92	8.878
407.28	8.939
407.64	8.948
408	9.042
408.36	9.112
408.73	9.279
409.09	9.371
409.45	9.364
409.81	9.407
410.17	9.413
410.53	9.447
410.89	9.536
411.25	9.532
411.61	9.659
411.97	9.748
412.33	9.825
412.69	9.826
413.05	9.883
413.41	10.018
413.77	10.079
414.13	10.296
414.5	10.264
414.86	10.227
415.22	10.356
415.58	10.345
415.94	10.36
416.3	10.386
416.66	10.47
417.02	10.55
417.38	10.54
417.74	10.577
418.1	10.583
418.46	10.716
418.82	10.717
419.18	10.701
419.54	10.836
419.9	10.868
420.26	10.885
420.61	10.828
420.97	10.798
421.33	10.851
421.69	10.932
422.05	11.022
422.41	10.984
422.77	11.093
423.13	11.237
423.49	11.286
423.85	11.393
424.21	11.444
424.57	11.515
424.93	11.626
425.29	11.732
425.65	11.788
426.01	11.823
426.36	11.934
426.72	11.976
427.08	11.954
427.44	11.941
427.8	11.945
428.16	11.983
428.52	12.201
428.88	12.218
429.24	12.262
429.59	12.173
429.95	12.125
430.31	12.1
430.67	12.131
431.03	12.239
431.39	12.302
431.75	12.42
432.1	12.503
432.46	12.43
432.82	12.493
433.18	12.474
433.54	12.63
433.9	12.69
434.25	12.846
434.61	12.959
434.97	12.929
435.33	12.908
435.69	12.885
436.04	12.941
436.4	13.039
436.76	12.973
437.12	13.058
437.48	13.104
437.83	13.232
438.19	13.185
438.55	13.29
438.91	13.383
439.27	13.561
439.62	13.548
439.98	13.523
440.34	13.584
440.7	13.721
441.05	13.744
441.41	13.747
441.77	13.726
442.13	13.805
442.48	13.765
442.84	13.774
443.2	13.709
443.56	13.701
443.91	13.753
444.27	13.702
444.63	13.736
444.98	13.741
445.34	13.723
445.7	13.783
446.05	13.811
446.41	13.883
446.77	13.937
447.13	13.892
447.48	13.968
447.84	13.969
448.2	13.957
448.55	13.982
448.91	13.957
449.27	13.974
449.62	13.977
449.98	13.938
450.34	13.93
450.69	13.981
451.05	14.124
451.4	14.152
451.76	14.151
452.12	14.267
452.47	14.296
452.83	14.404
453.19	14.49
453.54	14.563
453.9	14.598
454.25	14.589
454.61	14.644
454.97	14.706
455.32	14.71
455.68	14.727
456.03	14.718
456.39	14.685
456.75	14.638
457.1	14.645
457.46	14.613
457.81	14.632
458.17	14.675
458.52	14.61
458.88	14.547
459.24	14.558
459.59	14.627
459.95	14.68
460.3	14.732
460.66	14.786
461.01	14.756
461.37	14.789
461.72	14.805
462.08	14.808
462.43	14.84
462.79	14.878
463.14	14.859
463.5	14.842
463.85	14.736
464.21	14.718
464.56	14.689
464.92	14.77
465.27	14.743
465.63	14.709
465.98	14.741
466.34	14.721
466.69	14.744
467.05	14.821
467.4	14.843
467.76	14.939
468.11	14.957
468.47	15.023
468.82	15.035
469.18	15.092
469.53	15.11
469.88	15.139
470.24	15.167
470.59	15.203
470.95	15.232
471.3	15.153
471.66	15.178
472.01	15.135
472.36	15.089
472.72	15.057
473.07	15.061
473.43	15.091
473.78	15.132
474.13	15.185
474.49	15.23
474.84	15.253
475.19	15.374
475.55	15.363
475.9	15.38
476.26	15.481
476.61	15.459
476.96	15.418
477.32	15.492
477.67	15.359
478.02	15.392
478.38	15.39
478.73	15.437
479.08	15.463
479.44	15.497
479.79	15.479
480.14	15.389
480.5	15.473
480.85	15.505
481.2	15.447
481.56	15.475
481.91	15.403
482.26	15.412
482.62	15.364
482.97	15.38
483.32	15.404
483.67	15.427
484.03	15.439
484.38	15.424
484.73	15.449
485.08	15.502
485.44	15.524
485.79	15.569
486.14	15.595
486.49	15.632
486.85	15.633
487.2	15.608
487.55	15.627
487.9	15.64
488.26	15.693
488.61	15.706
488.96	15.691
489.31	15.738
489.67	15.748
490.02	15.729
490.37	15.747
490.72	15.756
491.07	15.773
491.43	15.825
491.78	15.87
492.13	15.86
492.48	15.845
492.83	15.87
493.19	15.854
493.54	15.878
493.89	15.956
494.24	16.003
494.59	16.087
494.94	16.095
495.29	16.057
495.65	16.031
496	16.128
496.35	16.164
496.7	16.16
497.05	16.195
497.4	16.199
497.75	16.234
498.11	16.2
498.46	16.141
498.81	16.221
499.16	16.295
499.51	16.414
499.86	16.373
500.21	16.394
500.56	16.526
500.91	16.628
501.26	16.699
501.62	16.664
501.97	16.762
502.32	16.809
502.67	16.894
503.02	16.924
503.37	16.948
503.72	16.894
504.07	16.919
504.42	16.857
504.77	16.759
505.12	16.776
505.47	16.756
505.82	16.729
506.17	16.781
506.52	16.712
506.87	16.694
507.22	16.648
507.57	16.728
507.92	16.744
508.27	16.818
508.62	16.888
508.97	16.875
509.32	16.923
509.67	16.999
510.02	17.011
510.37	17.05
510.72	17.104
511.07	17.083
511.42	17.102
511.77	17.114
512.12	17.131
512.47	17.097
512.82	17.114
513.17	17.178
513.52	17.155
513.87	17.14
514.22	17.209
514.57	17.152
514.91	17.256
515.26	17.235
515.61	17.286
515.96	17.228
516.31	17.262
516.66	17.24
517.01	17.231
517.36	17.294
517.71	17.433
518.06	17.388
518.41	17.411
518.75	17.353
519.1	17.357
519.45	17.377
519.8	17.406
520.15	17.469
520.5	17.602
520.85	17.653
521.19	17.739
521.54	17.67
521.89	17.701
522.24	17.789
522.59	17.883
522.94	17.974
523.28	17.968
523.63	18.005
523.98	17.995
524.33	17.942
524.68	17.971
525.03	17.918
525.37	17.878
525.72	17.894
526.07	17.865
526.42	17.886
526.76	17.864
527.11	17.883
527.46	17.886
527.81	17.933
528.16	17.979
528.5	17.973
528.85	18.019
529.2	18.065
529.55	18.084
529.89	18.13
530.24	18.172
530.59	18.279
530.94	18.367
531.28	18.452
531.63	18.446
531.98	18.476
532.32	18.498
532.67	18.495
533.02	18.557
533.37	18.6
533.71	18.604
534.06	18.643
534.41	18.605
534.75	18.61
535.1	18.673
535.45	18.785
535.79	18.847
536.14	18.944
536.49	19.049
536.83	19.062
537.18	19.147
537.53	19.253
537.87	19.265
538.22	19.301
538.57	19.317
538.91	19.344
539.26	19.353
539.61	19.325
539.95	19.324
540.3	19.325
540.64	19.36
540.99	19.319
541.34	19.342
541.68	19.382
542.03	19.464
542.37	19.526
542.72	19.587
543.07	19.576
543.41	19.691
543.76	19.763
544.1	19.774
544.45	19.767
544.8	19.873
545.14	19.843
545.49	19.872
545.83	19.891
546.18	19.917
546.52	19.898
546.87	19.996
547.21	20.001
547.56	19.951
547.9	20.035
548.25	20.148
548.59	20.192
548.94	20.332
549.29	20.377
549.63	20.409
549.98	20.424
550.32	20.419
550.67	20.497
551.01	20.517
551.35	20.66
551.7	20.645
552.04	20.678
552.39	20.645
552.73	20.695
553.08	20.759
553.42	20.772
553.77	20.812
554.11	20.905
554.46	20.856
554.8	20.905
555.15	20.848
555.49	20.846
555.83	20.871
556.18	20.998
556.52	21.001
556.87	21
557.21	21.123
557.56	21.113
557.9	21.12
558.24	21.243
558.59	21.303
558.93	21.389
559.28	21.441
559.62	21.489
559.96	21.448
560.31	21.388
560.65	21.422
560.99	21.421
561.34	21.53
561.68	21.497
562.02	21.457
562.37	21.458
562.71	21.488
563.06	21.584
563.4	21.592
563.74	21.665
564.09	21.737
564.43	21.811
564.77	21.822
565.11	21.864
565.46	21.896
565.8	21.97
566.14	21.969
566.49	21.971
566.83	21.871
567.17	21.925
567.52	21.914
567.86	21.969
568.2	21.951
568.54	21.891
568.89	21.89
569.23	21.947
569.57	21.994
569.91	22.037
570.26	22.049
570.6	22.158
570.94	22.137
571.28	22.276
571.63	22.306
571.97	22.377
572.31	22.363
572.65	22.452
573	22.542
573.34	22.656
573.68	22.723
574.02	22.872
574.36	22.934
574.71	22.997
575.05	22.968
575.39	23.002
575.73	22.987
576.07	23.13
576.42	23.021
576.76	23.014
577.1	22.929
577.44	23.012
577.78	22.934
578.12	23.022
578.46	23.058
578.81	23.059
579.15	23.171
579.49	23.142
579.83	23.261
580.17	23.399
580.51	23.369
580.85	23.369
581.2	23.242
581.54	23.277
581.88	23.192
582.22	23.244
582.56	23.322
582.9	23.25
583.24	23.347
583.58	23.299
583.92	23.346
584.26	23.388
584.6	23.379
584.95	23.41
585.29	23.458
585.63	23.566
585.97	23.657
586.31	23.645
586.65	23.722
586.99	23.754
587.33	23.826
587.67	23.818
588.01	23.83
588.35	24.013
588.69	23.996
589.03	23.996
589.37	23.949
589.71	23.845
590.05	23.796
590.39	23.674
590.73	23.658
591.07	23.573
591.41	23.518
591.75	23.609
592.09	23.527
592.43	23.637
592.77	23.683
593.11	23.727
593.45	23.752
593.79	23.829
594.13	23.912
594.47	23.983
594.81	24.036
595.14	24.033
595.48	24.097
595.82	24.139
596.16	24.141
596.5	24.189
596.84	24.203
597.18	24.246
597.52	24.349
597.86	24.47
598.2	24.512
598.54	24.481
598.87	24.507
599.21	24.417
599.55	24.441
599.89	24.564
600.23	24.571
600.57	24.587
600.91	24.671
601.25	24.53
601.58	24.534
601.92	24.468
602.26	24.441
602.6	24.425
602.94	24.481
603.28	24.414
603.61	24.294
603.95	24.247
604.29	24.323
604.63	24.283
604.97	24.3
605.3	24.246
605.64	24.304
605.98	24.423
606.32	24.552
606.66	24.601
606.99	24.738
607.33	24.842
607.67	24.819
608.01	24.779
608.34	24.736
608.68	24.8
609.02	24.897
609.36	24.902
609.69	24.91
610.03	24.911
610.37	24.889
610.71	24.907
611.04	24.844
611.38	24.915
611.72	25.011
612.06	25.122
612.39	25.085
612.73	25.062
613.07	25.147
613.4	25.175
613.74	25.246
614.08	25.402
614.41	25.349
614.75	25.474
615.09	25.506
615.42	25.385
615.76	25.459
616.1	25.43
616.43	25.44
616.77	25.4
617.11	25.404
617.44	25.277
617.78	25.2
618.12	25.181
618.45	25.195
618.79	25.245
619.13	25.307
619.46	25.311
619.8	25.485
620.13	25.283
620.47	25.25
620.81	25.246
621.14	25.382
621.48	25.41
621.81	25.519
622.15	25.449
622.48	25.397
622.82	25.347
623.16	25.317
623.49	25.313
623.83	25.626
624.16	25.778
624.5	25.794
624.83	25.836
625.17	25.756
625.5	25.743
625.84	25.715
626.18	25.72
626.51	25.911
626.85	25.774
627.18	25.728
627.52	25.627
627.85	25.488
628.19	25.61
628.52	25.551
628.86	25.53
629.19	25.524
629.53	25.653
629.86	25.74
630.19	25.601
630.53	25.817
630.86	25.841
631.2	25.905
631.53	26.032
631.87	26.027
632.2	26.1
632.54	26.159
632.87	26.096
633.2	26.127
633.54	26.24
633.87	26.211
634.21	26.06
634.54	26.134
634.88	26.048
635.21	25.983
635.54	26.008
635.88	25.98
636.21	26.086
636.55	26.189
636.88	26.105
637.21	26.101
637.55	26.174
637.88	26.254
638.21	26.056
638.55	25.947
638.88	25.94
639.21	25.84
639.55	25.777
639.88	25.782
640.21	25.778
640.55	25.822
640.88	25.867
641.21	26.001
641.55	26.128
641.88	26.281
642.21	26.446
642.55	26.497
642.88	26.574
643.21	26.702
643.55	26.664
643.88	26.488
644.21	26.579
644.54	26.525
644.88	26.509
645.21	26.441
645.54	26.498
645.87	26.578
646.21	26.48
646.54	26.673
646.87	26.679
647.2	26.548
647.54	26.816
647.87	26.946
648.2	26.935
648.53	26.814
648.87	26.931
649.2	27.069
649.53	27.245
649.86	27.397
650.19	27.284
650.53	27.442
650.86	27.704
651.19	27.858
651.52	27.742
651.85	27.805
652.18	28.003
652.52	27.767
652.85	27.861
653.18	27.576
653.51	27.558
653.84	27.474
654.17	27.432
654.51	27.321
654.84	27.152
655.17	27.038
655.5	26.906
655.83	26.871
656.16	27.205
656.49	26.955
656.82	27.209
657.15	27.364
657.49	27.387
657.82	27.385
658.15	27.427
658.48	27.325
658.81	27.471
659.14	27.586
659.47	27.591
659.8	27.688
660.13	27.809
660.46	27.828
660.79	27.714
661.12	27.633
661.45	27.586
661.78	27.625
662.11	27.667
662.44	27.631
662.77	27.513
663.1	27.534
663.43	27.369
663.76	27.134
664.09	27.055
664.42	27.025
664.75	27.238
665.08	27.288
665.41	27.28
665.74	27.276
666.07	27.193
666.4	27.434
666.73	27.365
667.06	27.357
667.39	27.466
667.72	27.48
668.05	27.57
668.38	27.294
668.71	27.185
669.04	27.301
669.37	27.198
669.7	27.212
670.03	27.072
670.36	27.095
670.69	26.726
671.01	26.761
671.34	26.637
671.67	26.455
672	26.481
672.33	26.661
672.66	26.546
672.99	26.817
673.32	26.741
673.64	26.71
673.97	26.73
674.3	27.011
674.63	27.216
674.96	27.291
675.29	27.48
675.62	27.439
675.94	27.23
676.27	27.015
676.6	26.697
676.93	26.861
677.26	26.869
677.58	26.748
677.91	26.801
678.24	26.808
678.57	26.922
678.9	26.923
679.22	26.98
679.55	26.918
679.88	27.003
680.21	27.131
680.54	26.922
680.86	26.886
681.19	26.763
681.52	26.463
681.85	25.982
682.17	25.944
682.5	25.87
682.83	25.517
683.16	25.621
683.48	25.655
683.81	25.564
684.14	25.513
684.46	25.483
684.79	25.747
685.12	25.992
685.45	26.25
685.77	25.849
686.1	25.798
686.43	26.429
686.75	26.375
687.08	26.206
687.41	26.103
687.73	26.056
688.06	25.581
688.39	25.443
688.71	25.424
689.04	25.29
689.36	25.363
689.69	24.98
690.02	24.75
690.34	24.64
690.67	24.368
691	24.305
691.32	24.241
691.65	24.206
691.97	24.177
692.3	23.86
692.63	23.852
692.95	23.541
693.28	23.801
693.6	23.381
693.93	23.113
694.26	23.306
694.58	23.151
694.91	23.057
695.23	23.108
695.56	22.432
695.88	22.36
696.21	22.281
696.53	22.398
696.86	21.997
697.18	22.067
697.51	21.867
697.83	21.499
698.16	21.588
698.48	21.32
698.81	20.971
699.13	20.914
699.46	20.753
699.78	20.506
700.11	20.237
700.43	20.37
700.76	19.982
701.08	20.089
701.41	20.082
701.73	19.666
702.06	19.698
702.38	20.19
702.71	20.665
703.03	20.731
703.35	20.257
703.68	20.174
704	19.608
704.33	19.332
704.65	18.58
704.98	18.551
705.3	18.809
705.62	18.633
705.95	18.04
706.27	17.296
706.6	16.75
706.92	16.848
707.24	16.714
707.57	16.576
707.89	16.834
708.21	16.427
708.54	16.031
708.86	15.1
709.18	15.055
709.51	15.135
709.83	15.021
710.15	14.86
710.48	15.035
710.8	14.589
711.12	14.855
711.45	14.485
711.77	15.115
712.09	14.761
712.42	14.86
712.74	14.589
713.06	14.264
713.38	13.662
713.71	12.841
714.03	12.718
714.35	12.851
714.68	12.054
715	12.103
715.32	11.781
715.64	11.974
715.97	11.83
716.29	11.149
716.61	10.718
716.93	11.273
717.25	12.275
717.58	12.338
717.9	12.092
718.22	12.567
718.54	12.702
718.87	13.207
719.19	13.467
719.51	13.593
719.83	13.999
720.15	14.363
720.47	14.09
720.8	13.461
721.12	12.813
721.44	12.442
721.76	11.533
722.08	10.078
722.4	9.351
722.73	7.694
723.05	7.051
723.37	6.591
723.69	5.831
724.01	5.16
724.33	4.89
724.65	4.129
724.97	3.674
725.3	3.702
725.62	3.098
725.94	1.357
726.26	1.146
726.58	0.851
726.9	-0.01
727.22	-0.049
727.54	-0.742
727.86	-1.602
728.18	-1.357
728.5	-0.978
728.82	-0.949
729.14	-0.317
729.46	0.733
729.78	1.017
730.1	0.592
730.42	1.237
730.74	0.9
731.07	1.414
731.39	1.592
731.71	0.488
732.03	0.292
732.35	0.35
732.66	0.286
732.98	-0.458
733.3	-0.849
733.62	0.143
733.94	-0.962
734.26	-0.646
734.58	-0.551
734.9	0.329
735.22	1.464
735.54	1.03
735.86	0.567
736.18	1.057
736.5	1.027
736.82	1.285
737.14	0.557
737.46	1.43
737.78	1.194
738.1	0.378
738.41	-1.257
738.73	-1.642
739.05	-1.248
739.37	-1.717
739.69	-2.749
740.01	-2.731
740.33	-3.595
740.65	-4.83
740.96	-5.626
741.28	-5.307
741.6	-5.2
741.92	-4.736
742.24	-5.181
742.56	-6.14
742.88	-5.22
743.19	-5.142
743.51	-5.448
743.83	-4.29
744.15	-4.178
744.47	-2.933
744.78	-4.314
745.1	-3.839
745.42	-3.688
745.74	-3.234
746.06	-3.481
746.37	-5.402
746.69	-5.716
747.01	-6.343
747.33	-6.131
747.64	-5.634
747.96	-8.126
748.28	-8.205
748.6	-9.073
748.91	-8.232
749.23	-8.58
749.55	-8.165
749.87	-8.243
750.18	-7.102
750.5	-5.764
750.82	-7.84
751.13	-9.22
751.45	-7.34
751.77	-6.926
752.08	-6.247
752.4	-6.889
752.72	-7.175
753.03	-7.195
753.35	-6.029
753.67	-6.342
753.98	-6.431
754.3	-5.588
754.62	-4.275
754.93	-4.468
755.25	-4.442
755.57	-4.147
755.88	-5.464
756.2	-5.584
756.51	-6.016
756.83	-7.323
757.15	-7.733
757.46	-8.794
757.78	-9.119
758.09	-9.4
758.41	-9.617
758.73	-11.912
759.04	-12.315
759.36	-10.149
759.67	-10.503
759.99	-9.861
760.3	-10.061
760.62	-12.18
760.94	-12.558
761.25	-13.844
761.57	-14.389
761.88	-14.812
762.2	-13.118
762.51	-13.596
762.83	-15.552
763.14	-14.338
763.46	-13.973
763.77	-14.117
764.09	-13.832
764.4	-14.351
764.72	-13.046
765.03	-12.764
765.35	-12.069
765.66	-11.76
765.98	-12.88
766.29	-11.912
766.61	-14.358
766.92	-14.841
767.23	-14.316
767.55	-14.086
767.86	-12.926
768.18	-10.948
768.49	-11.688
768.81	-12.733
769.12	-13.35
769.43	-14.684
769.75	-14.766
770.06	-13.977
770.38	-15.12
770.69	-16.003
771	-16.003
771.32	-16.221
771.63	-19.305
771.94	-15.661
772.26	-15.462
772.57	-16.173
772.89	-13.187
773.2	-13.777
773.51	-10.926
773.83	-10.883
774.14	-10.121
774.45	-6.913
774.77	-5.882
775.08	-4.25
775.39	-5.775
775.7	-6.901
776.02	-4.086
776.33	-5.452
776.64	-4.786
776.96	-8.719
777.27	-8.096
777.58	-8.933
777.89	-13.036
778.21	-15.138
778.52	-16.75
778.83	-19.764
779.14	-20.547
779.46	-24.791
779.77	-23.152
780.08	-23.941
780.39	-20.552
780.71	-20.1
781.02	-19.187
781.33	-18.023
781.64	-17.934
781.95	-20.791
782.27	-18.238
782.58	-16.252
782.89	-16.33
783.2	-14.906
783.51	-16.032
783.83	-17.496
784.14	-18.074
784.45	-18.49
784.76	-17.863
785.07	-17.2
785.38	-16.544
785.7	-17.868
786.01	-20.183
786.32	-19.247
786.63	-22.451
786.94	-19.971
787.25	-17.95
787.56	-17.907
787.87	-16.742
788.18	-17.7
788.5	-18.593
788.81	-17.943
789.12	-18.4
789.43	-16.744
789.74	-15.304
790.05	-14.596
790.36	-15.209
790.67	-16.877
790.98	-15.497
791.29	-18.648
791.6	-18.872
791.91	-17.358
792.22	-12.693
792.53	-14.211
792.84	-14.996
793.15	-15.139
793.46	-13.604
793.77	-10.195
794.08	-6.435
794.39	-9.978
794.7	-7.804
795.01	-7.371
795.32	-6.639
795.63	-10.753
795.94	-9.224
796.25	-9.477
796.56	-9.605
796.87	-12.247
797.18	-17.707
797.49	-24.043
797.8	-20.151
798.11	-17.636
798.42	-14.269
798.73	-15.382
799.04	-14.839
799.35	-13.882
799.65	-12.113
799.96	-14.268
800.27	-13.915
800.58	-12.391
800.89	-9.126
801.2	-12.093
801.51	-16.87
801.82	-20.387
802.13	-24.142
802.43	-21.225
802.74	-23.985
803.05	-21.332
803.36	-19.016
803.67	-20.293
803.98	-21.609
804.28	-19.804
804.59	-17.639
804.9	-20.934
805.21	-24.027
805.52	-21.331
805.83	-23.267
806.13	-19.6
806.44	-27.769
806.75	-30.855
807.06	-29.839
807.36	-26.896
807.67	-26.606
807.98	-24.89
808.29	-24.902
808.6	-24.949
808.9	-23.392
809.21	-26.804
809.52	-29.584
809.83	-31.86
810.13	-28.052
810.44	-25.875
810.75	-25.484
811.05	-30.595
811.36	-36.461
811.67	-29.586
811.98	-25.131
812.28	-25.816
812.59	-24.723
812.9	-23.034
813.2	-16.972
813.51	-18.354
813.82	-22.844
814.12	-21.481
814.43	-19.499
814.74	-17.16
815.04	-15.482
815.35	-13.716
815.65	-13.684
815.96	-11.111
816.27	-18.122
816.57	-17.416
816.88	-15.763
817.19	-10.552
817.49	-12.193
817.8	-11.778
818.1	-12.575
818.41	-13.809
818.72	-13.614
819.02	-14.246
819.33	-14.338
819.63	-8.477
819.94	-10.008
820.24	-9.936
820.55	-10.504
820.85	-14.194
821.16	-15.438
821.47	-17.016
821.77	-18.049
822.08	-19.849
822.38	-20.655
822.69	-21.884
822.99	-22.347
823.3	-22.923
823.6	-23.68
823.91	-24.853
824.21	-24.823
824.52	-25.347
824.82	-24.728
825.13	-24.715
825.43	-25.437
825.73	-24.341
826.04	-23.471
826.34	-22.649
826.65	-21.926
826.95	-21.788
827.26	-20.755
827.56	-20.718
827.87	-21.108
828.17	-22.23
828.47	-21.16
828.78	-19.515
829.08	-19.762
829.39	-21.634
829.69	-23.881
829.99	-23.521
830.3	-26.737
830.6	-28.764
830.9	-28.195
831.21	-30.455
831.51	-32.063
831.82	-40.402
832.12	-42.28
832.42	-40.361
832.73	-35.255
833.03	-34.152
833.33	-32.368
833.64	-28.91
833.94	-31.077
834.24	-28.213
834.54	-25.739
834.85	-24.991
835.15	-21.605
835.45	-16.126
835.76	-15.132
836.06	-13.495
836.36	-13.723
836.66	-10.115
836.97	-9.79
837.27	-3.332
837.57	-5.822
837.87	-3.686
838.18	-4.986
838.48	-7.353
838.78	-17.118
839.08	-22.847
839.39	-25.876
839.69	-19.824
839.99	-24.519
840.29	-18.425
840.59	-23.197
840.9	-18.998
841.2	-20.424
841.5	-14.11
841.8	-10.584
842.1	-8.516
842.41	-4.542
842.71	1.198
843.01	-3.67
843.31	-2.786
843.61	3.229
843.91	7.806
844.21	1.878
844.52	-11.991
844.82	-16.183
845.12	-16.685
845.42	-9.804
845.72	-17.45
846.02	-24.18
846.32	-20.088
846.62	-14.993
846.92	-21.468
847.22	-35.922
847.52	-49.908
847.83	-38.71
848.13	-34.241
848.43	-46.497
848.73	-53.425
849.03	-45.234
849.33	-35.842
849.63	-40.895
849.93	-46.523
850.23	-74.423
850.53	-73.784
850.83	-44.071
851.13	-32.675
851.43	-22.975
851.73	-15.137
852.03	-9.275
852.33	-1.818
852.63	7.317
852.93	22.222
853.23	29.463
853.53	38.346
853.83	33.333
854.13	35.139
854.43	26.412
854.73	16.872
855.03	14.982
855.32	7.492
855.62	8.947
855.92	1.816
856.22	-2.104
856.52	-2.601
856.82	3.629
857.12	5.062
857.42	3.226
857.72	10.811
858.02	13.725
858.31	15.086
858.61	18.141
858.91	-0.894
859.21	-7.662
859.51	-7.143
859.81	-8.718
860.11	-5.794
860.4	-8.884
860.7	-24.582
861	-45.55
861.3	-41.791
861.6	-62.694
861.9	-95.714
862.19	-49.096
862.49	-43.75
862.79	-60.383
863.09	-48.564
863.39	-116.318
863.68	-131.559
863.98	-104.027
864.28	-51.263
864.58	-55.276
864.87	-35.059
865.17	-24.752
865.47	-17.031
865.77	-10.816
866.06	-2.284
866.36	-23.158
866.66	-10.618
866.96	-3.934
867.25	-3.333
867.55	-46.863
867.85	-50.181
868.14	-97.183
868.44	-96.154
868.74	-155.44
869.03	-220
869.33	-324.719
869.63	-124.599
869.92	-142.262
870.22	-47.191
870.52	-34.626
870.81	-24.682
871.11	-8.934
871.41	28.125
871.7	29.584
872	40.858
872.3	31.226
872.59	22.698
872.89	13.542
873.18	7.243
873.48	-9.368
873.78	-13.453
874.07	-9.595
874.37	-8.147
874.66	-34.483
874.96	-44.051
875.25	-59.945
875.55	-70.89
875.85	-65.886
876.14	-69.759
876.44	-58.17
876.73	-73.356
877.03	-77.778
877.32	-107.179
877.62	-151.724
877.91	-161.017
878.21	-86.087
878.5	-43.119
878.8	-42.017
879.09	-42.363
879.39	-46.988
879.68	-53.517
879.98	-9.132
880.27	-11.007
880.57	-0.417
880.86	0.123
881.16	-7.135
881.45	-14.525
881.74	-21.148
882.04	-19.987
882.33	-22.056
882.63	-19.737
882.92	-20.219
883.22	-25.674
883.51	-27.193
883.8	-34.149
884.1	-37.448
884.39	-31.436
884.69	-32.591
884.98	-37.087
885.27	-40.013
885.57	-46.714
885.86	-63.44
886.15	-94
886.45	-126.703
886.74	-138.377
887.03	-121.348
887.33	-114.177
887.62	-195.167
887.91	-275
888.21	-150
888.5	-30
888.79	155.556
889.09	-82.051
