190.56	-63.636
190.94	-63.636
191.32	-63.636
191.7	-20.69
192.08	58.667
192.46	-416.327
192.84	-286.842
193.22	2627.273
193.6	-1055.556
193.98	-837.838
194.36	-222.835
194.74	-591.489
195.13	-376.667
195.51	-2550
195.89	-978.788
196.27	-945.714
196.65	8975
197.03	419.767
197.4	-425
197.78	0
198.16	-572.222
198.54	-339.474
198.92	-238.776
199.3	-179.63
199.68	-136.813
200.06	-197.041
200.44	-87.5
200.82	-109.302
201.2	-58.219
201.58	-48.97
201.96	-44.912
202.34	-68.02
202.72	-59.843
203.1	-50.588
203.48	-50.312
203.86	-25.918
204.24	-14.312
204.62	-16.728
205	-4.059
205.38	-12.984
205.76	-33.917
206.13	-25.349
206.51	-18.327
206.89	-25.052
207.27	-32.333
207.65	-32.836
208.03	-48.75
208.41	-54.392
208.79	-73.84
209.17	-41.818
209.55	-68.217
209.93	-65.5
210.3	-124.648
210.68	-202.4
211.06	-174.797
211.44	-193.023
211.82	-126.522
212.2	-89.789
212.58	-67.246
212.96	-65.435
213.33	-65.111
213.71	-56.167
214.09	-63.525
214.47	-61.364
214.85	-46.778
215.23	-46.516
215.61	-29.308
215.98	-49.053
216.36	-54.309
216.74	-46.652
217.12	-25.159
217.5	-41.882
217.88	-56.034
218.25	-40.887
218.63	-28.269
219.01	-24.541
219.39	-15.964
219.77	-15.111
220.14	-11.176
220.52	-17.742
220.9	-35.814
221.28	-44.222
221.66	-46.509
222.03	-33.749
222.41	-29.836
222.79	-35.961
223.17	-35.225
223.55	-32.048
223.92	-37.028
224.3	-28.037
224.68	-24.883
225.06	-17.498
225.43	-12.706
225.81	-12.046
226.19	-8.12
226.57	-6.864
226.95	-3.926
227.32	-2.272
227.7	-3.555
228.08	-5.72
228.46	-4.516
228.83	-5.474
229.21	-4.43
229.59	-4.029
229.96	-3.51
230.34	-4.185
230.72	-3.625
231.1	-4.047
231.47	-5.29
231.85	-6.243
232.23	-3.968
232.6	-6.801
232.98	-4.116
233.36	-6.517
233.74	-8.026
234.11	-6.478
234.49	-7.214
234.87	-9.703
235.24	-9.95
235.62	-10.164
236	-8.925
236.37	-6.655
236.75	-4.731
237.13	-6.893
237.5	-6.658
237.88	-5.877
238.26	-6.002
238.63	-4.201
239.01	-2.356
239.39	-2.633
239.76	-1.909
240.14	-0.785
240.52	-1.512
240.89	0
241.27	0.383
241.65	0.713
242.02	0.649
242.4	0.23
242.77	0.092
243.15	0.283
243.53	0.763
243.9	0.822
244.28	0.723
244.66	0.694
245.03	0.116
245.41	0.879
245.78	1.047
246.16	0.706
246.54	0.763
246.91	0.608
247.29	0.71
247.66	0.652
248.04	0.829
248.41	0.988
248.79	0.994
249.17	1.047
249.54	0.487
249.92	0.158
250.29	0.981
250.67	1.44
251.04	1.046
251.42	0.793
251.8	0.477
252.17	-0.305
252.55	-0.553
252.92	-0.053
253.3	-0.645
253.67	-0.315
254.05	-0.077
254.42	-0.66
254.8	-1.096
255.17	-0.129
255.55	-0.501
255.92	-0.222
256.3	0.722
256.67	0.274
257.05	-0.599
257.42	0.18
257.8	0.015
258.17	0
258.55	0.228
258.92	0.219
259.3	0.152
259.67	0.24
260.05	0.19
260.42	0.301
260.8	0.297
261.17	0.633
261.55	0.22
261.92	0.489
262.3	0.581
262.67	0.476
263.05	0.739
263.42	0.527
263.79	0.748
264.17	1.333
264.54	0.827
264.92	0.974
265.29	0.971
265.67	1.09
266.04	0.729
266.42	0.817
266.79	0.91
267.16	0.381
267.54	0.38
267.91	-0.193
268.29	-0.385
268.66	-0.039
269.03	0.076
269.41	-0.188
269.78	0.14
270.16	0.478
270.53	0.34
270.9	0.243
271.28	0.677
271.65	0.858
272.03	1.189
272.4	1.11
272.77	1.038
273.15	1.008
273.52	0.941
273.89	1.077
274.27	0.764
274.64	0.762
275.01	0.816
275.39	0.596
275.76	0.232
276.14	-0.101
276.51	-0.13
276.88	-0.221
277.26	-0.213
277.63	-0.106
278	-0.24
278.38	0.079
278.75	0.145
279.12	0.069
279.49	0
279.87	0.13
280.24	0.428
280.61	0.595
280.99	0.825
281.36	0.823
281.73	0.724
282.11	0.653
282.48	0.468
282.85	0.416
283.22	0.346
283.6	0.496
283.97	0.678
284.34	0.66
284.71	0.588
285.09	0.489
285.46	0.538
285.83	0.673
286.21	0.752
286.58	0.796
286.95	0.945
287.32	1.13
287.7	1.191
288.07	1.107
288.44	1.334
288.81	1.312
289.18	1.507
289.56	1.867
289.93	2.129
290.3	2.095
290.67	2.269
291.05	2.306
291.42	2.647
291.79	2.708
292.16	2.981
292.53	2.897
292.91	3.006
293.28	2.989
293.65	2.826
294.02	2.983
294.39	3.224
294.76	3.304
295.14	3.42
295.51	3.323
295.88	3.535
296.25	3.514
296.62	3.565
297	3.714
297.37	3.824
297.74	3.957
298.11	3.919
298.48	3.91
298.85	3.942
299.22	4.019
299.6	4.048
299.97	4.052
300.34	4.283
300.71	4.496
301.08	4.596
301.45	4.726
301.82	4.768
302.19	4.803
302.56	4.957
302.94	5.191
303.31	5.298
303.68	5.386
304.05	5.385
304.42	5.349
304.79	5.392
305.16	5.67
305.53	5.722
305.9	5.85
306.27	5.975
306.64	5.991
307.02	6.023
307.39	6.284
307.76	6.538
308.13	6.673
308.5	6.895
308.87	7.121
309.24	7.115
309.61	7.209
309.98	7.343
310.35	7.606
310.72	7.796
311.09	7.947
311.46	7.978
311.83	8.084
312.2	8.224
312.57	8.304
312.94	8.336
313.31	8.404
313.68	8.479
314.05	8.784
314.42	8.809
314.79	9.005
315.16	8.961
315.53	9.123
315.9	9.262
316.27	9.366
316.64	9.356
317.01	9.508
317.38	9.732
317.75	9.81
318.12	9.79
318.49	9.861
318.86	9.75
319.23	9.989
319.6	9.923
319.97	9.873
320.34	10.133
320.71	10.512
321.08	10.734
321.45	10.923
321.82	11.486
322.19	11.66
322.55	11.91
322.92	12.344
323.29	12.736
323.66	12.96
324.03	13.323
324.4	13.381
324.77	13.552
325.14	13.742
325.51	14.151
325.88	14.398
326.25	14.722
326.61	15.201
326.98	15.513
327.35	15.753
327.72	16.387
328.09	16.778
328.46	17.367
328.83	17.676
329.2	18.275
329.56	18.571
329.93	18.7
330.3	18.811
330.67	18.958
331.04	19.395
331.41	19.547
331.78	19.637
332.14	19.768
332.51	19.973
332.88	20.316
333.25	20.524
333.62	20.606
333.99	20.962
334.35	21.122
334.72	21.246
335.09	21.276
335.46	21.546
335.83	21.726
336.19	21.907
336.56	21.909
336.93	21.991
337.3	21.917
337.67	22.055
338.03	22.011
338.4	22.176
338.77	22.29
339.14	22.347
339.5	22.266
339.87	22.256
340.24	22.264
340.61	22.267
340.97	22.174
341.34	22.206
341.71	22.136
342.08	21.975
342.44	21.869
342.81	21.649
343.18	21.483
343.55	21.5
343.91	21.399
344.28	21.222
344.65	21.112
345.02	21.118
345.38	21.041
345.75	20.986
346.12	21.177
346.48	21.269
346.85	21.372
347.22	21.387
347.59	21.263
347.95	21.106
348.32	21.089
348.69	21.102
349.05	20.973
349.42	20.782
349.79	20.684
350.15	20.441
350.52	20.399
350.89	20.307
351.25	20.369
351.62	20.387
351.99	20.342
352.35	20.402
352.72	20.407
353.09	20.387
353.45	20.358
353.82	20.361
354.18	20.287
354.55	20.101
354.92	19.95
355.28	19.766
355.65	19.768
356.02	19.88
356.38	19.75
356.75	19.619
357.11	19.529
357.48	19.477
357.85	19.463
358.21	19.534
358.58	19.459
358.94	19.502
359.31	19.391
359.67	19.312
360.04	19.29
360.41	19.267
360.77	19.186
361.14	19.109
361.5	19.113
361.87	18.995
362.23	18.875
362.6	18.935
362.97	18.889
363.33	18.901
363.7	18.827
364.06	18.687
364.43	18.602
364.79	18.788
365.16	18.992
365.52	19.117
365.89	19.152
366.25	19.136
366.62	19.149
366.98	19.129
367.35	19.185
367.71	19.177
368.08	19.29
368.44	19.321
368.81	19.163
369.17	18.987
369.54	18.873
369.9	19.036
370.27	18.988
370.63	19.04
371	19.09
371.36	19.054
371.73	19.125
372.09	19.073
372.45	19.173
372.82	19.253
373.18	19.359
373.55	19.329
373.91	19.216
374.28	19.201
374.64	19.177
375.01	19.162
375.37	19.209
375.73	19.313
376.1	19.269
376.46	19.205
376.83	19.119
377.19	19.118
377.55	19.074
377.92	19.026
378.28	19.26
378.65	19.322
379.01	19.362
379.37	19.431
379.74	19.355
380.1	19.286
380.47	19.404
380.83	19.451
381.19	19.536
381.56	19.616
381.92	19.697
382.28	19.674
382.65	19.686
383.01	19.764
383.37	19.857
383.74	19.861
384.1	20.051
384.46	19.963
384.83	20.035
385.19	19.955
385.55	20.115
385.92	20.05
386.28	19.923
386.64	19.884
387.01	19.776
387.37	19.754
387.73	19.883
388.1	19.89
388.46	20.037
388.82	20.06
389.18	20.058
389.55	19.896
389.91	19.978
390.27	20.011
390.64	19.988
391	20.071
391.36	20.078
391.72	19.892
392.09	19.881
392.45	19.865
392.81	19.785
393.17	19.946
393.54	20.082
393.9	20.126
394.26	20.166
394.62	20.228
394.99	20.326
395.35	20.275
395.71	20.375
396.07	20.412
396.43	20.411
396.8	20.576
397.16	20.491
397.52	20.438
397.88	20.513
398.24	20.55
398.61	20.643
398.97	20.534
399.33	20.552
399.69	20.655
400.05	20.65
400.42	20.561
400.78	20.621
401.14	20.65
401.5	20.66
401.86	20.6
402.22	20.678
402.59	20.666
402.95	20.721
403.31	20.673
403.67	20.586
404.03	20.644
404.39	20.814
404.75	20.754
405.12	20.739
405.48	20.674
405.84	20.615
406.2	20.508
406.56	20.366
406.92	20.347
407.28	20.331
407.64	20.385
408	20.304
408.36	20.191
408.73	20.124
409.09	20.033
409.45	20.049
409.81	20.075
410.17	20.07
410.53	20.157
410.89	20.123
411.25	20.185
411.61	20.154
411.97	20.144
412.33	20.092
412.69	20.105
413.05	20.194
413.41	20.239
413.77	20.19
414.13	20.188
414.5	20.189
414.86	20.218
415.22	20.176
415.58	20.229
415.94	20.188
416.3	20.241
416.66	20.123
417.02	20.124
417.38	20.074
417.74	20.115
418.1	20.139
418.46	20.095
418.82	20.072
419.18	20.088
419.54	20.008
419.9	20.021
420.26	20.031
420.61	20.108
420.97	20.09
421.33	20.057
421.69	20.033
422.05	20.032
422.41	20.117
422.77	20.093
423.13	20.074
423.49	20.031
423.85	20.038
424.21	20.024
424.57	20.064
424.93	20.068
425.29	20.187
425.65	20.2
426.01	20.237
426.36	20.143
426.72	20.281
427.08	20.353
427.44	20.447
427.8	20.407
428.16	20.38
428.52	20.366
428.88	20.307
429.24	20.226
429.59	20.268
429.95	20.241
430.31	20.254
430.67	20.142
431.03	20.174
431.39	20.146
431.75	20.2
432.1	20.3
432.46	20.3
432.82	20.328
433.18	20.301
433.54	20.307
433.9	20.305
434.25	20.31
434.61	20.309
434.97	20.224
435.33	20.298
435.69	20.267
436.04	20.273
436.4	20.199
436.76	20.262
437.12	20.365
437.48	20.353
437.83	20.385
438.19	20.502
438.55	20.589
438.91	20.703
439.27	20.695
439.62	20.798
439.98	20.858
440.34	20.969
440.7	21.04
441.05	21.092
441.41	21.111
441.77	21.125
442.13	21.06
442.48	21.079
442.84	21.057
443.2	21.118
443.56	21.125
443.91	21.137
444.27	21.121
444.63	21.137
444.98	21.171
445.34	21.2
445.7	21.28
446.05	21.338
446.41	21.379
446.77	21.367
447.13	21.323
447.48	21.377
447.84	21.357
448.2	21.478
448.55	21.532
448.91	21.571
449.27	21.659
449.62	21.707
449.98	21.847
450.34	21.847
450.69	21.965
451.05	22.085
451.4	22.18
451.76	22.25
452.12	22.241
452.47	22.249
452.83	22.242
453.19	22.281
453.54	22.197
453.9	22.126
454.25	22.189
454.61	22.229
454.97	22.24
455.32	22.236
455.68	22.222
456.03	22.201
456.39	22.089
456.75	22.117
457.1	22.182
457.46	22.204
457.81	22.251
458.17	22.233
458.52	22.167
458.88	22.159
459.24	22.149
459.59	22.211
459.95	22.238
460.3	22.355
460.66	22.392
461.01	22.325
461.37	22.358
461.72	22.383
462.08	22.412
462.43	22.448
462.79	22.462
463.14	22.445
463.5	22.472
463.85	22.588
464.21	22.65
464.56	22.694
464.92	22.741
465.27	22.816
465.63	22.778
465.98	22.807
466.34	22.878
466.69	22.939
467.05	22.982
467.4	22.93
467.76	22.85
468.11	22.833
468.47	22.764
468.82	22.686
469.18	22.627
469.53	22.65
469.88	22.682
470.24	22.673
470.59	22.728
470.95	22.774
471.3	22.803
471.66	22.836
472.01	22.777
472.36	22.703
472.72	22.744
473.07	22.756
473.43	22.796
473.78	22.705
474.13	22.698
474.49	22.637
474.84	22.57
475.19	22.582
475.55	22.583
475.9	22.616
476.26	22.708
476.61	22.805
476.96	22.851
477.32	22.846
477.67	22.856
478.02	22.845
478.38	22.814
478.73	22.912
479.08	22.852
479.44	22.849
479.79	22.78
480.14	22.788
480.5	22.674
480.85	22.703
481.2	22.65
481.56	22.593
481.91	22.627
482.26	22.696
482.62	22.668
482.97	22.716
483.32	22.735
483.67	22.788
484.03	22.771
484.38	22.79
484.73	22.782
485.08	22.791
485.44	22.817
485.79	22.794
486.14	22.764
486.49	22.747
486.85	22.66
487.2	22.61
487.55	22.563
487.9	22.564
488.26	22.55
488.61	22.527
488.96	22.503
489.31	22.493
489.67	22.484
490.02	22.426
490.37	22.394
490.72	22.477
491.07	22.506
491.43	22.556
491.78	22.566
492.13	22.572
492.48	22.561
492.83	22.543
493.19	22.544
493.54	22.532
493.89	22.561
494.24	22.59
494.59	22.537
494.94	22.478
495.29	22.364
495.65	22.327
496	22.314
496.35	22.262
496.7	22.319
497.05	22.349
497.4	22.349
497.75	22.324
498.11	22.299
498.46	22.324
498.81	22.357
499.16	22.338
499.51	22.341
499.86	22.379
500.21	22.409
500.56	22.458
500.91	22.44
501.26	22.462
501.62	22.443
501.97	22.393
502.32	22.347
502.67	22.274
503.02	22.319
503.37	22.281
503.72	22.227
504.07	22.251
504.42	22.159
504.77	22.126
505.12	22.137
505.47	22.151
505.82	22.192
506.17	22.204
506.52	22.236
506.87	22.187
507.22	22.167
507.57	22.125
507.92	22.083
508.27	22.046
508.62	22.077
508.97	22.036
509.32	22.054
509.67	22.068
510.02	22.057
510.37	22.026
510.72	22.037
511.07	22.044
511.42	22.037
511.77	22.052
512.12	22.128
512.47	22.134
512.82	22.09
513.17	22.059
513.52	22.019
513.87	21.975
514.22	21.965
514.57	21.939
514.91	21.915
515.26	21.888
515.61	21.819
515.96	21.719
516.31	21.56
516.66	21.536
517.01	21.469
517.36	21.419
517.71	21.422
518.06	21.359
518.41	21.278
518.75	21.233
519.1	21.274
519.45	21.244
519.8	21.233
520.15	21.249
520.5	21.173
520.85	21.17
521.19	21.188
521.54	21.125
521.89	21.082
522.24	21.101
522.59	20.974
522.94	20.897
523.28	20.861
523.63	20.816
523.98	20.772
524.33	20.714
524.68	20.65
525.03	20.604
525.37	20.544
525.72	20.52
526.07	20.487
526.42	20.509
526.76	20.48
527.11	20.461
527.46	20.418
527.81	20.404
528.16	20.438
528.5	20.434
528.85	20.414
529.2	20.415
529.55	20.433
529.89	20.388
530.24	20.378
530.59	20.32
530.94	20.262
531.28	20.215
531.63	20.157
531.98	20.102
532.32	20.049
532.67	20.004
533.02	19.949
533.37	19.843
533.71	19.854
534.06	19.817
534.41	19.801
534.75	19.779
535.1	19.76
535.45	19.767
535.79	19.699
536.14	19.662
536.49	19.641
536.83	19.652
537.18	19.727
537.53	19.719
537.87	19.657
538.22	19.641
538.57	19.606
538.91	19.564
539.26	19.536
539.61	19.543
539.95	19.509
540.3	19.511
540.64	19.433
540.99	19.371
541.34	19.314
541.68	19.312
542.03	19.321
542.37	19.358
542.72	19.371
543.07	19.334
543.41	19.355
543.76	19.376
544.1	19.36
544.45	19.434
544.8	19.454
545.14	19.509
545.49	19.554
545.83	19.592
546.18	19.573
546.52	19.599
546.87	19.689
547.21	19.668
547.56	19.727
547.9	19.713
548.25	19.712
548.59	19.775
548.94	19.741
549.29	19.737
549.63	19.701
549.98	19.714
550.32	19.695
550.67	19.592
551.01	19.6
551.35	19.515
551.7	19.467
552.04	19.43
552.39	19.342
552.73	19.378
553.08	19.396
553.42	19.382
553.77	19.38
554.11	19.338
554.46	19.393
554.8	19.352
555.15	19.333
555.49	19.335
555.83	19.326
556.18	19.34
556.52	19.37
556.87	19.349
557.21	19.375
557.56	19.332
557.9	19.349
558.24	19.359
558.59	19.384
558.93	19.519
559.28	19.567
559.62	19.567
559.96	19.603
560.31	19.506
560.65	19.448
560.99	19.41
561.34	19.384
561.68	19.505
562.02	19.411
562.37	19.383
562.71	19.292
563.06	19.281
563.4	19.35
563.74	19.316
564.09	19.331
564.43	19.38
564.77	19.344
565.11	19.413
565.46	19.358
565.8	19.483
566.14	19.468
566.49	19.491
566.83	19.483
567.17	19.397
567.52	19.398
567.86	19.497
568.2	19.487
568.54	19.559
568.89	19.466
569.23	19.393
569.57	19.294
569.91	19.283
570.26	19.234
570.6	19.253
570.94	19.244
571.28	19.211
571.63	19.086
571.97	19.075
572.31	19.014
572.65	19.074
573	19.094
573.34	19.141
573.68	19.144
574.02	19.149
574.36	19.083
574.71	19.101
575.05	19.087
575.39	19.063
575.73	19.011
576.07	18.968
576.42	18.922
576.76	18.85
577.1	18.81
577.44	18.803
577.78	18.792
578.12	18.898
578.46	18.891
578.81	18.844
579.15	18.809
579.49	18.866
579.83	18.942
580.17	18.975
580.51	19.047
580.85	19.041
581.2	19.093
581.54	19.081
581.88	19.001
582.22	19.032
582.56	19.114
582.9	19.21
583.24	19.221
583.58	19.254
583.92	19.194
584.26	19.26
584.6	19.272
584.95	19.275
585.29	19.44
585.63	19.48
585.97	19.584
586.31	19.7
586.65	19.787
586.99	19.819
587.33	19.862
587.67	20.045
588.01	20.134
588.35	20.291
588.69	20.343
589.03	20.32
589.37	20.441
589.71	20.405
590.05	20.497
590.39	20.564
590.73	20.757
591.07	20.867
591.41	20.891
591.75	21.006
592.09	21.152
592.43	21.272
592.77	21.442
593.11	21.512
593.45	21.781
593.79	21.796
594.13	21.994
594.47	22.026
594.81	22.075
595.14	22.239
595.48	22.307
595.82	22.355
596.16	22.519
596.5	22.627
596.84	22.74
597.18	22.784
597.52	22.979
597.86	23.078
598.2	23.333
598.54	23.508
598.87	23.688
599.21	23.875
599.55	23.994
599.89	24.123
600.23	24.281
600.57	24.547
600.91	24.697
601.25	24.846
601.58	25.051
601.92	25.028
602.26	25.18
602.6	25.329
602.94	25.473
603.28	25.616
603.61	25.766
603.95	25.903
604.29	26.01
604.63	26.19
604.97	26.317
605.3	26.342
605.64	26.504
605.98	26.683
606.32	26.859
606.66	26.896
606.99	27.089
607.33	27.208
607.67	27.278
608.01	27.418
608.34	27.516
608.68	27.701
609.02	27.91
609.36	28.042
609.69	28.228
610.03	28.283
610.37	28.532
610.71	28.615
611.04	28.853
611.38	29.071
611.72	29.076
612.06	29.164
612.39	29.23
612.73	29.355
613.07	29.507
613.4	29.488
613.74	29.679
614.08	29.841
614.41	30.015
614.75	29.99
615.09	29.987
615.42	30.055
615.76	30.168
616.1	30.171
616.43	30.182
616.77	30.37
617.11	30.486
617.44	30.481
617.78	30.461
618.12	30.568
618.45	30.608
618.79	30.713
619.13	30.858
619.46	30.99
619.8	31.087
620.13	31.118
620.47	31.087
620.81	31.23
621.14	31.205
621.48	31.294
621.81	31.322
622.15	31.436
622.48	31.513
622.82	31.594
623.16	31.536
623.49	31.626
623.83	31.736
624.16	31.726
624.5	31.669
624.83	31.736
625.17	31.724
625.5	31.656
625.84	31.749
626.18	31.872
626.51	31.994
626.85	32.12
627.18	32.141
627.52	32.178
627.85	32.321
628.19	32.419
628.52	32.582
628.86	32.72
629.19	32.732
629.53	32.728
629.86	32.58
630.19	32.601
630.53	32.591
630.86	32.653
631.2	32.61
631.53	32.628
631.87	32.645
632.2	32.549
632.54	32.503
632.87	32.564
633.2	32.607
633.54	32.781
633.87	32.752
634.21	32.724
634.54	32.755
634.88	32.95
635.21	32.957
635.54	32.807
635.88	32.855
636.21	32.811
636.55	32.884
636.88	32.944
637.21	32.936
637.55	32.83
637.88	32.891
638.21	32.918
638.55	32.724
638.88	32.768
639.21	32.941
639.55	33.028
639.88	33.179
640.21	33.199
640.55	33.168
640.88	33.182
641.21	33.428
641.55	33.54
641.88	33.477
642.21	33.457
642.55	33.243
642.88	33.313
643.21	33.25
643.55	33.183
643.88	33.205
644.21	33.127
644.54	33.158
644.88	32.949
645.21	32.908
645.54	32.992
645.87	33.157
646.21	33.401
646.54	33.358
646.87	33.397
647.2	33.225
647.54	33.289
647.87	33.309
648.2	33.249
648.53	33.255
648.87	33.276
649.2	33.127
649.53	33.261
649.86	33.103
650.19	33.093
650.53	33.032
650.86	33.082
651.19	33.124
651.52	33.291
651.85	33.308
652.18	33.392
652.52	33.223
652.85	33.287
653.18	33.016
653.51	33.036
653.84	33.014
654.17	33.081
654.51	33.126
654.84	32.891
655.17	32.827
655.5	32.69
655.83	32.565
656.16	32.805
656.49	32.86
656.82	32.962
657.15	32.82
657.49	33.051
657.82	33.124
658.15	33.187
658.48	33.364
658.81	33.331
659.14	33.493
659.47	33.529
659.8	33.433
660.13	33.305
660.46	33.448
660.79	33.632
661.12	33.325
661.45	33.219
661.78	33.296
662.11	33.202
662.44	32.935
662.77	32.882
663.1	32.911
663.43	32.955
663.76	33.062
664.09	32.763
664.42	32.697
664.75	32.696
665.08	32.987
665.41	32.91
665.74	33.058
666.07	33.166
666.4	33.036
666.73	32.882
667.06	32.752
667.39	32.684
667.72	32.703
668.05	32.724
668.38	32.724
668.71	32.305
669.04	32.159
669.37	32.02
669.7	32.098
670.03	32.34
670.36	32.564
670.69	32.652
671.01	32.392
671.34	32.36
671.67	32.163
672	32.239
672.33	32.287
672.66	32.234
672.99	32.138
673.32	31.804
673.64	31.798
673.97	31.737
674.3	31.494
674.63	31.906
674.96	31.997
675.29	31.961
675.62	31.701
675.94	31.753
676.27	31.741
676.6	31.87
676.93	32.208
677.26	31.775
677.58	31.655
677.91	31.682
678.24	31.363
678.57	31.181
678.9	31.282
679.22	31.464
679.55	31.359
679.88	31.368
680.21	31.008
680.54	30.859
680.86	30.732
681.19	30.453
681.52	30.429
681.85	30.613
682.17	30.271
682.5	30.086
682.83	30.039
683.16	29.913
683.48	29.613
683.81	29.59
684.14	29.614
684.46	29.812
684.79	29.794
685.12	29.562
685.45	29.35
685.77	29.739
686.1	29.769
686.43	29.2
686.75	28.967
687.08	29.175
687.41	29.187
687.73	29.068
688.06	28.961
688.39	29.155
688.71	29.254
689.04	29.132
689.36	28.889
689.69	28.73
690.02	28.842
690.34	28.717
690.67	28.529
691	28.507
691.32	28.492
691.65	28.245
691.97	27.932
692.3	27.789
692.63	27.839
692.95	27.596
693.28	27.428
693.6	27.367
693.93	27.535
694.26	27.177
694.58	26.767
694.91	26.562
695.23	26.628
695.56	26.693
695.88	26.107
696.21	25.802
696.53	25.813
696.86	25.607
697.18	25.617
697.51	25.33
697.83	25.326
698.16	25.241
698.48	25.188
698.81	24.913
699.13	24.666
699.46	24.555
699.78	24.491
700.11	24.313
700.43	24.398
700.76	24.009
701.08	23.963
701.41	23.782
701.73	23.562
702.06	23.111
702.38	22.773
702.71	22.551
703.03	22.497
703.35	21.992
703.68	21.867
704	21.661
704.33	21.695
704.65	21.297
704.98	20.995
705.3	20.648
705.62	20.139
705.95	19.987
706.27	19.77
706.6	20.186
706.92	20.444
707.24	20.097
707.57	19.652
707.89	19.183
708.21	19.002
708.54	19.112
708.86	19.349
709.18	19.619
709.51	19.536
709.83	19.617
710.15	19.12
710.48	18.653
710.8	18.559
711.12	18.393
711.45	18.651
711.77	18.856
712.09	18.73
712.42	18.423
712.74	18.241
713.06	18.358
713.38	17.854
713.71	17.882
714.03	18.036
714.35	17.917
714.68	17.462
715	17.003
715.32	16.425
715.64	16.15
715.97	15.839
716.29	15.259
716.61	14.934
716.93	14.659
717.25	14.109
717.58	13.219
717.9	12.809
718.22	13.207
718.54	12.761
718.87	12.675
719.19	12.361
719.51	12.476
719.83	12.269
720.15	11.924
720.47	11.847
720.8	11.216
721.12	11.326
721.44	11.07
721.76	10.595
722.08	10.741
722.4	10.447
722.73	10.411
723.05	9.758
723.37	10.584
723.69	10.492
724.01	9.918
724.33	10.518
724.65	10.065
724.97	9.414
725.3	9.339
725.62	9.24
725.94	8.857
726.26	8.034
726.58	7.767
726.9	7.004
727.22	7.007
727.54	7.346
727.86	6.301
728.18	6.862
728.5	6.972
728.82	6.191
729.14	5.951
729.46	5.659
729.78	5.807
730.1	6.219
730.42	6.062
730.74	5.525
731.07	4.612
731.39	5.313
731.71	4.87
732.03	4.851
732.35	4.492
732.66	4.21
732.98	4.607
733.3	5.166
733.62	4.447
733.94	4.082
734.26	3.863
734.58	4.778
734.9	4.482
735.22	3.741
735.54	4.167
735.86	4.798
736.18	4.954
736.5	4.117
736.82	2.984
737.14	3.14
737.46	2.837
737.78	3.102
738.1	1.92
738.41	1.23
738.73	1.472
739.05	0.671
739.37	0.23
739.69	-0.705
740.01	-0.126
740.33	0.235
740.65	0.128
740.96	-0.671
741.28	-1.972
741.6	-2.272
741.92	-2.879
742.24	-4
742.56	-3.637
742.88	-4.304
743.19	-4.767
743.51	-5.564
743.83	-6.417
744.15	-7.583
744.47	-6.576
744.78	-6.034
745.1	-5.665
745.42	-4.556
745.74	-3.771
746.06	-4.31
746.37	-3.692
746.69	-1.999
747.01	-2.235
747.33	-2.256
747.64	-1.634
747.96	-3.154
748.28	-3.774
748.6	-3.366
748.91	-3.865
749.23	-4.676
749.55	-5.062
749.87	-6.231
750.18	-8.067
750.5	-7.876
750.82	-7.974
751.13	-9.078
751.45	-8.856
751.77	-8.908
752.08	-8.8
752.4	-9.11
752.72	-8.639
753.03	-9.423
753.35	-8.711
753.67	-7.486
753.98	-7.833
754.3	-8.697
754.62	-8.266
754.93	-8.124
755.25	-7.708
755.57	-7.612
755.88	-7.451
756.2	-7.638
756.51	-7.605
756.83	-7.097
757.15	-8.327
757.46	-8.517
757.78	-8.871
758.09	-8.254
758.41	-7.954
758.73	-7.438
759.04	-8.26
759.36	-8.693
759.67	-7.79
759.99	-7.713
760.3	-7.76
760.62	-6.975
760.94	-6.093
761.25	-4.294
761.57	-4.764
761.88	-4.787
762.2	-6.522
762.51	-6.786
762.83	-6.992
763.14	-7.567
763.46	-7.69
763.77	-8.437
764.09	-8.387
764.4	-8.727
764.72	-9.08
765.03	-9.116
765.35	-9.261
765.66	-8.862
765.98	-8.359
766.29	-8.048
766.61	-8.505
766.92	-8.632
767.23	-7.684
767.55	-8.396
767.86	-8.738
768.18	-9.848
768.49	-9.982
768.81	-8.808
769.12	-8.279
769.43	-8.551
769.75	-10.024
770.06	-8.836
770.38	-7.512
770.69	-9.398
771	-8.941
771.32	-9.488
771.63	-8.387
771.94	-8.42
772.26	-11.102
772.57	-10.2
772.89	-9.749
773.2	-7.828
773.51	-9.133
773.83	-9.93
774.14	-9.608
774.45	-11.177
774.77	-10.534
775.08	-10.461
775.39	-11.113
775.7	-11.272
776.02	-13.149
776.33	-15.734
776.64	-16.856
776.96	-17.543
777.27	-18.228
777.58	-18.999
777.89	-17.515
778.21	-18.39
778.52	-19.738
778.83	-19.871
779.14	-17.83
779.46	-17.801
779.77	-14.954
780.08	-15.545
780.39	-14.079
780.71	-12.702
781.02	-10.853
781.33	-11.343
781.64	-10.269
781.95	-9.486
782.27	-9.511
782.58	-8.636
782.89	-8.052
783.2	-9.749
783.51	-7.513
783.83	-7.858
784.14	-8.085
784.45	-9.154
784.76	-8.248
785.07	-9.15
785.38	-9.206
785.7	-10.197
786.01	-10.715
786.32	-12.698
786.63	-13.071
786.94	-14.446
787.25	-14.498
787.56	-14.824
787.87	-13.141
788.18	-12.138
788.5	-11.811
788.81	-11.653
789.12	-9.699
789.43	-10.977
789.74	-8.542
790.05	-8.627
790.36	-9.918
790.67	-11.203
790.98	-10.064
791.29	-11.4
791.6	-13.835
791.91	-13.953
792.22	-14
792.53	-16.15
792.84	-16.9
793.15	-18.248
793.46	-15.467
793.77	-12.825
794.08	-12.77
794.39	-13.885
794.7	-13.901
795.01	-13.772
795.32	-14.612
795.63	-14.979
795.94	-15.502
796.25	-14.97
796.56	-15.712
796.87	-17.166
797.18	-19.125
797.49	-15.942
797.8	-15.634
798.11	-14.253
798.42	-13.843
798.73	-12.655
799.04	-14.332
799.35	-13.564
799.65	-13.74
799.96	-10.311
800.27	-11.102
800.58	-9.016
800.89	-11.6
801.2	-13.738
801.51	-14.221
801.82	-14.125
802.13	-15.512
802.43	-14.502
802.74	-12.334
803.05	-13.208
803.36	-14.527
803.67	-12.425
803.98	-12.637
804.28	-12.448
804.59	-10.649
804.9	-10.679
805.21	-10.197
805.52	-9.787
805.83	-8.623
806.13	-10.437
806.44	-9.46
806.75	-8.555
807.06	-13.176
807.36	-13.274
807.67	-14.018
807.98	-13.967
808.29	-13.29
808.6	-14.721
808.9	-15.011
809.21	-15.783
809.52	-14.281
809.83	-12.587
810.13	-14.969
810.44	-10.297
810.75	-13.79
811.05	-12.005
811.36	-12.281
811.67	-13.161
811.98	-17.637
812.28	-18.647
812.59	-21.371
812.9	-21.013
813.2	-21.654
813.51	-22.697
813.82	-26.861
814.12	-25.191
814.43	-27.146
814.74	-28.627
815.04	-35.482
815.35	-31.96
815.65	-28.128
815.96	-29.744
816.27	-32.895
816.57	-30.659
816.88	-28.828
817.19	-28.364
817.49	-27.945
817.8	-27.944
818.1	-26.31
818.41	-22.617
818.72	-20.656
819.02	-21.306
819.33	-18.735
819.63	-16.339
819.94	-18.731
820.24	-18.765
820.55	-14.76
820.85	-12.291
821.16	-11.069
821.47	-12.615
821.77	-12.25
822.08	-11.464
822.38	-10.944
822.69	-10.853
822.99	-11.236
823.3	-10.774
823.6	-11.183
823.91	-12.477
824.21	-12.849
824.52	-13.667
824.82	-13.451
825.13	-13.874
825.43	-14.872
825.73	-16.339
826.04	-16.917
826.34	-16.527
826.65	-16.867
826.95	-16.86
827.26	-16.904
827.56	-16.875
827.87	-16.761
828.17	-17.513
828.47	-16.781
828.78	-16.652
829.08	-15.87
829.39	-15.234
829.69	-16.503
829.99	-17.242
830.3	-18.264
830.6	-17.53
830.9	-20.098
831.21	-20.226
831.51	-17.557
831.82	-19.156
832.12	-19.626
832.42	-22.271
832.73	-22.919
833.03	-22.594
833.33	-23.289
833.64	-22.663
833.94	-24.171
834.24	-22.943
834.54	-23.187
834.85	-23.898
835.15	-21.759
835.45	-21.349
835.76	-21.214
836.06	-21.528
836.36	-21.059
836.66	-19.036
836.97	-17.761
837.27	-13.174
837.57	-15.365
837.87	-17.517
838.18	-17.117
838.48	-18.6
838.78	-19.456
839.08	-15.259
839.39	-13.466
839.69	-19.26
839.99	-21.976
840.29	-19.932
840.59	-24.712
840.9	-21.117
841.2	-16.667
841.5	-14.976
841.8	-16.775
842.1	-22.513
842.41	-31.131
842.71	-41.667
843.01	-39.407
843.31	-35.848
843.61	-37.924
843.91	-44.355
844.21	-42.242
844.52	-54.124
844.82	-64.235
845.12	-64.95
845.42	-54.76
845.72	-54.682
846.02	-50.906
846.32	-47.138
846.62	-56.274
846.92	-69.459
847.22	-52.488
847.52	-61.187
847.83	-61.089
848.13	-62.488
848.43	-73.134
848.73	-80.724
849.03	-73.619
849.33	-66.953
849.63	-74.116
849.93	-70.332
850.23	-58.174
850.53	-78.293
850.83	-70.06
851.13	-70.782
851.43	-53.793
851.73	-43.665
852.03	-36.732
852.33	-35.183
852.63	-27.052
852.93	-21.611
853.23	-26.228
853.53	-39.704
853.83	-36.038
854.13	-46.472
854.43	-44.903
854.73	-56.653
855.03	-56.011
855.32	-51.562
855.62	-39.398
855.92	-61.686
856.22	-54.762
856.52	-48.214
856.82	-36.591
857.12	-35.229
857.42	-35.832
857.72	-42.986
858.02	-51.244
858.31	-65.726
858.61	-74.058
858.91	-73.731
859.21	-81.126
859.51	-86.131
859.81	-112.418
860.11	-127.64
860.4	-121.488
860.7	-107.769
861	-83.247
861.3	-71.523
861.6	-65.893
861.9	-76.05
862.19	-93.681
862.49	-81.977
862.79	-74.216
863.09	-72.678
863.39	-66.756
863.68	-50.185
863.98	-52.212
864.28	-60.172
864.58	-54.458
864.87	-51.417
865.17	-51.087
865.47	-44.818
865.77	-46.508
866.06	-54.222
866.36	-50
866.66	-51.671
866.96	-58.322
867.25	-51.348
867.55	-56.615
867.85	-82.392
868.14	-83.803
868.44	-79.276
868.74	-73.642
869.03	-62.574
869.33	-67.993
869.63	-52.762
869.92	-78.456
870.22	-89.634
870.52	-116.595
870.81	-85.115
871.11	-79.84
871.41	-91.039
871.7	-74.808
872	-106.961
872.3	-128.25
872.59	-110.429
872.89	-148.042
873.18	-89.905
873.48	-98.994
873.78	-81.139
874.07	-76.395
874.37	-78.914
874.66	-63.546
874.96	-78.151
875.25	-49.416
875.55	-54.418
875.85	-64.76
876.14	-52.165
876.44	-76.85
876.73	-69.287
877.03	-75.773
877.32	-107.008
877.62	-106.579
877.91	-85.037
878.21	-101.657
878.5	-105.176
878.8	-87.075
879.09	-64.286
879.39	-95.561
879.68	-68.924
879.98	-59.675
880.27	-44.73
880.57	-40.23
880.86	-24.645
881.16	-23.736
881.45	-20
881.74	-16.785
882.04	-14.685
882.33	-17.361
882.63	-16.54
882.92	-16.632
883.22	-17.693
883.51	-20.919
883.8	-19.031
884.1	-19.896
884.39	-21.224
884.69	-21.735
884.98	-24.18
885.27	-27.417
885.57	-31.816
885.86	-32.318
886.15	-33.445
886.45	-34.761
886.74	-35.836
887.03	-52.962
887.33	-65.319
887.62	-71.283
887.91	-68.852
888.21	-100
888.5	0
888.79	-1866.667
889.09	30
