190.56	133.333
190.94	133.333
191.32	133.333
191.7	83.333
192.08	2150
192.46	34.518
192.84	2.013
193.22	-49.057
193.6	-119.737
193.98	-378.788
194.36	-286.667
194.74	-206.667
195.13	186
195.51	-247.222
195.89	-128.571
196.27	-321.667
196.65	-128.462
197.03	-342.857
197.4	-232
197.78	-191.589
198.16	-128.144
198.54	-188.793
198.92	-136.416
199.3	-59.751
199.68	-47.598
200.06	-52.941
200.44	-55.906
200.82	-87.432
201.2	-44.934
201.58	-40.092
201.96	-50.811
202.34	-42.953
202.72	-27
203.1	5.155
203.48	-36.994
203.86	-197.115
204.24	-200.862
204.62	-224.545
205	-118.788
205.38	-72.038
205.76	-136.25
206.13	-94.275
206.51	-123.874
206.89	-167.01
207.27	-152.632
207.65	-140.183
208.03	-61.889
208.41	-35.612
208.79	-9.738
209.17	-8.051
209.55	-31.053
209.93	-8.434
210.3	4
210.68	16.016
211.06	49.206
211.44	70.288
211.82	70.988
212.2	64.885
212.58	39.316
212.96	11.828
213.33	15.809
213.71	7.385
214.09	6.721
214.47	0.619
214.85	-1.044
215.23	-16.912
215.61	-34.103
215.98	-48.866
216.36	-13.529
216.74	-9.228
217.12	-0.758
217.5	2.303
217.88	4.641
218.25	11.424
218.63	12.179
219.01	13.247
219.39	17.362
219.77	20.936
220.14	29.235
220.52	21.429
220.9	18.825
221.28	22.011
221.66	18.921
222.03	20.58
222.41	15.543
222.79	11.796
223.17	12.204
223.55	11.286
223.92	8.585
224.3	6.085
224.68	8.214
225.06	9.59
225.43	5.286
225.81	4.2
226.19	3.494
226.57	1.107
226.95	1.187
227.32	1.377
227.7	2.513
228.08	3.806
228.46	3.736
228.83	3.177
229.21	3.945
229.59	5.098
229.96	4.593
230.34	3.698
230.72	4.261
231.1	4.418
231.47	4.33
231.85	4.447
232.23	4.059
232.6	5.176
232.98	5.829
233.36	4.198
233.74	3.101
234.11	3.12
234.49	2.893
234.87	3.135
235.24	3.759
235.62	3.78
236	4.158
236.37	3.562
236.75	2.078
237.13	1.328
237.5	1.59
237.88	1.656
238.26	2.364
238.63	3.861
239.01	4.235
239.39	3.812
239.76	2.717
240.14	1.309
240.52	1.491
240.89	0.998
241.27	0.885
241.65	0.79
242.02	1.244
242.4	0.932
242.77	0.413
243.15	0.093
243.53	0.471
243.9	0.968
244.28	1.225
244.66	1.127
245.03	1.481
245.41	1.478
245.78	1.755
246.16	1.304
246.54	1.325
246.91	1.579
247.29	1.404
247.66	1.21
248.04	1.251
248.41	1.247
248.79	1.231
249.17	1.422
249.54	1.592
249.92	1.268
250.29	1.575
250.67	1.46
251.04	1.387
251.42	1.679
251.8	1.865
252.17	2.37
252.55	3.003
252.92	3.375
253.3	3.488
253.67	3.257
254.05	3.363
254.42	2.819
254.8	2.598
255.17	2.44
255.55	2.15
255.92	1.843
256.3	0.711
256.67	0.204
257.05	-0.012
257.42	-0.184
257.8	-0.267
258.17	-0.121
258.55	0.285
258.92	0.68
259.3	0.532
259.67	0.494
260.05	0.749
260.42	0.811
260.8	0.795
261.17	0.754
261.55	1.07
261.92	1.146
262.3	1.321
262.67	1.077
263.05	0.947
263.42	1.105
263.79	1.123
264.17	0.804
264.54	0.696
264.92	0.693
265.29	0.546
265.67	0.229
266.04	0.255
266.42	-0.017
266.79	0.042
267.16	0.298
267.54	0.355
267.91	0.396
268.29	0.279
268.66	0.47
269.03	0.116
269.41	0.336
269.78	0.395
270.16	0.367
270.53	0.426
270.9	0.531
271.28	0.169
271.65	0.225
272.03	0.062
272.4	0.371
272.77	0.485
273.15	0.773
273.52	0.798
273.89	0.685
274.27	0.592
274.64	0.651
275.01	0.863
275.39	1.076
275.76	1.339
276.14	1.583
276.51	1.355
276.88	1.088
277.26	0.847
277.63	0.84
278	0.798
278.38	0.81
278.75	0.586
279.12	0.497
279.49	0.333
279.87	-0.029
280.24	0.228
280.61	0.097
280.99	0.308
281.36	0.221
281.73	0.132
282.11	0.346
282.48	0.531
282.85	0.701
283.22	0.608
283.6	0.729
283.97	0.983
284.34	0.735
284.71	1.07
285.09	0.97
285.46	1.175
285.83	1.398
286.21	1.407
286.58	1.226
286.95	1.099
287.32	1.021
287.7	1.128
288.07	0.974
288.44	1.08
288.81	1.019
289.18	1.159
289.56	1.101
289.93	0.95
290.3	0.958
290.67	1.159
291.05	1.342
291.42	1.342
291.79	1.325
292.16	1.464
292.53	1.544
292.91	1.46
293.28	1.449
293.65	1.576
294.02	1.557
294.39	1.573
294.76	1.619
295.14	1.772
295.51	1.863
295.88	1.756
296.25	1.676
296.62	1.762
297	1.691
297.37	1.624
297.74	1.632
298.11	1.647
298.48	1.581
298.85	1.602
299.22	1.489
299.6	1.552
299.97	1.656
300.34	1.656
300.71	1.495
301.08	1.757
301.45	1.794
301.82	1.809
302.19	1.632
302.56	1.642
302.94	1.457
303.31	1.133
303.68	1.145
304.05	0.944
304.42	0.968
304.79	0.968
305.16	0.699
305.53	0.724
305.9	0.483
306.27	0.816
306.64	0.687
307.02	0.876
307.39	1.314
307.76	1.14
308.13	1.471
308.5	1.626
308.87	1.588
309.24	1.738
309.61	1.692
309.98	2.088
310.35	2.037
310.72	2.133
311.09	2.112
311.46	1.96
311.83	1.973
312.2	1.899
312.57	1.725
312.94	1.878
313.31	1.971
313.68	2.177
314.05	1.995
314.42	2.175
314.79	2.043
315.16	2.115
315.53	2.157
315.9	2.209
316.27	2.195
316.64	2.235
317.01	2.14
317.38	2.175
317.75	2.159
318.12	2.127
318.49	1.974
318.86	2.189
319.23	2.053
319.6	2.369
319.97	2.455
320.34	2.474
320.71	2.452
321.08	2.771
321.45	2.882
321.82	2.981
322.19	3.225
322.55	3.379
322.92	3.777
323.29	4.213
323.66	4.236
324.03	4.584
324.4	4.935
324.77	5.483
325.14	5.526
325.51	5.595
325.88	6.06
326.25	6.319
326.61	6.738
326.98	6.772
327.35	6.976
327.72	7.541
328.09	7.986
328.46	8.44
328.83	8.583
329.2	9.293
329.56	9.946
329.93	10.27
330.3	10.803
330.67	11.096
331.04	11.49
331.41	11.983
331.78	12.178
332.14	12.417
332.51	12.746
332.88	13.135
333.25	13.4
333.62	13.657
333.99	13.896
334.35	14.095
334.72	14.433
335.09	14.726
335.46	14.965
335.83	15.248
336.19	15.544
336.56	15.925
336.93	16.162
337.3	16.25
337.67	16.232
338.03	16.272
338.4	16.66
338.77	16.591
339.14	16.847
339.5	16.719
339.87	16.631
340.24	16.65
340.61	16.466
340.97	16.289
341.34	16.344
341.71	16.315
342.08	16.46
342.44	15.959
342.81	16.026
343.18	16.03
343.55	16.152
343.91	16.213
344.28	16.198
344.65	16.079
345.02	16.162
345.38	15.944
345.75	16.015
346.12	15.882
346.48	16.083
346.85	16.14
347.22	16.182
347.59	16.044
347.95	15.979
348.32	15.907
348.69	15.851
349.05	15.889
349.42	15.996
349.79	16.053
350.15	15.979
350.52	15.907
350.89	15.697
351.25	15.592
351.62	15.585
351.99	15.487
352.35	15.594
352.72	15.556
353.09	15.5
353.45	15.406
353.82	15.232
354.18	15.307
354.55	15.351
354.92	15.433
355.28	15.291
355.65	15.372
356.02	15.341
356.38	15.159
356.75	15.158
357.11	15.226
357.48	15.151
357.85	15.251
358.21	15.245
358.58	15.157
358.94	15.118
359.31	15.159
359.67	15.124
360.04	15.217
360.41	15.32
360.77	15.433
361.14	15.466
361.5	15.52
361.87	15.5
362.23	15.53
362.6	15.573
362.97	15.651
363.33	15.667
363.7	15.583
364.06	15.58
364.43	15.611
364.79	15.619
365.16	15.51
365.52	15.615
365.89	15.678
366.25	15.726
366.62	15.801
366.98	15.645
367.35	15.745
367.71	16.089
368.08	16.226
368.44	16.262
368.81	16.345
369.17	16.478
369.54	16.501
369.9	16.603
370.27	16.658
370.63	16.794
371	17.254
371.36	17.414
371.73	17.481
372.09	17.568
372.45	17.618
372.82	17.676
373.18	17.824
373.55	17.886
373.91	17.905
374.28	17.919
374.64	18.085
375.01	18.064
375.37	17.969
375.73	17.897
376.1	17.947
376.46	18.143
376.83	18.278
377.19	18.379
377.55	18.584
377.92	18.841
378.28	19.15
378.65	19.301
379.01	19.548
379.37	19.935
379.74	20.291
380.1	20.478
380.47	20.545
380.83	20.539
381.19	20.736
381.56	21.005
381.92	21.142
382.28	21.376
382.65	21.457
383.01	21.593
383.37	21.817
383.74	22.122
384.1	22.478
384.46	22.771
384.83	23.207
385.19	23.512
385.55	23.715
385.92	23.929
386.28	24.017
386.64	24.271
387.01	24.479
387.37	24.636
387.73	24.714
388.1	24.821
388.46	25.09
388.82	25.244
389.18	25.428
389.55	25.776
389.91	26.067
390.27	26.457
390.64	26.82
391	27.127
391.36	27.407
391.72	27.535
392.09	27.803
392.45	28.078
392.81	28.344
393.17	28.562
393.54	28.649
393.9	28.757
394.26	28.872
394.62	29.024
394.99	29.136
395.35	29.241
395.71	29.555
396.07	29.668
396.43	29.739
396.8	30.043
397.16	30.25
397.52	30.494
397.88	30.863
398.24	31.037
398.61	31.248
398.97	31.53
399.33	31.736
399.69	31.997
400.05	32.26
400.42	32.426
400.78	32.51
401.14	32.701
401.5	32.784
401.86	32.883
402.22	33.044
402.59	33.181
402.95	33.34
403.31	33.566
403.67	33.65
404.03	33.923
404.39	34.245
404.75	34.449
405.12	34.573
405.48	34.748
405.84	34.894
406.2	35.122
406.56	35.294
406.92	35.502
407.28	35.772
407.64	36.001
408	36.089
408.36	36.035
408.73	36.201
409.09	36.347
409.45	36.609
409.81	37.062
410.17	37.108
410.53	37.334
410.89	37.461
411.25	37.61
411.61	37.874
411.97	38.075
412.33	38.602
412.69	38.764
413.05	39.011
413.41	39.298
413.77	39.207
414.13	39.585
414.5	39.752
414.86	39.912
415.22	40.064
415.58	40.127
415.94	40.234
416.3	40.217
416.66	40.287
417.02	40.489
417.38	40.501
417.74	40.727
418.1	40.717
418.46	40.835
418.82	40.874
419.18	41.04
419.54	41.121
419.9	41.173
420.26	41.312
420.61	41.45
420.97	41.469
421.33	41.503
421.69	41.536
422.05	41.74
422.41	41.794
422.77	41.863
423.13	41.803
423.49	41.894
423.85	42.003
424.21	42.037
424.57	42.198
424.93	42.32
425.29	42.51
425.65	42.6
426.01	42.565
426.36	42.621
426.72	42.735
427.08	42.801
427.44	42.889
427.8	43.015
428.16	43.11
428.52	43.14
428.88	43.208
429.24	43.241
429.59	43.2
429.95	43.329
430.31	43.379
430.67	43.509
431.03	43.785
431.39	43.994
431.75	44.047
432.1	44.104
432.46	44.157
432.82	44.231
433.18	44.339
433.54	44.588
433.9	44.566
434.25	44.757
434.61	44.966
434.97	44.921
435.33	44.916
435.69	45.127
436.04	45.333
436.4	45.501
436.76	45.57
437.12	45.577
437.48	45.69
437.83	45.945
438.19	45.983
438.55	45.908
438.91	46.05
439.27	46.096
439.62	46.188
439.98	46.114
440.34	46.162
440.7	46.233
441.05	46.374
441.41	46.384
441.77	46.359
442.13	46.47
442.48	46.533
442.84	46.485
443.2	46.633
443.56	46.488
443.91	46.606
444.27	46.562
444.63	46.645
444.98	46.651
445.34	46.671
445.7	46.642
446.05	46.62
446.41	46.707
446.77	46.71
447.13	46.65
447.48	46.723
447.84	46.684
448.2	46.742
448.55	46.832
448.91	46.946
449.27	46.949
449.62	47.068
449.98	47.112
450.34	47.127
450.69	47.292
451.05	47.414
451.4	47.551
451.76	47.582
452.12	47.727
452.47	47.687
452.83	47.7
453.19	47.743
453.54	47.786
453.9	47.761
454.25	47.705
454.61	47.721
454.97	47.594
455.32	47.456
455.68	47.41
456.03	47.311
456.39	47.095
456.75	46.953
457.1	47.009
457.46	47.028
457.81	47.094
458.17	47.143
458.52	47.141
458.88	47.157
459.24	47.282
459.59	47.358
459.95	47.416
460.3	47.565
460.66	47.661
461.01	47.618
461.37	47.644
461.72	47.66
462.08	47.699
462.43	47.773
462.79	47.855
463.14	47.799
463.5	47.775
463.85	47.665
464.21	47.725
464.56	47.769
464.92	47.75
465.27	47.767
465.63	47.736
465.98	47.739
466.34	47.676
466.69	47.622
467.05	47.579
467.4	47.676
467.76	47.764
468.11	47.762
468.47	47.704
468.82	47.636
469.18	47.592
469.53	47.703
469.88	47.703
470.24	47.619
470.59	47.636
470.95	47.687
471.3	47.647
471.66	47.504
472.01	47.428
472.36	47.495
472.72	47.682
473.07	47.697
473.43	47.633
473.78	47.713
474.13	47.696
474.49	47.747
474.84	47.774
475.19	47.862
475.55	47.895
475.9	48.022
476.26	48.023
476.61	47.975
476.96	47.9
477.32	47.747
477.67	47.58
478.02	47.695
478.38	47.722
478.73	47.732
479.08	47.722
479.44	47.76
479.79	47.667
480.14	47.629
480.5	47.693
480.85	47.706
481.2	47.844
481.56	47.977
481.91	48.071
482.26	48.231
482.62	48.285
482.97	48.288
483.32	48.35
483.67	48.33
484.03	48.356
484.38	48.341
484.73	48.405
485.08	48.422
485.44	48.418
485.79	48.319
486.14	48.196
486.49	48.203
486.85	48.21
487.2	48.149
487.55	48.27
487.9	48.26
488.26	48.296
488.61	48.266
488.96	48.255
489.31	48.279
489.67	48.345
490.02	48.351
490.37	48.288
490.72	48.311
491.07	48.329
491.43	48.27
491.78	48.394
492.13	48.43
492.48	48.494
492.83	48.541
493.19	48.568
493.54	48.703
493.89	48.81
494.24	48.887
494.59	48.869
494.94	48.913
495.29	48.942
495.65	49.023
496	49.047
496.35	49.088
496.7	49.211
497.05	49.253
497.4	49.207
497.75	49.251
498.11	49.356
498.46	49.444
498.81	49.614
499.16	49.796
499.51	49.725
499.86	49.727
500.21	49.777
500.56	49.825
500.91	49.92
501.26	50.048
501.62	50.017
501.97	50.101
502.32	50.165
502.67	50.242
503.02	50.156
503.37	50.134
503.72	50.281
504.07	50.397
504.42	50.309
504.77	50.355
505.12	50.311
505.47	50.474
505.82	50.515
506.17	50.642
506.52	50.686
506.87	50.845
507.22	50.929
507.57	50.966
507.92	51.076
508.27	51.184
508.62	51.247
508.97	51.323
509.32	51.412
509.67	51.567
510.02	51.686
510.37	51.755
510.72	51.804
511.07	51.95
511.42	52.053
511.77	52.031
512.12	52.186
512.47	52.312
512.82	52.553
513.17	52.656
513.52	52.717
513.87	52.71
514.22	52.85
514.57	53.086
514.91	53.198
515.26	53.229
515.61	53.403
515.96	53.613
516.31	53.772
516.66	53.808
517.01	53.897
517.36	54.096
517.71	54.264
518.06	54.364
518.41	54.36
518.75	54.49
519.1	54.611
519.45	54.689
519.8	54.774
520.15	54.893
520.5	55.109
520.85	55.317
521.19	55.333
521.54	55.333
521.89	55.456
522.24	55.673
522.59	55.705
522.94	55.966
523.28	56.1
523.63	56.27
523.98	56.382
524.33	56.578
524.68	56.661
525.03	56.823
525.37	57.06
525.72	57.21
526.07	57.376
526.42	57.612
526.76	57.785
527.11	57.983
527.46	58.253
527.81	58.399
528.16	58.446
528.5	58.65
528.85	58.74
529.2	58.86
529.55	59.006
529.89	59.132
530.24	59.282
530.59	59.453
530.94	59.609
531.28	59.645
531.63	59.852
531.98	60.087
532.32	60.202
532.67	60.454
533.02	60.689
533.37	60.858
533.71	60.919
534.06	61.033
534.41	61.192
534.75	61.384
535.1	61.579
535.45	61.711
535.79	61.906
536.14	61.967
536.49	62.076
536.83	62.184
537.18	62.393
537.53	62.675
537.87	62.902
538.22	63.118
538.57	63.356
538.91	63.535
539.26	63.838
539.61	63.974
539.95	64.262
540.3	64.354
540.64	64.439
540.99	64.519
541.34	64.623
541.68	64.744
542.03	64.896
542.37	65.008
542.72	65.131
543.07	65.179
543.41	65.358
543.76	65.519
544.1	65.794
544.45	66.077
544.8	66.211
545.14	66.462
545.49	66.613
545.83	66.65
546.18	66.901
546.52	67.024
546.87	67.249
547.21	67.34
547.56	67.421
547.9	67.524
548.25	67.747
548.59	67.864
548.94	68.028
549.29	68.179
549.63	68.374
549.98	68.422
550.32	68.723
550.67	68.934
551.01	69.156
551.35	69.272
551.7	69.503
552.04	69.583
552.39	69.839
552.73	69.976
553.08	70.099
553.42	70.26
553.77	70.523
554.11	70.623
554.46	70.614
554.8	70.68
555.15	70.822
555.49	71.074
555.83	71.245
556.18	71.378
556.52	71.479
556.87	71.72
557.21	71.843
557.56	71.883
557.9	71.942
558.24	72.16
558.59	72.241
558.93	72.527
559.28	72.485
559.62	72.489
559.96	72.571
560.31	72.67
560.65	72.631
560.99	72.686
561.34	72.862
561.68	73.18
562.02	73.32
562.37	73.722
562.71	73.819
563.06	73.873
563.4	74.067
563.74	74.281
564.09	74.508
564.43	74.867
564.77	75.243
565.11	75.317
565.46	75.37
565.8	75.553
566.14	75.542
566.49	75.632
566.83	75.86
567.17	76.016
567.52	76.101
567.86	76.052
568.2	75.987
568.54	75.952
568.89	75.976
569.23	75.97
569.57	75.861
569.91	75.899
570.26	76.04
570.6	76.156
570.94	76.121
571.28	76.296
571.63	76.473
571.97	76.609
572.31	76.668
572.65	76.714
573	76.842
573.34	76.933
573.68	76.967
574.02	76.987
574.36	76.996
574.71	77.084
575.05	77.012
575.39	76.986
575.73	77.118
576.07	77.113
576.42	77.245
576.76	77.41
577.1	77.493
577.44	77.694
577.78	77.614
578.12	77.585
578.46	77.694
578.81	77.858
579.15	77.935
579.49	77.912
579.83	78.159
580.17	78.188
580.51	78.095
580.85	78.189
581.2	78.023
581.54	78.137
581.88	78.335
582.22	78.348
582.56	78.494
582.9	78.718
583.24	78.918
583.58	78.853
583.92	78.889
584.26	78.884
584.6	78.936
584.95	79.269
585.29	79.627
585.63	79.601
585.97	79.684
586.31	79.643
586.65	79.603
586.99	79.622
587.33	79.643
587.67	79.78
588.01	79.904
588.35	80.05
588.69	80.061
589.03	79.809
589.37	79.923
589.71	80.149
590.05	80.157
590.39	80.125
590.73	79.998
591.07	80.093
591.41	80.004
591.75	79.985
592.09	79.925
592.43	79.784
592.77	79.784
593.11	79.618
593.45	79.497
593.79	79.655
594.13	79.9
594.47	79.874
594.81	79.996
595.14	79.985
595.48	80.076
595.82	80.277
596.16	80.555
596.5	80.829
596.84	81.029
597.18	81.108
597.52	81.123
597.86	81.208
598.2	81.449
598.54	81.475
598.87	81.882
599.21	81.808
599.55	81.782
599.89	81.577
600.23	81.473
600.57	81.642
600.91	81.701
601.25	81.689
601.58	81.537
601.92	81.453
602.26	81.573
602.6	81.545
602.94	81.787
603.28	81.754
603.61	82.002
603.95	82.149
604.29	82.269
604.63	82.142
604.97	82.183
605.3	82.165
605.64	82.539
605.98	82.462
606.32	82.514
606.66	82.467
606.99	82.613
607.33	82.588
607.67	82.592
608.01	82.656
608.34	82.903
608.68	82.858
609.02	83
609.36	82.661
609.69	82.666
610.03	82.697
610.37	82.836
610.71	82.879
611.04	82.911
611.38	82.882
611.72	82.687
612.06	82.825
612.39	82.856
612.73	82.808
613.07	83.003
613.4	82.997
613.74	82.819
614.08	82.758
614.41	82.837
614.75	82.711
615.09	82.626
615.42	82.647
615.76	82.581
616.1	82.66
616.43	82.81
616.77	82.61
617.11	82.845
617.44	82.841
617.78	82.82
618.12	82.614
618.45	82.786
618.79	83.137
619.13	83.149
619.46	82.994
619.8	83.238
620.13	83.181
620.47	83.399
620.81	83.288
621.14	83.425
621.48	83.669
621.81	83.696
622.15	83.783
622.48	83.599
622.82	83.717
623.16	84.058
623.49	83.869
623.83	83.878
624.16	83.964
624.5	83.867
624.83	83.76
625.17	83.647
625.5	83.814
625.84	83.74
626.18	83.98
626.51	83.895
626.85	83.739
627.18	83.856
627.52	83.997
627.85	84.183
628.19	84.322
628.52	84.615
628.86	84.716
629.19	84.712
629.53	84.662
629.86	84.531
630.19	84.722
630.53	84.826
630.86	84.744
631.2	84.892
631.53	84.653
631.87	84.71
632.2	84.694
632.54	84.762
632.87	84.831
633.2	85.107
633.54	85.267
633.87	85.217
634.21	85.082
634.54	85.157
634.88	85.15
635.21	85.192
635.54	85.27
635.88	85.064
636.21	84.824
636.55	84.906
636.88	84.814
637.21	84.759
637.55	84.884
637.88	84.958
638.21	84.966
638.55	84.992
638.88	85.09
639.21	85.218
639.55	85.466
639.88	85.648
640.21	85.615
640.55	85.543
640.88	85.46
641.21	85.356
641.55	85.3
641.88	85.405
642.21	85.433
642.55	85.637
642.88	85.539
643.21	85.288
643.55	85.132
643.88	85.291
644.21	85.323
644.54	85.486
644.88	85.403
645.21	85.507
645.54	85.396
645.87	85.381
646.21	85.258
646.54	85.232
646.87	85.548
647.2	85.679
647.54	85.583
647.87	85.557
648.2	85.112
648.53	85.23
648.87	85.176
649.2	85.266
649.53	85.209
649.86	85.248
650.19	85.319
650.53	85.031
650.86	84.879
651.19	84.87
651.52	85.165
651.85	85.31
652.18	85.333
652.52	85.426
652.85	85.396
653.18	85.365
653.51	85.219
653.84	85.122
654.17	85.542
654.51	85.633
654.84	85.698
655.17	85.53
655.5	85.742
655.83	85.96
656.16	86.069
656.49	86.179
656.82	86.474
657.15	86.677
657.49	86.669
657.82	86.53
658.15	86.933
658.48	87.217
658.81	87.38
659.14	87.764
659.47	87.439
659.8	87.461
660.13	87.579
660.46	87.515
660.79	87.663
661.12	87.919
661.45	87.922
661.78	87.852
662.11	87.617
662.44	87.285
662.77	86.759
663.1	87.085
663.43	86.944
663.76	86.619
664.09	86.422
664.42	86.339
664.75	86.064
665.08	86.366
665.41	86.467
665.74	86.331
666.07	86.445
666.4	86.596
666.73	86.435
667.06	86.711
667.39	86.793
667.72	86.6
668.05	86.413
668.38	86.784
668.71	86.111
669.04	85.817
669.37	85.774
669.7	86.148
670.03	86.332
670.36	86.244
670.69	86.06
671.01	86
671.34	86.272
671.67	86.182
672	86.154
672.33	86.571
672.66	86.8
672.99	86.983
673.32	86.967
673.64	86.762
673.97	86.893
674.3	86.913
674.63	87.364
674.96	87.255
675.29	87.343
675.62	87.475
675.94	87.346
676.27	87.337
676.6	87.302
676.93	87.196
677.26	87.515
677.58	87.778
677.91	87.869
678.24	87.442
678.57	87.421
678.9	87.509
679.22	87.309
679.55	87.481
679.88	87.519
680.21	87.419
680.54	87.472
680.86	87.039
681.19	86.824
681.52	86.645
681.85	86.832
682.17	86.831
682.5	86.789
682.83	86.384
683.16	86.178
683.48	86.073
683.81	85.977
684.14	86.15
684.46	86.52
684.79	86.408
685.12	86.459
685.45	86.489
685.77	86.1
686.1	86.244
686.43	86.043
686.75	85.925
687.08	85.597
687.41	85.355
687.73	85.048
688.06	85.134
688.39	85.185
688.71	85.022
689.04	85.522
689.36	85.801
689.69	85.55
690.02	85.803
690.34	85.609
690.67	85.519
691	86.507
691.32	86.268
691.65	85.984
691.97	86.344
692.3	86.239
692.63	85.465
692.95	85.387
693.28	85.508
693.6	85.789
693.93	86.662
694.26	87.085
694.58	86.412
694.91	86.459
695.23	86.56
695.56	86.121
695.88	86.565
696.21	86.792
696.53	87.316
696.86	87.36
697.18	87.368
697.51	86.806
697.83	86.646
698.16	86.603
698.48	86.428
698.81	86.519
699.13	86.484
699.46	86.495
699.78	86.136
700.11	85.853
700.43	86.174
700.76	86.167
701.08	86.327
701.41	86.485
701.73	86.29
702.06	86.761
702.38	86.454
702.71	86.177
703.03	85.672
703.35	86.118
703.68	86.056
704	85.38
704.33	85.791
704.65	85.51
704.98	85.46
705.3	86.051
705.62	86.022
705.95	85.768
706.27	85.725
706.6	85.895
706.92	85.907
707.24	85.665
707.57	85.985
707.89	85.159
708.21	84.934
708.54	84.398
708.86	84.235
709.18	84.308
709.51	85.023
709.83	85.213
710.15	85.791
710.48	84.803
710.8	84.459
711.12	83.767
711.45	84.294
711.77	84.823
712.09	85.464
712.42	85.313
712.74	84.785
713.06	84.318
713.38	84.199
713.71	83.923
714.03	84.625
714.35	85.166
714.68	85.682
715	84.829
715.32	84.303
715.64	83.899
715.97	83.521
716.29	83.446
716.61	83.086
716.93	83.079
717.25	82.41
717.58	81.61
717.9	81.477
718.22	80.841
718.54	81.547
718.87	81.31
719.19	80.46
719.51	80.623
719.83	79.725
720.15	79.488
720.47	79.181
720.8	79.818
721.12	80.201
721.44	79.904
721.76	79.684
722.08	78.875
722.4	79.643
722.73	80.378
723.05	80.485
723.37	81.503
723.69	80.992
724.01	82.074
724.33	81.586
724.65	81.683
724.97	82.4
725.3	82.804
725.62	82.974
725.94	82.088
726.26	81.411
726.58	80.958
726.9	80.321
727.22	81.047
727.54	80.642
727.86	80.346
728.18	79.799
728.5	79.822
728.82	79.895
729.14	79.894
729.46	80.516
729.78	81.222
730.1	82.341
730.42	82.065
730.74	81.978
731.07	81.127
731.39	80.777
731.71	80.682
732.03	79.914
732.35	79.223
732.66	78.066
732.98	77.366
733.3	77.73
733.62	76.987
733.94	77.731
734.26	76.958
734.58	77.481
734.9	77.626
735.22	78.314
735.54	78.675
735.86	78.975
736.18	79.887
736.5	80.23
736.82	79.251
737.14	78.317
737.46	77.606
737.78	78.959
738.1	78.461
738.41	78.952
738.73	78.809
739.05	78.061
739.37	77.801
739.69	78.274
740.01	77.619
740.33	76.937
740.65	77.078
740.96	77.574
741.28	76.605
741.6	76.89
741.92	76.095
742.24	75.187
742.56	75.446
742.88	74.959
743.19	74.124
743.51	73.805
743.83	73.371
744.15	74.086
744.47	72.913
744.78	72.509
745.1	73.321
745.42	73.015
745.74	73.911
746.06	75.137
746.37	77.041
746.69	77.849
747.01	78.423
747.33	79.173
747.64	77.998
747.96	78.534
748.28	79.282
748.6	77.543
748.91	77.4
749.23	77.118
749.55	75.265
749.87	74.449
750.18	74.696
750.5	75.104
750.82	75.292
751.13	75.026
751.45	76.253
751.77	75.906
752.08	75.383
752.4	74.78
752.72	74.097
753.03	75.554
753.35	76.064
753.67	74.857
753.98	75.401
754.3	75.094
754.62	74.748
754.93	73.221
755.25	72.415
755.57	71.464
755.88	72.164
756.2	72.772
756.51	71.22
756.83	68.273
757.15	68.714
757.46	68.438
757.78	68.295
758.09	69.41
758.41	71.25
758.73	71.212
759.04	72.3
759.36	73.774
759.67	73.185
759.99	73.523
760.3	75.53
760.62	74.874
760.94	74.504
761.25	73.657
761.57	74.306
761.88	73.48
762.2	73.283
762.51	72.947
762.83	70.82
763.14	71.941
763.46	71.45
763.77	70.528
764.09	70.742
764.4	71.188
764.72	71.8
765.03	69.259
765.35	68.127
765.66	67.759
765.98	67.847
766.29	70.405
766.61	67.763
766.92	68.283
767.23	69.144
767.55	68.239
767.86	67.442
768.18	67.865
768.49	69.07
768.81	69.203
769.12	69.888
769.43	70.6
769.75	69.567
770.06	71.488
770.38	72.1
770.69	72.108
771	71.53
771.32	71.221
771.63	70.146
771.94	70.978
772.26	71.617
772.57	72.84
772.89	72.833
773.2	70.463
773.51	70.282
773.83	69.76
774.14	69.748
774.45	71.922
774.77	69.81
775.08	69.092
775.39	69.445
775.7	69.953
776.02	66.773
776.33	62.937
776.64	64.302
776.96	62.037
777.27	59.631
777.58	60.39
777.89	58.314
778.21	60.8
778.52	61.331
778.83	60.197
779.14	59.743
779.46	62.661
779.77	66.759
780.08	63.979
780.39	63.854
780.71	66.24
781.02	63.98
781.33	64.22
781.64	63.224
781.95	63.236
782.27	63.836
782.58	61.726
782.89	58.559
783.2	58.415
783.51	58.491
783.83	58.57
784.14	57.36
784.45	56.05
784.76	56.63
785.07	56.734
785.38	58.817
785.7	56.467
786.01	58.704
786.32	63.597
786.63	63.496
786.94	64.623
787.25	65.066
787.56	62.024
787.87	62.37
788.18	59.31
788.5	57.499
788.81	54.451
789.12	57.545
789.43	57.778
789.74	55.514
790.05	53.712
790.36	54.167
790.67	54.635
790.98	55.552
791.29	56.214
791.6	57.956
791.91	58.643
792.22	59.063
792.53	59.377
792.84	57.976
793.15	58.661
793.46	58.554
793.77	55.663
794.08	54.638
794.39	59.073
794.7	59.876
795.01	60.25
795.32	60.512
795.63	60.097
795.94	58.305
796.25	59.97
796.56	60.624
796.87	58.435
797.18	60.997
797.49	62.5
797.8	59.3
798.11	55.186
798.42	54.852
798.73	53.784
799.04	54.577
799.35	53.586
799.65	51.398
799.96	50.628
800.27	55.628
800.58	57.47
800.89	56.095
801.2	58.054
801.51	63.906
801.82	62.423
802.13	64.11
802.43	69.725
802.74	71.429
803.05	69.966
803.36	64.814
803.67	62.17
803.98	59.213
804.28	60.917
804.59	57.962
804.9	55.492
805.21	54.833
805.52	53.711
805.83	46.845
806.13	45.083
806.44	45.216
806.75	47.994
807.06	48.062
807.36	47.226
807.67	45.655
807.98	43.42
808.29	42.224
808.6	43.613
808.9	45.995
809.21	47.232
809.52	50.66
809.83	50.287
810.13	49.549
810.44	49.6
810.75	50.464
811.05	52.444
811.36	54.147
811.67	56.744
811.98	57.018
812.28	55.774
812.59	54.545
812.9	50.39
813.2	54.931
813.51	58.675
813.82	57.67
814.12	57.001
814.43	51.492
814.74	53.233
815.04	53.552
815.35	59.193
815.65	55.127
815.96	54.837
816.27	55.549
816.57	50.942
816.88	46.315
817.19	49.469
817.49	53.456
817.8	57.6
818.1	56.745
818.41	54.866
818.72	53.957
819.02	56.964
819.33	52.968
819.63	51.837
819.94	52.6
820.24	52.461
820.55	49.893
820.85	47.611
821.16	46.309
821.47	46.793
821.77	47.005
822.08	45.855
822.38	45.118
822.69	46.414
822.99	46.511
823.3	46.511
823.6	46.329
823.91	46.379
824.21	45.683
824.52	45.495
824.82	45.248
825.13	44.528
825.43	43.776
825.73	43.868
826.04	43.196
826.34	42.848
826.65	41.215
826.95	40.709
827.26	39.394
827.56	40.698
827.87	42.785
828.17	42.135
828.47	42.74
828.78	43.88
829.08	44.983
829.39	43.582
829.69	43.764
829.99	45.195
830.3	47.175
830.6	52.56
830.9	50.254
831.21	49.209
831.51	51.306
831.82	49.71
832.12	44.25
832.42	39.087
832.73	42.121
833.03	41.817
833.33	42.03
833.64	40.755
833.94	36.494
834.24	37.315
834.54	33.722
834.85	32.471
835.15	33.145
835.45	36.968
835.76	36.806
836.06	38.067
836.36	35.684
836.66	37.636
836.97	40.675
837.27	37.052
837.57	37.722
837.87	42.727
838.18	35.159
838.48	36.193
838.78	30.363
839.08	37.566
839.39	35.308
839.69	39.906
839.99	35.55
840.29	34.447
840.59	38.366
840.9	37.093
841.2	31.997
841.5	34.436
841.8	28.254
842.1	32.717
842.41	23.857
842.71	16.867
843.01	11.199
843.31	10.749
843.61	-8.41
843.91	-12.75
844.21	-4.894
844.52	-3.358
844.82	7.581
845.12	21.136
845.42	21.519
845.72	22.789
846.02	22.862
846.32	31.618
846.62	30.408
846.92	49.615
847.22	49.519
847.52	46.667
847.83	43.175
848.13	33.871
848.43	21.955
848.73	12.21
849.03	15.349
849.33	19.755
849.63	11.68
849.93	12.224
850.23	4.473
850.53	4.455
850.83	-4.72
851.13	1.172
851.43	9.231
851.73	0.249
852.03	16.822
852.33	25.806
852.63	19.951
852.93	21.782
853.23	3.922
853.53	23.515
853.83	31.749
854.13	38.664
854.43	28.679
854.73	29.037
855.03	41.833
855.32	48.755
855.62	41.728
855.92	50.195
856.22	51.378
856.52	59.444
856.82	57.008
857.12	49.552
857.42	45.443
857.72	53.464
858.02	48.293
858.31	47.804
858.61	38.493
858.91	32.767
859.21	22.796
859.51	10.057
859.81	11.712
860.11	5.601
860.4	25.979
860.7	31.29
861	24.605
861.3	27.193
861.6	5.093
861.9	3.109
862.19	35.965
862.49	79.339
862.79	99.476
863.09	73.188
863.39	79.31
863.68	48.416
863.98	36.102
864.28	43.258
864.58	57.457
864.87	48.148
865.17	40.774
865.47	31.537
865.77	38.65
866.06	37.849
866.36	35.305
866.66	19.037
866.96	9.091
867.25	12.468
867.55	3.114
867.85	1.107
868.14	1.095
868.44	23.368
868.74	57.073
869.03	38.491
869.33	44.482
869.63	75.117
869.92	90.592
870.22	91.007
870.52	81.298
870.81	66.295
871.11	52.674
871.41	69.199
871.7	61.736
872	47.947
872.3	36.52
872.59	10.245
872.89	4.049
873.18	9.375
873.48	4.797
873.78	14.122
874.07	19.925
874.37	13.487
874.66	5.314
874.96	11.726
875.25	24.169
875.55	34.141
875.85	61.94
876.14	74.884
876.44	70.302
876.73	83.921
877.03	92.25
877.32	98.266
877.62	105.367
877.91	77.91
878.21	81.25
878.5	86.585
878.8	102.727
879.09	85.106
879.39	76.875
879.68	59.864
879.98	56.738
880.27	37.624
880.57	40.043
880.86	33.935
881.16	40.557
881.45	44.35
881.74	38.854
882.04	35.342
882.33	32.804
882.63	32.289
882.92	33.497
883.22	28.274
883.51	30.835
883.8	25.901
884.1	27.24
884.39	25.171
884.69	24.011
884.98	28.742
885.27	22.96
885.57	26.459
885.86	28.859
886.15	35.064
886.45	50.58
886.74	50.329
887.03	57.895
887.33	52.324
887.62	50.584
887.91	82.222
888.21	66.667
888.5	147.368
888.79	-53.333
889.09	-53.571
