190.56	-478.947
190.94	-478.947
191.32	-478.947
191.7	-685.185
192.08	0
192.46	-638.537
192.84	-720.652
193.22	-793.452
193.6	-820.118
193.98	-696.859
194.36	-596.903
194.74	-612.444
195.13	-703.743
195.51	-1080.469
195.89	-2323.81
196.27	-1432.353
196.65	-1011.972
197.03	-1148.092
197.4	-1996.296
197.78	-1549.057
198.16	-2067.47
198.54	-1890.217
198.92	-1801.031
199.3	-1217.931
199.68	-753.017
200.06	-828.169
200.44	-772.609
200.82	-677.395
201.2	-551.923
201.58	-364.238
201.96	-340
202.34	-346.205
202.72	-342.654
203.1	-262.928
203.48	-243.178
203.86	-234.083
204.24	-185.417
204.62	-167.898
205	-186.963
205.38	-191.304
205.76	-203.65
206.13	-199.259
206.51	-176.006
206.89	-160.688
207.27	-215.672
207.65	-242.609
208.03	-298.177
208.41	-346.218
208.79	-439.35
209.17	-527.615
209.55	-438.095
209.93	-476.289
210.3	-583.817
210.68	-962.838
211.06	-1189.167
211.44	-809.77
211.82	-742.857
212.2	-769.154
212.58	-607.48
212.96	-660.081
213.33	-555.369
213.71	-706.751
214.09	-921.429
214.47	-1362.903
214.85	-792.718
215.23	-723.581
215.61	-806.731
215.98	-615.038
216.36	-622.481
216.74	-849.223
217.12	-512.658
217.5	-438.398
217.88	-336.463
218.25	-254.11
218.63	-217.733
219.01	-232.792
219.39	-217.608
219.77	-193.865
220.14	-219.397
220.52	-190.241
220.9	-167.161
221.28	-163.665
221.66	-164.271
222.03	-172.468
222.41	-176.151
222.79	-178.772
223.17	-158.161
223.55	-149.588
223.92	-162.959
224.3	-146.444
224.68	-145.2
225.06	-139.004
225.43	-121.227
225.81	-111.126
226.19	-84.966
226.57	-68.444
226.95	-53.193
227.32	-42.853
227.7	-36.27
228.08	-27.213
228.46	-23.159
228.83	-20.987
229.21	-18.394
229.59	-18.498
229.96	-19.05
230.34	-21.303
230.72	-22.848
231.1	-23.876
231.47	-25.959
231.85	-27.427
232.23	-30.324
232.6	-31.914
232.98	-32.284
233.36	-34.704
233.74	-34.48
234.11	-32.866
234.49	-30.566
234.87	-30.036
235.24	-28.319
235.62	-28.598
236	-27.133
236.37	-27.63
236.75	-29.956
237.13	-29.355
237.5	-30.032
237.88	-31.405
238.26	-31.294
238.63	-30.989
239.01	-29.391
239.39	-27.035
239.76	-24.913
240.14	-24.222
240.52	-22.303
240.89	-18.513
241.27	-15.968
241.65	-13.85
242.02	-11.82
242.4	-10.21
242.77	-9.843
243.15	-9.732
243.53	-10.642
243.9	-10.673
244.28	-9.909
244.66	-9.052
245.03	-8.649
245.41	-8.492
245.78	-7.732
246.16	-7.197
246.54	-7.218
246.91	-6.308
247.29	-5.805
247.66	-5.093
248.04	-4.67
248.41	-4.781
248.79	-5.154
249.17	-5.964
249.54	-6.547
249.92	-7.634
250.29	-8.373
250.67	-9.228
251.04	-9.551
251.42	-10.247
251.8	-11.369
252.17	-11.071
252.55	-11.673
252.92	-10.748
253.3	-10.774
253.67	-10.03
254.05	-9.897
254.42	-9.879
254.8	-9.754
255.17	-10.776
255.55	-10.166
255.92	-9.458
256.3	-9.113
256.67	-8.233
257.05	-8.262
257.42	-7.127
257.8	-6.667
258.17	-5.951
258.55	-5.445
258.92	-4.66
259.3	-4.244
259.67	-4.004
260.05	-3.988
260.42	-3.789
260.8	-3.546
261.17	-3.591
261.55	-3.927
261.92	-4.078
262.3	-4.019
262.67	-4.523
263.05	-5.474
263.42	-5.926
263.79	-6.587
264.17	-6.662
264.54	-7.194
264.92	-7.341
265.29	-6.793
265.67	-6.663
266.04	-6.543
266.42	-6.561
266.79	-6.124
267.16	-5.784
267.54	-5.778
267.91	-5.485
268.29	-5.172
268.66	-4.835
269.03	-4.743
269.41	-4.894
269.78	-4.306
270.16	-4.269
270.53	-4.263
270.9	-4.138
271.28	-4.19
271.65	-3.893
272.03	-3.626
272.4	-3.387
272.77	-3.568
273.15	-3.71
273.52	-3.979
273.89	-4.049
274.27	-3.792
274.64	-3.772
275.01	-4.073
275.39	-3.795
275.76	-3.76
276.14	-3.575
276.51	-3.606
276.88	-3.604
277.26	-3.699
277.63	-3.447
278	-3.354
278.38	-3.75
278.75	-3.683
279.12	-3.581
279.49	-3.494
279.87	-3.506
280.24	-3.89
280.61	-3.973
280.99	-3.727
281.36	-3.167
281.73	-3.031
282.11	-3.056
282.48	-2.767
282.85	-3.08
283.22	-3.115
283.6	-3.259
283.97	-3.105
284.34	-3.04
284.71	-3.034
285.09	-2.882
285.46	-3.069
285.83	-3.148
286.21	-3.123
286.58	-3.267
286.95	-3.013
287.32	-2.875
287.7	-2.736
288.07	-2.899
288.44	-2.689
288.81	-2.74
289.18	-2.772
289.56	-2.634
289.93	-2.404
290.3	-2.222
290.67	-1.812
291.05	-1.701
291.42	-1.469
291.79	-1.339
292.16	-1.121
292.53	-1.137
292.91	-0.676
293.28	-0.636
293.65	-0.628
294.02	-0.538
294.39	-0.538
294.76	-0.405
295.14	-0.057
295.51	-0.067
295.88	-0.111
296.25	0.007
296.62	0.245
297	0.204
297.37	0.373
297.74	0.347
298.11	0.224
298.48	0.092
298.85	-0.106
299.22	-0.483
299.6	-0.384
299.97	-0.461
300.34	-0.529
300.71	-0.807
301.08	-1.129
301.45	-1.272
301.82	-1.263
302.19	-1.19
302.56	-1.177
302.94	-1.265
303.31	-1.12
303.68	-1.386
304.05	-1.244
304.42	-1.516
304.79	-1.285
305.16	-1.134
305.53	-1.308
305.9	-1.31
306.27	-1.252
306.64	-1.193
307.02	-1.331
307.39	-1.216
307.76	-0.954
308.13	-0.829
308.5	-0.575
308.87	-0.626
309.24	-0.498
309.61	-0.231
309.98	-0.151
310.35	0.096
310.72	0.414
311.09	0.59
311.46	0.744
311.83	0.659
312.2	0.743
312.57	0.717
312.94	0.991
313.31	1.072
313.68	0.916
314.05	0.85
314.42	0.559
314.79	0.359
315.16	0.508
315.53	0.102
315.9	0
316.27	-0.197
316.64	-0.172
317.01	-0.369
317.38	-0.587
317.75	-0.639
318.12	-0.558
318.49	-0.525
318.86	-0.585
319.23	-0.586
319.6	-0.453
319.97	-0.216
320.34	-0.456
320.71	-0.54
321.08	-0.65
321.45	-0.451
321.82	-0.42
322.19	-0.631
322.55	-0.399
322.92	-0.31
323.29	-0.302
323.66	-0.042
324.03	-0.153
324.4	0.302
324.77	0.198
325.14	0.245
325.51	0.17
325.88	0.154
326.25	0.231
326.61	-0.061
326.98	-0.286
327.35	-0.328
327.72	-0.681
328.09	-0.734
328.46	-1.085
328.83	-0.863
329.2	-0.957
329.56	-1.112
329.93	-1.226
330.3	-0.915
330.67	-0.617
331.04	-0.452
331.41	-0.372
331.78	-0.112
332.14	0.119
332.51	0.246
332.88	0.387
333.25	0.539
333.62	0.596
333.99	0.667
334.35	0.488
334.72	0.389
335.09	0.335
335.46	0.289
335.83	0.441
336.19	0.383
336.56	0.396
336.93	0.295
337.3	0.294
337.67	0.313
338.03	0.487
338.4	0.442
338.77	0.381
339.14	0.43
339.5	0.206
339.87	-0.221
340.24	-0.301
340.61	-0.305
340.97	-0.32
341.34	-0.464
341.71	-0.523
342.08	-0.43
342.44	-0.306
342.81	-0.199
343.18	-0.064
343.55	0.297
343.91	0.669
344.28	0.699
344.65	0.648
345.02	0.485
345.38	0.503
345.75	0.626
346.12	0.387
346.48	0.24
346.85	0.201
347.22	0.228
347.59	0.099
347.95	-0.279
348.32	-0.43
348.69	-0.428
349.05	-0.276
349.42	-0.288
349.79	-0.231
350.15	-0.118
350.52	-0.082
350.89	-0.052
351.25	-0.291
351.62	-0.45
351.99	-0.25
352.35	-0.106
352.72	-0.057
353.09	-0.14
353.45	-0.203
353.82	-0.181
354.18	-0.14
354.55	-0.037
354.92	-0.19
355.28	0.038
355.65	0.18
356.02	0.208
356.38	0.254
356.75	0.294
357.11	0.23
357.48	0.271
357.85	0.274
358.21	0.201
358.58	0.132
358.94	0.239
359.31	0.15
359.67	0.201
360.04	0.116
360.41	0.148
360.77	0.12
361.14	0.073
361.5	0.012
361.87	-0.04
362.23	-0.172
362.6	-0.203
362.97	-0.215
363.33	-0.263
363.7	-0.52
364.06	-0.52
364.43	-0.715
364.79	-0.706
365.16	-0.591
365.52	-0.53
365.89	-0.542
366.25	-0.461
366.62	-0.506
366.98	-0.674
367.35	-0.654
367.71	-0.527
368.08	-0.549
368.44	-0.462
368.81	-0.733
369.17	-0.724
369.54	-0.758
369.9	-0.821
370.27	-0.716
370.63	-0.515
371	-0.434
371.36	-0.521
371.73	-0.451
372.09	-0.534
372.45	-0.561
372.82	-0.36
373.18	-0.419
373.55	-0.333
373.91	-0.348
374.28	-0.319
374.64	-0.365
375.01	-0.337
375.37	-0.104
375.73	0.019
376.1	0.168
376.46	0.242
376.83	0.225
377.19	0.323
377.55	0.295
377.92	0.432
378.28	0.376
378.65	0.422
379.01	0.505
379.37	0.476
379.74	0.286
380.1	0.224
380.47	0.251
380.83	0.214
381.19	0.018
381.56	0.098
381.92	-0.016
382.28	0.18
382.65	0.127
383.01	0.04
383.37	-0.006
383.74	0.162
384.1	0.294
384.46	0.287
384.83	0.492
385.19	0.697
385.55	0.673
385.92	0.86
386.28	0.825
386.64	0.916
387.01	1.203
387.37	1.173
387.73	1.128
388.1	1.146
388.46	1.205
388.82	1.202
389.18	1.19
389.55	1.291
389.91	1.342
390.27	1.372
390.64	1.466
391	1.443
391.36	1.578
391.72	1.676
392.09	1.761
392.45	1.81
392.81	1.767
393.17	1.913
393.54	2.052
393.9	2.03
394.26	2.033
394.62	2.024
394.99	1.948
395.35	2.066
395.71	2.058
396.07	2.037
396.43	2.074
396.8	2.178
397.16	2.204
397.52	2.088
397.88	2.287
398.24	2.415
398.61	2.389
398.97	2.326
399.33	2.271
399.69	2.281
400.05	2.389
400.42	2.379
400.78	2.437
401.14	2.519
401.5	2.561
401.86	2.404
402.22	2.423
402.59	2.349
402.95	2.598
403.31	2.637
403.67	2.53
404.03	2.575
404.39	2.596
404.75	2.576
405.12	2.389
405.48	2.508
405.84	2.542
406.2	2.524
406.56	2.789
406.92	2.802
407.28	2.744
407.64	2.981
408	2.88
408.36	2.98
408.73	3.097
409.09	3.29
409.45	3.292
409.81	3.362
410.17	3.503
410.53	3.441
410.89	3.393
411.25	3.575
411.61	3.6
411.97	3.651
412.33	3.603
412.69	3.617
413.05	3.74
413.41	3.762
413.77	3.78
414.13	3.768
414.5	3.834
414.86	3.818
415.22	3.896
415.58	3.893
415.94	4.092
416.3	4.22
416.66	4.389
417.02	4.367
417.38	4.507
417.74	4.622
418.1	4.742
418.46	4.911
418.82	5.156
419.18	5.27
419.54	5.376
419.9	5.402
420.26	5.474
420.61	5.489
420.97	5.624
421.33	5.708
421.69	5.748
422.05	5.799
422.41	5.779
422.77	5.797
423.13	5.828
423.49	5.887
423.85	5.936
424.21	6.016
424.57	6.043
424.93	5.998
425.29	5.945
425.65	6.009
426.01	6.024
426.36	6.052
426.72	5.969
427.08	5.944
427.44	6.026
427.8	6.043
428.16	6.011
428.52	6.066
428.88	6.103
429.24	6.174
429.59	6.174
429.95	6.102
430.31	6.124
430.67	6.209
431.03	6.193
431.39	6.092
431.75	6.151
432.1	6.226
432.46	6.248
432.82	6.382
433.18	6.444
433.54	6.566
433.9	6.69
434.25	6.739
434.61	6.789
434.97	6.878
435.33	7.044
435.69	7.117
436.04	7.104
436.4	7.204
436.76	7.22
437.12	7.314
437.48	7.312
437.83	7.497
438.19	7.549
438.55	7.665
438.91	7.792
439.27	7.881
439.62	7.95
439.98	8.033
440.34	8.086
440.7	8.19
441.05	8.178
441.41	8.311
441.77	8.374
442.13	8.527
442.48	8.587
442.84	8.701
443.2	8.705
443.56	8.819
443.91	8.965
444.27	9.045
444.63	9.078
444.98	9.215
445.34	9.228
445.7	9.242
446.05	9.347
446.41	9.446
446.77	9.564
447.13	9.703
447.48	9.732
447.84	9.803
448.2	9.935
448.55	9.98
448.91	10.062
449.27	10.165
449.62	10.245
449.98	10.287
450.34	10.453
450.69	10.443
451.05	10.616
451.4	10.773
451.76	10.889
452.12	11.047
452.47	11.225
452.83	11.32
453.19	11.482
453.54	11.604
453.9	11.732
454.25	11.849
454.61	11.951
454.97	11.997
455.32	12.106
455.68	12.228
456.03	12.109
456.39	12.255
456.75	12.471
457.1	12.639
457.46	12.752
457.81	12.878
458.17	12.992
458.52	13.161
458.88	13.234
459.24	13.377
459.59	13.438
459.95	13.711
460.3	13.761
460.66	13.761
461.01	13.773
461.37	13.872
461.72	13.96
462.08	13.885
462.43	13.973
462.79	14.048
463.14	14.043
463.5	14.136
463.85	14.144
464.21	14.185
464.56	14.256
464.92	14.456
465.27	14.613
465.63	14.695
465.98	14.877
466.34	14.996
466.69	15.091
467.05	15.168
467.4	15.297
467.76	15.349
468.11	15.549
468.47	15.678
468.82	15.69
469.18	15.68
469.53	15.738
469.88	15.88
470.24	15.892
470.59	16.017
470.95	16.171
471.3	16.252
471.66	16.365
472.01	16.395
472.36	16.508
472.72	16.674
473.07	16.816
473.43	16.919
473.78	16.983
474.13	17.031
474.49	17.077
474.84	17.211
475.19	17.303
475.55	17.346
475.9	17.475
476.26	17.55
476.61	17.549
476.96	17.583
477.32	17.763
477.67	17.93
478.02	18.101
478.38	18.129
478.73	18.133
479.08	18.305
479.44	18.41
479.79	18.486
480.14	18.609
480.5	18.732
480.85	18.871
481.2	18.795
481.56	18.903
481.91	19.031
482.26	19.094
482.62	19.147
482.97	19.21
483.32	19.272
483.67	19.34
484.03	19.392
484.38	19.44
484.73	19.479
485.08	19.599
485.44	19.619
485.79	19.663
486.14	19.825
486.49	19.912
486.85	19.955
487.2	20.006
487.55	20.059
487.9	20.091
488.26	20.097
488.61	20.173
488.96	20.146
489.31	20.193
489.67	20.207
490.02	20.201
490.37	20.245
490.72	20.22
491.07	20.314
491.43	20.324
491.78	20.294
492.13	20.352
492.48	20.328
492.83	20.399
493.19	20.394
493.54	20.39
493.89	20.382
494.24	20.43
494.59	20.563
494.94	20.479
495.29	20.464
495.65	20.615
496	20.594
496.35	20.609
496.7	20.63
497.05	20.724
497.4	20.808
497.75	20.831
498.11	20.907
498.46	20.889
498.81	20.983
499.16	21.03
499.51	20.999
499.86	21.109
500.21	21.186
500.56	21.294
500.91	21.36
501.26	21.351
501.62	21.456
501.97	21.35
502.32	21.362
502.67	21.445
503.02	21.509
503.37	21.506
503.72	21.502
504.07	21.57
504.42	21.57
504.77	21.588
505.12	21.695
505.47	21.722
505.82	21.802
506.17	21.846
506.52	21.805
506.87	21.881
507.22	22.05
507.57	22.164
507.92	22.175
508.27	22.256
508.62	22.315
508.97	22.406
509.32	22.414
509.67	22.535
510.02	22.686
510.37	22.844
510.72	22.892
511.07	22.99
511.42	23.025
511.77	23.16
512.12	23.239
512.47	23.263
512.82	23.284
513.17	23.404
513.52	23.509
513.87	23.58
514.22	23.66
514.57	23.716
514.91	23.792
515.26	23.907
515.61	23.954
515.96	24.036
516.31	24.152
516.66	24.248
517.01	24.407
517.36	24.529
517.71	24.663
518.06	24.727
518.41	24.869
518.75	24.91
519.1	24.974
519.45	25.124
519.8	25.323
520.15	25.438
520.5	25.584
520.85	25.696
521.19	25.797
521.54	25.932
521.89	26.057
522.24	26.209
522.59	26.324
522.94	26.456
523.28	26.608
523.63	26.701
523.98	26.915
524.33	27.154
524.68	27.312
525.03	27.494
525.37	27.538
525.72	27.753
526.07	27.944
526.42	28.221
526.76	28.439
527.11	28.584
527.46	28.809
527.81	29.021
528.16	29.151
528.5	29.304
528.85	29.455
529.2	29.674
529.55	29.778
529.89	29.953
530.24	30.095
530.59	30.327
530.94	30.524
531.28	30.652
531.63	30.871
531.98	31.05
532.32	31.231
532.67	31.413
533.02	31.65
533.37	31.901
533.71	32.076
534.06	32.296
534.41	32.444
534.75	32.641
535.1	32.849
535.45	33.091
535.79	33.395
536.14	33.665
536.49	33.922
536.83	34.13
537.18	34.314
537.53	34.413
537.87	34.536
538.22	34.772
538.57	35.085
538.91	35.382
539.26	35.543
539.61	35.825
539.95	35.998
540.3	36.296
540.64	36.449
540.99	36.716
541.34	37.043
541.68	37.28
542.03	37.473
542.37	37.643
542.72	37.858
543.07	38.049
543.41	38.213
543.76	38.517
544.1	38.666
544.45	38.942
544.8	39.072
545.14	39.218
545.49	39.399
545.83	39.611
546.18	39.859
546.52	40.074
546.87	40.226
547.21	40.467
547.56	40.653
547.9	40.849
548.25	40.97
548.59	41.15
548.94	41.359
549.29	41.588
549.63	41.692
549.98	41.872
550.32	41.923
550.67	42.26
551.01	42.48
551.35	42.605
551.7	42.71
552.04	42.972
552.39	43.233
552.73	43.441
553.08	43.657
553.42	43.84
553.77	44.008
554.11	44.284
554.46	44.409
554.8	44.588
555.15	44.828
555.49	45.082
555.83	45.208
556.18	45.322
556.52	45.488
556.87	45.604
557.21	45.803
557.56	45.987
557.9	46.262
558.24	46.342
558.59	46.461
558.93	46.812
559.28	46.986
559.62	47.142
559.96	47.306
560.31	47.409
560.65	47.496
560.99	47.673
561.34	47.731
561.68	47.859
562.02	48.081
562.37	48.164
562.71	48.253
563.06	48.518
563.4	48.67
563.74	48.993
564.09	49.185
564.43	49.557
564.77	49.793
565.11	50.082
565.46	50.155
565.8	50.425
566.14	50.606
566.49	50.68
566.83	50.852
567.17	51.074
567.52	51.067
567.86	51.231
568.2	51.184
568.54	51.274
568.89	51.262
569.23	51.381
569.57	51.393
569.91	51.38
570.26	51.528
570.6	51.458
570.94	51.523
571.28	51.582
571.63	51.663
571.97	51.862
572.31	52.057
572.65	52.254
573	52.434
573.34	52.515
573.68	52.86
574.02	52.878
574.36	52.96
574.71	52.958
575.05	53.134
575.39	53.208
575.73	53.272
576.07	53.188
576.42	53.217
576.76	53.226
577.1	53.28
577.44	53.231
577.78	53.35
578.12	53.345
578.46	53.56
578.81	53.62
579.15	53.601
579.49	53.64
579.83	53.799
580.17	53.826
580.51	53.96
580.85	54.079
581.2	54.106
581.54	54.177
581.88	54.455
582.22	54.507
582.56	54.684
582.9	54.875
583.24	54.941
583.58	55.046
583.92	55.083
584.26	55.111
584.6	55.386
584.95	55.44
585.29	55.462
585.63	55.442
585.97	55.541
586.31	55.61
586.65	55.788
586.99	55.811
587.33	55.864
587.67	56.133
588.01	56.218
588.35	56.124
588.69	56.301
589.03	56.295
589.37	56.558
589.71	56.653
590.05	56.546
590.39	56.416
590.73	56.544
591.07	56.673
591.41	56.893
591.75	57
592.09	57.181
592.43	57.158
592.77	57.507
593.11	57.551
593.45	57.508
593.79	57.676
594.13	57.7
594.47	57.79
594.81	57.925
595.14	57.802
595.48	57.824
595.82	57.881
596.16	58.116
596.5	58.046
596.84	58.103
597.18	58.387
597.52	58.42
597.86	58.666
598.2	58.712
598.54	58.604
598.87	58.637
599.21	58.766
599.55	58.828
599.89	58.777
600.23	58.95
600.57	58.839
600.91	58.71
601.25	58.941
601.58	59.083
601.92	59.24
602.26	59.4
602.6	59.605
602.94	59.756
603.28	59.76
603.61	59.822
603.95	59.82
604.29	59.86
604.63	59.875
604.97	59.884
605.3	59.846
605.64	59.742
605.98	59.781
606.32	59.661
606.66	59.618
606.99	59.714
607.33	59.845
607.67	59.978
608.01	60.206
608.34	60.445
608.68	60.345
609.02	60.374
609.36	60.526
609.69	60.619
610.03	60.819
610.37	60.857
610.71	60.994
611.04	60.986
611.38	60.987
611.72	61.057
612.06	60.913
612.39	61.171
612.73	61.184
613.07	61.443
613.4	61.237
613.74	61.261
614.08	61.254
614.41	61.271
614.75	61.16
615.09	61.228
615.42	61.165
615.76	61.401
616.1	61.203
616.43	61.264
616.77	61.056
617.11	61.215
617.44	61.17
617.78	61.238
618.12	61.066
618.45	61.373
618.79	61.291
619.13	61.365
619.46	61.209
619.8	61.45
620.13	61.562
620.47	61.6
620.81	61.589
621.14	61.506
621.48	61.471
621.81	61.545
622.15	61.368
622.48	61.342
622.82	61.442
623.16	61.481
623.49	61.487
623.83	61.352
624.16	61.301
624.5	61.279
624.83	61.256
625.17	61.258
625.5	61.265
625.84	61.29
626.18	61.381
626.51	61.066
626.85	60.916
627.18	60.641
627.52	60.542
627.85	60.462
628.19	60.492
628.52	60.629
628.86	60.609
629.19	60.559
629.53	60.474
629.86	60.405
630.19	60.401
630.53	60.464
630.86	60.568
631.2	60.815
631.53	60.965
631.87	60.993
632.2	60.941
632.54	61.083
632.87	61.231
633.2	61.355
633.54	61.39
633.87	61.632
634.21	61.563
634.54	61.685
634.88	61.441
635.21	61.332
635.54	61.377
635.88	61.289
636.21	60.98
636.55	60.774
636.88	60.904
637.21	60.69
637.55	60.565
637.88	60.697
638.21	60.607
638.55	60.726
638.88	60.637
639.21	60.604
639.55	60.57
639.88	60.864
640.21	61.064
640.55	60.804
640.88	60.77
641.21	60.756
641.55	60.539
641.88	60.49
642.21	60.406
642.55	60.624
642.88	60.562
643.21	60.482
643.55	60.07
643.88	60.174
644.21	60.113
644.54	60.346
644.88	60.436
645.21	60.707
645.54	60.642
645.87	60.622
646.21	60.543
646.54	60.564
646.87	60.683
647.2	60.849
647.54	60.725
647.87	60.627
648.2	60.434
648.53	60.321
648.87	60.308
649.2	60.26
649.53	60.359
649.86	60.495
650.19	60.342
650.53	60.285
650.86	60.428
651.19	60.416
651.52	60.586
651.85	60.545
652.18	60.816
652.52	60.774
652.85	60.96
653.18	61.014
653.51	60.729
653.84	60.982
654.17	61.215
654.51	61.172
654.84	60.786
655.17	60.538
655.5	60.676
655.83	60.312
656.16	60.183
656.49	60.003
656.82	59.987
657.15	60.446
657.49	60.23
657.82	59.957
658.15	60.06
658.48	60.157
658.81	60.036
659.14	59.983
659.47	59.992
659.8	59.995
660.13	60.166
660.46	59.787
660.79	59.49
661.12	59.499
661.45	59.398
661.78	59.215
662.11	59.195
662.44	59.52
662.77	59.601
663.1	59.547
663.43	59.276
663.76	59.123
664.09	59.364
664.42	59.263
664.75	59.21
665.08	59.112
665.41	58.781
665.74	59.047
666.07	58.792
666.4	58.588
666.73	58.804
667.06	58.849
667.39	58.987
667.72	59.107
668.05	58.933
668.38	58.994
668.71	59.146
669.04	59.436
669.37	59.428
669.7	59.556
670.03	59.507
670.36	59.148
670.69	59.296
671.01	58.942
671.34	58.512
671.67	58.442
672	57.906
672.33	57.717
672.66	57.383
672.99	57.1
673.32	57.081
673.64	56.9
673.97	56.928
674.3	56.418
674.63	56.403
674.96	56.62
675.29	56.74
675.62	56.956
675.94	57.174
676.27	57.13
676.6	56.777
676.93	56.553
677.26	56.531
677.58	56.467
677.91	56.708
678.24	56.756
678.57	56.664
678.9	56.427
679.22	56.356
679.55	56.455
679.88	56.558
680.21	56.597
680.54	56.51
680.86	56.577
681.19	56.624
681.52	56.806
681.85	56.573
682.17	56.319
682.5	56.512
682.83	56.544
683.16	56.074
683.48	55.904
683.81	55.844
684.14	55.712
684.46	55.594
684.79	55.37
685.12	55.006
685.45	54.855
685.77	54.604
686.1	54.259
686.43	53.894
686.75	53.881
687.08	53.547
687.41	53.147
687.73	52.926
688.06	52.632
688.39	52.295
688.71	52.125
689.04	51.849
689.36	52.008
689.69	51.645
690.02	51.212
690.34	50.731
690.67	50.899
691	51.115
691.32	51.002
691.65	50.341
691.97	50.441
692.3	50.313
692.63	50.398
692.95	50.059
693.28	50.301
693.6	50.746
693.93	51.146
694.26	51.149
694.58	50.831
694.91	50.767
695.23	51.086
695.56	50.721
695.88	50.846
696.21	50.538
696.53	50.833
696.86	50.741
697.18	50.747
697.51	50.327
697.83	50.194
698.16	50.239
698.48	50.122
698.81	50.347
699.13	50.295
699.46	49.833
699.78	49.821
700.11	49.31
700.43	49.131
700.76	48.577
701.08	48.199
701.41	47.662
701.73	47.434
702.06	47.106
702.38	46.517
702.71	46.596
703.03	46.323
703.35	46.244
703.68	45.927
704	45.627
704.33	45.548
704.65	45.488
704.98	45.329
705.3	45.045
705.62	45.026
705.95	45.122
706.27	44.472
706.6	44.82
706.92	44.423
707.24	44.297
707.57	43.923
707.89	43.962
708.21	43.704
708.54	43.915
708.86	43.732
709.18	43.67
709.51	43.438
709.83	43.012
710.15	42.701
710.48	42.647
710.8	42.474
711.12	42.252
711.45	42.031
711.77	41.829
712.09	41.232
712.42	40.839
712.74	40.177
713.06	39.984
713.38	40.394
713.71	40.004
714.03	39.897
714.35	39.931
714.68	39.618
715	39.008
715.32	38.497
715.64	38.281
715.97	37.695
716.29	37.607
716.61	37.174
716.93	36.799
717.25	36.468
717.58	36.347
717.9	35.72
718.22	35.732
718.54	36.049
718.87	36.193
719.19	36.279
719.51	35.7
719.83	35.636
720.15	35.106
720.47	33.834
720.8	33.798
721.12	33.313
721.44	32.464
721.76	32.093
722.08	31.188
722.4	30.393
722.73	29.477
723.05	29.533
723.37	29.148
723.69	28.495
724.01	28.734
724.33	28.538
724.65	27.622
724.97	27.706
725.3	27.236
725.62	27.318
725.94	27.711
726.26	27.804
726.58	27.711
726.9	27.727
727.22	28.025
727.54	27.731
727.86	27.668
728.18	27.929
728.5	27.482
728.82	27.237
729.14	26.81
729.46	27.019
729.78	26.665
730.1	26.769
730.42	26.998
730.74	27.187
731.07	27.711
731.39	27.234
731.71	26.965
732.03	27.467
732.35	27.661
732.66	27.597
732.98	27.213
733.3	27.421
733.62	27.356
733.94	26.337
734.26	26.064
734.58	25.708
734.9	25.462
735.22	24.606
735.54	23.849
735.86	23.775
736.18	23.156
736.5	22.257
736.82	22.05
737.14	21.888
737.46	21.379
737.78	20.765
738.1	20.363
738.41	20.072
738.73	20.629
739.05	20.939
739.37	20.46
739.69	20.219
740.01	20.867
740.33	20.084
740.65	19.904
740.96	19.85
741.28	20.04
741.6	19.956
741.92	18.724
742.24	19.114
742.56	19.264
742.88	19.797
743.19	20.482
743.51	19.992
743.83	19.448
744.15	18.799
744.47	18.972
744.78	18.3
745.1	16.999
745.42	17.818
745.74	16.662
746.06	15.094
746.37	12.448
746.69	12.381
747.01	10.927
747.33	11.612
747.64	10.96
747.96	10.805
748.28	11.321
748.6	10.815
748.91	10.419
749.23	10.345
749.55	11.235
749.87	12.653
750.18	12.608
750.5	12.67
750.82	11.41
751.13	12.504
751.45	12.225
751.77	12.622
752.08	14.021
752.4	14.67
752.72	14.208
753.03	12.73
753.35	11.246
753.67	10.738
753.98	11.51
754.3	11.799
754.62	10.384
754.93	10.686
755.25	8.63
755.57	7.928
755.88	7.219
756.2	5.994
756.51	6.238
756.83	6.717
757.15	5.442
757.46	4.638
757.78	4.432
758.09	5.338
758.41	5.598
758.73	5.93
759.04	5.291
759.36	4.865
759.67	5.277
759.99	5.675
760.3	5.829
760.62	5.922
760.94	5.938
761.25	6.21
761.57	6.966
761.88	6.243
762.2	6.595
762.51	7.448
762.83	7.091
763.14	7.829
763.46	9.55
763.77	10.282
764.09	11.202
764.4	12.36
764.72	11.799
765.03	10.198
765.35	9.994
765.66	10.046
765.98	9.055
766.29	9.078
766.61	9.405
766.92	6.808
767.23	5.167
767.55	3.981
767.86	2.853
768.18	3.185
768.49	1.31
768.81	-0.236
769.12	-1.776
769.43	-1.027
769.75	-1.419
770.06	-2.662
770.38	-1.683
770.69	-2.984
771	-3.488
771.32	-5.069
771.63	-6.029
771.94	-5.384
772.26	-4.007
772.57	-3.065
772.89	-3.057
773.2	-5.585
773.51	-6.589
773.83	-7.541
774.14	-6.366
774.45	-8.015
774.77	-7.795
775.08	-10.347
775.39	-9.011
775.7	-10.243
776.02	-11.883
776.33	-14.493
776.64	-12.02
776.96	-13.381
777.27	-14.946
777.58	-13.545
777.89	-14.275
778.21	-16.129
778.52	-13.756
778.83	-14.823
779.14	-13.023
779.46	-13.296
779.77	-12.563
780.08	-14.275
780.39	-14.972
780.71	-16.384
781.02	-18.116
781.33	-17.218
781.64	-16.612
781.95	-14.782
782.27	-13.072
782.58	-16.157
782.89	-17.106
783.2	-17.635
783.51	-16.706
783.83	-16.072
784.14	-16.827
784.45	-17.509
784.76	-17.295
785.07	-18.365
785.38	-21.833
785.7	-20.421
786.01	-18.79
786.32	-17.6
786.63	-17.688
786.94	-16.202
787.25	-17.031
787.56	-12.628
787.87	-14.294
788.18	-14.071
788.5	-12.309
788.81	-12.477
789.12	-13.323
789.43	-16.116
789.74	-15.981
790.05	-14.56
790.36	-16.23
790.67	-16.671
790.98	-22.18
791.29	-22.279
791.6	-27.012
791.91	-29.901
792.22	-26.348
792.53	-28.505
792.84	-27.888
793.15	-29.339
793.46	-31.511
793.77	-30.639
794.08	-26.874
794.39	-22.226
794.7	-22.282
795.01	-19.895
795.32	-22.065
795.63	-26.782
795.94	-27.996
796.25	-27.299
796.56	-27.257
796.87	-27.923
797.18	-33.22
797.49	-35.64
797.8	-39.497
798.11	-39.06
798.42	-38.006
798.73	-40.519
799.04	-40.362
799.35	-42.767
799.65	-42.983
799.96	-42.226
800.27	-43.472
800.58	-37.408
800.89	-40.39
801.2	-41.447
801.51	-39.804
801.82	-40.747
802.13	-36.141
802.43	-37.931
802.74	-35.774
803.05	-38.099
803.36	-38.417
803.67	-37.861
803.98	-38.716
804.28	-36.386
804.59	-31.423
804.9	-34.09
805.21	-31.992
805.52	-30.844
805.83	-28.181
806.13	-31.021
806.44	-30.597
806.75	-30.269
807.06	-28.014
807.36	-26.111
807.67	-26.514
807.98	-29.157
808.29	-31.086
808.6	-32.993
808.9	-35.696
809.21	-37.892
809.52	-40.159
809.83	-42.309
810.13	-48.187
810.44	-52.718
810.75	-55.326
811.05	-57.964
811.36	-54.051
811.67	-54.22
811.98	-60.335
812.28	-59.272
812.59	-61.125
812.9	-54.424
813.2	-54.833
813.51	-51.412
813.82	-53.447
814.12	-57.023
814.43	-58.398
814.74	-69.748
815.04	-65.485
815.35	-63.153
815.65	-60.553
815.96	-59.277
816.27	-64.852
816.57	-64.391
816.88	-65.19
817.19	-64.728
817.49	-68.708
817.8	-65.854
818.1	-59.856
818.41	-59.461
818.72	-55.595
819.02	-56.518
819.33	-50.353
819.63	-42.982
819.94	-39.781
820.24	-32.243
820.55	-26.2
820.85	-15.65
821.16	-9.76
821.47	-4.68
821.77	-1.416
822.08	1.241
822.38	1.806
822.69	2.082
822.99	1.575
823.3	2.362
823.6	2.112
823.91	2.189
824.21	1.382
824.52	0.758
824.82	-1.629
825.13	-2.639
825.43	-5.543
825.73	-7.17
826.04	-7.445
826.34	-8.077
826.65	-8.806
826.95	-10.163
827.26	-11.246
827.56	-11.258
827.87	-12.812
828.17	-12.543
828.47	-16.373
828.78	-19.279
829.08	-20.03
829.39	-21.675
829.69	-23.668
829.99	-28.796
830.3	-35.353
830.6	-40.257
830.9	-43.323
831.21	-47.778
831.51	-53.438
831.82	-54.349
832.12	-54.286
832.42	-53.298
832.73	-50.899
833.03	-51.195
833.33	-48.96
833.64	-44.767
833.94	-42.878
834.24	-47.249
834.54	-43.198
834.85	-42.575
835.15	-42.057
835.45	-41.307
835.76	-44.881
836.06	-51.904
836.36	-53.371
836.66	-56.729
836.97	-59.72
837.27	-73.608
837.57	-73.459
837.87	-81.813
838.18	-86.297
838.48	-92.322
838.78	-95.95
839.08	-82.719
839.39	-81.486
839.69	-91.176
839.99	-90.272
840.29	-92.055
840.59	-82.468
840.9	-77.994
841.2	-81.806
841.5	-82.93
841.8	-92.943
842.1	-98.308
842.41	-108.699
842.71	-112.351
843.01	-111.951
843.31	-120.396
843.61	-128.863
843.91	-139.776
844.21	-177.816
844.52	-202.25
844.82	-230.282
845.12	-226.542
845.42	-212.195
845.72	-253.363
846.02	-260.507
846.32	-247.858
846.62	-256.604
846.92	-265.282
847.22	-258.891
847.52	-212.552
847.83	-197.071
848.13	-178.87
848.43	-168.757
848.73	-190.024
849.03	-185.732
849.33	-188.348
849.63	-177.95
849.93	-171.019
850.23	-146.509
850.53	-139.51
850.83	-139.096
851.13	-142.043
851.43	-140.253
851.73	-136.827
852.03	-137.218
852.33	-128.654
852.63	-139.261
852.93	-140.737
853.23	-138.786
853.53	-158.42
853.83	-157.091
854.13	-181.729
854.43	-170.065
854.73	-182.328
855.03	-204.785
855.32	-200.156
855.62	-186.765
855.92	-184.148
856.22	-204.732
856.52	-207.063
856.82	-229.47
857.12	-227.677
857.42	-218.838
857.72	-222.772
858.02	-214.174
858.31	-212.601
858.61	-242.336
858.91	-302.947
859.21	-305.144
859.51	-307.025
859.81	-314.565
860.11	-305.31
860.4	-287.742
860.7	-315.982
861	-369.643
861.3	-445.429
861.6	-445.43
861.9	-366.667
862.19	-324.752
862.49	-302.627
862.79	-304.097
863.09	-313.436
863.39	-251.774
863.68	-268.586
863.98	-279.861
864.28	-229.161
864.58	-189.824
864.87	-147.619
865.17	-136.787
865.47	-127.955
865.77	-130.334
866.06	-113.825
866.36	-118.335
866.66	-155.27
866.96	-176.316
867.25	-181.731
867.55	-183.048
867.85	-276.686
868.14	-341.203
868.44	-465.625
868.74	-498.052
869.03	-537.05
869.33	-715.094
869.63	-1093.056
869.92	-768.02
870.22	-755.051
870.52	-630.992
870.81	-778.818
871.11	-411.924
871.41	-458.967
871.7	-388.705
872	-434.218
872.3	-395.491
872.59	-391.71
872.89	-356.295
873.18	-336.697
873.48	-345.39
873.78	-352.632
874.07	-356.938
874.37	-382.984
874.66	-418.414
874.96	-448.148
875.25	-362.093
875.55	-364.531
875.85	-377.726
876.14	-319.145
876.44	-324.236
876.73	-327.778
877.03	-324.635
877.32	-307.327
877.62	-313.265
877.91	-268.841
878.21	-232.765
878.5	-273.879
878.8	-250.749
879.09	-208.867
879.39	-230.973
879.68	-244.485
879.98	-216.317
880.27	-203.715
880.57	-191.632
880.86	-163.554
881.16	-144.477
881.45	-114.984
881.74	-99.608
882.04	-83.024
882.33	-83.994
882.63	-73.564
882.92	-65.663
883.22	-65.844
883.51	-68.148
883.8	-67.715
884.1	-64.542
884.39	-67.386
884.69	-77.632
884.98	-80.14
885.27	-94.045
885.57	-100.622
885.86	-122.798
886.15	-136.091
886.45	-144.661
886.74	-136.1
887.03	-135.518
887.33	-168.987
887.62	-175.127
887.91	-261.224
888.21	-251.02
888.5	-140.58
888.79	-809.524
889.09	-160.274
