190.56	-20.513
190.94	-20.513
191.32	-20.513
191.7	-40.909
192.08	-1166.667
192.46	-60.307
192.84	-68.664
193.22	-70.824
193.6	-120.235
193.98	-170.968
194.36	-164.504
194.74	-236.957
195.13	-381.197
195.51	-1053.191
195.89	-1532.258
196.27	-5400
196.65	1162.857
197.03	3425
197.4	595.946
197.78	0
198.16	-1284
198.54	-624.074
198.92	-249.66
199.3	-176.471
199.68	-126.84
200.06	-154.974
200.44	-140.376
200.82	-254.286
201.2	-232.414
201.58	-136.402
201.96	-138.342
202.34	-133.772
202.72	-93.162
203.1	-103.653
203.48	-74.653
203.86	-146.552
204.24	-80.97
204.62	-141.063
205	-129.114
205.38	-171.362
205.76	-194.536
206.13	-177.193
206.51	-331.496
206.89	-701.449
207.27	-1085.714
207.65	-2190.476
208.03	-1275
208.41	2290.909
208.79	-1866.667
209.17	-646.753
209.55	-630.435
209.93	-286.928
210.3	-216.667
210.68	-123.906
211.06	-93.333
211.44	-92.952
211.82	-98.627
212.2	-84.631
212.58	-70.486
212.96	-65.498
213.33	-45.359
213.71	-29.787
214.09	-16.797
214.47	-19.968
214.85	-17.333
215.23	-4.374
215.61	12.418
215.98	8.964
216.36	15.173
216.74	11.011
217.12	7.192
217.5	1.213
217.88	-13.099
218.25	-30.587
218.63	-29.184
219.01	-29.522
219.39	-34.637
219.77	-40.644
220.14	-36.66
220.52	-31.085
220.9	-26.071
221.28	-26.608
221.66	-34.008
222.03	-36.342
222.41	-33.065
222.79	-33.196
223.17	-33.51
223.55	-34.458
223.92	-36.937
224.3	-35.056
224.68	-30.745
225.06	-27.931
225.43	-22.395
225.81	-18.389
226.19	-11.778
226.57	-9.972
226.95	-7.131
227.32	-3.42
227.7	-2.957
228.08	-0.518
228.46	-0.437
228.83	-0.851
229.21	-0.203
229.59	-0.552
229.96	-0.938
230.34	-1.27
230.72	-0.971
231.1	-1.169
231.47	-1.46
231.85	-1.747
232.23	-2.65
232.6	-3.156
232.98	-3.699
233.36	-4.862
233.74	-4.373
234.11	-3.138
234.49	-2.999
234.87	-2.564
235.24	-2.754
235.62	-3.964
236	-2.829
236.37	-2.005
236.75	-2.163
237.13	-2.75
237.5	-2.041
237.88	-1.552
238.26	-2.213
238.63	-3.042
239.01	-3.238
239.39	-2.361
239.76	-1.898
240.14	-1.244
240.52	-1.731
240.89	-1.255
241.27	-1.132
241.65	-1.125
242.02	-1.529
242.4	-1.147
242.77	-0.514
243.15	-0.583
243.53	-0.732
243.9	-0.495
244.28	-0.785
244.66	-0.162
245.03	-0.138
245.41	0.444
245.78	0.601
246.16	1.01
246.54	0.907
246.91	1.112
247.29	1.397
247.66	1.467
248.04	1.554
248.41	1.702
248.79	1.567
249.17	1.611
249.54	1.659
249.92	1.381
250.29	1.192
250.67	1.327
251.04	1.023
251.42	0.624
251.8	0.084
252.17	-0.446
252.55	-0.845
252.92	-0.857
253.3	-0.8
253.67	-1.234
254.05	-0.765
254.42	-1.113
254.8	-1.23
255.17	-1.485
255.55	-1.855
255.92	-0.625
256.3	-0.3
256.67	-0.238
257.05	-0.216
257.42	0.126
257.8	0.359
258.17	0.335
258.55	0.285
258.92	0.325
259.3	0.459
259.67	0.635
260.05	0.536
260.42	0.493
260.8	0.511
261.17	0.527
261.55	0.479
261.92	0.541
262.3	0.446
262.67	0.41
263.05	0.889
263.42	0.55
263.79	0.615
264.17	0.326
264.54	0.364
264.92	0.48
265.29	0.321
265.67	0.045
266.04	-0.383
266.42	-0.095
266.79	0.146
267.16	-0.06
267.54	-0.066
267.91	-0.144
268.29	-0.273
268.66	0.087
269.03	0.243
269.41	0.106
269.78	0.105
270.16	0.256
270.53	0.038
270.9	0.035
271.28	-0.221
271.65	-0.011
272.03	-0.063
272.4	-0.03
272.77	-0.218
273.15	-0.277
273.52	-0.025
273.89	0.147
274.27	0.315
274.64	0.406
275.01	0.276
275.39	0.27
275.76	0.006
276.14	0.184
276.51	0.173
276.88	0.236
277.26	0.208
277.63	0.084
278	0.148
278.38	0.196
278.75	0.186
279.12	0.397
279.49	0.655
279.87	1.08
280.24	1.195
280.61	1.211
280.99	1.231
281.36	1.041
281.73	1.049
282.11	0.989
282.48	0.97
282.85	0.928
283.22	0.708
283.6	0.604
283.97	0.545
284.34	0.474
284.71	0.573
285.09	0.482
285.46	0.78
285.83	0.799
286.21	0.937
286.58	0.922
286.95	1.047
287.32	1.227
287.7	1.392
288.07	1.415
288.44	1.382
288.81	1.316
289.18	1.289
289.56	1.213
289.93	1.378
290.3	1.342
290.67	1.398
291.05	1.469
291.42	1.567
291.79	1.712
292.16	1.84
292.53	2.224
292.91	2.542
293.28	2.909
293.65	3.186
294.02	3.207
294.39	3.437
294.76	3.635
295.14	3.746
295.51	3.92
295.88	3.908
296.25	3.951
296.62	3.872
297	3.967
297.37	4.024
297.74	4.041
298.11	4.098
298.48	4.122
298.85	4.22
299.22	4.137
299.6	4.148
299.97	4.533
300.34	4.677
300.71	4.928
301.08	4.924
301.45	5.048
301.82	5.243
302.19	5.456
302.56	5.448
302.94	5.575
303.31	5.845
303.68	6.114
304.05	5.942
304.42	6.125
304.79	6.078
305.16	6.313
305.53	6.35
305.9	6.379
306.27	6.665
306.64	6.944
307.02	6.983
307.39	6.9
307.76	6.759
308.13	6.783
308.5	6.755
308.87	6.967
309.24	6.898
309.61	6.863
309.98	6.855
310.35	6.842
310.72	7.022
311.09	7.044
311.46	7.32
311.83	7.461
312.2	7.455
312.57	7.473
312.94	7.379
313.31	7.646
313.68	7.798
314.05	7.804
314.42	7.784
314.79	7.659
315.16	7.68
315.53	7.805
315.9	7.781
316.27	8.118
316.64	8.56
317.01	8.663
317.38	8.598
317.75	8.731
318.12	8.835
318.49	8.981
318.86	9.13
319.23	9.196
319.6	9.25
319.97	9.686
320.34	9.702
320.71	9.363
321.08	9.447
321.45	9.813
321.82	9.969
322.19	10.136
322.55	10.377
322.92	10.528
323.29	10.684
323.66	10.827
324.03	10.875
324.4	10.9
324.77	11.16
325.14	11.476
325.51	11.563
325.88	11.745
326.25	12.146
326.61	12.277
326.98	12.497
327.35	12.775
327.72	13.148
328.09	13.319
328.46	13.687
328.83	14.014
329.2	14.248
329.56	14.456
329.93	14.568
330.3	14.72
330.67	14.955
331.04	15.107
331.41	15.421
331.78	15.499
332.14	15.619
332.51	15.755
332.88	15.841
333.25	16.028
333.62	16.091
333.99	16.226
334.35	16.344
334.72	16.549
335.09	16.615
335.46	16.472
335.83	16.399
336.19	16.568
336.56	16.666
336.93	16.689
337.3	16.643
337.67	16.667
338.03	16.659
338.4	16.546
338.77	16.227
339.14	16.342
339.5	16.56
339.87	16.487
340.24	16.399
340.61	16.371
340.97	16.468
341.34	16.308
341.71	16.313
342.08	16.259
342.44	16.23
342.81	16.221
343.18	16.037
343.55	15.649
343.91	15.801
344.28	15.97
344.65	15.649
345.02	15.267
345.38	15.306
345.75	15.302
346.12	15.361
346.48	15.417
346.85	15.539
347.22	15.582
347.59	15.809
347.95	15.647
348.32	15.465
348.69	15.46
349.05	15.724
349.42	15.607
349.79	15.439
350.15	15.173
350.52	14.836
350.89	14.575
351.25	14.484
351.62	14.368
351.99	14.31
352.35	14.092
352.72	14.131
353.09	13.926
353.45	13.855
353.82	13.853
354.18	13.906
354.55	13.937
354.92	13.878
355.28	13.885
355.65	13.814
356.02	13.786
356.38	13.815
356.75	13.813
357.11	13.747
357.48	13.738
357.85	13.668
358.21	13.598
358.58	13.589
358.94	13.543
359.31	13.459
359.67	13.455
360.04	13.375
360.41	13.364
360.77	13.37
361.14	13.508
361.5	13.402
361.87	13.449
362.23	13.422
362.6	13.438
362.97	13.562
363.33	13.579
363.7	13.585
364.06	13.572
364.43	13.563
364.79	13.712
365.16	13.7
365.52	13.897
365.89	13.877
366.25	14.134
366.62	14.108
366.98	14.162
367.35	14.147
367.71	14.186
368.08	14.321
368.44	14.277
368.81	14.168
369.17	14.163
369.54	14.165
369.9	14.185
370.27	14
370.63	14.014
371	13.855
371.36	13.842
371.73	13.872
372.09	14.024
372.45	14.17
372.82	14.171
373.18	14.053
373.55	14.109
373.91	14.203
374.28	14.372
374.64	14.542
375.01	14.648
375.37	14.765
375.73	14.752
376.1	14.702
376.46	14.739
376.83	14.878
377.19	15.062
377.55	15.138
377.92	15.151
378.28	15.128
378.65	15.132
379.01	15.182
379.37	15.329
379.74	15.474
380.1	15.666
380.47	15.744
380.83	15.681
381.19	15.778
381.56	15.963
381.92	16.206
382.28	16.376
382.65	16.522
383.01	16.634
383.37	16.758
383.74	16.938
384.1	16.903
384.46	16.974
384.83	17.059
385.19	17.153
385.55	17.107
385.92	17.052
386.28	17.056
386.64	17.121
387.01	17.246
387.37	17.303
387.73	17.251
388.1	17.337
388.46	17.559
388.82	17.672
389.18	17.689
389.55	17.805
389.91	17.934
390.27	17.954
390.64	17.999
391	18.047
391.36	18.012
391.72	18.136
392.09	18.217
392.45	18.128
392.81	18.149
393.17	18.135
393.54	18.113
393.9	18.275
394.26	18.377
394.62	18.317
394.99	18.369
395.35	18.482
395.71	18.536
396.07	18.599
396.43	18.619
396.8	18.717
397.16	18.892
397.52	18.966
397.88	18.902
398.24	18.902
398.61	18.983
398.97	19.042
399.33	19.02
399.69	19.002
400.05	18.926
400.42	18.966
400.78	18.927
401.14	18.847
401.5	18.906
401.86	18.81
402.22	18.803
402.59	18.852
402.95	18.868
403.31	18.838
403.67	18.823
404.03	18.897
404.39	18.836
404.75	18.853
405.12	18.967
405.48	18.985
405.84	19.039
406.2	19.146
406.56	19.204
406.92	19.23
407.28	19.329
407.64	19.447
408	19.459
408.36	19.591
408.73	19.688
409.09	19.724
409.45	19.677
409.81	19.709
410.17	19.774
410.53	19.673
410.89	19.625
411.25	19.564
411.61	19.496
411.97	19.509
412.33	19.456
412.69	19.423
413.05	19.314
413.41	19.342
413.77	19.284
414.13	19.21
414.5	19.249
414.86	19.297
415.22	19.232
415.58	19.25
415.94	19.203
416.3	19.284
416.66	19.25
417.02	19.306
417.38	19.21
417.74	19.215
418.1	19.244
418.46	19.29
418.82	19.242
419.18	19.327
419.54	19.273
419.9	19.301
420.26	19.238
420.61	19.321
420.97	19.337
421.33	19.39
421.69	19.372
422.05	19.362
422.41	19.332
422.77	19.352
423.13	19.272
423.49	19.253
423.85	19.241
424.21	19.289
424.57	19.229
424.93	19.221
425.29	19.214
425.65	19.293
426.01	19.297
426.36	19.327
426.72	19.312
427.08	19.388
427.44	19.443
427.8	19.47
428.16	19.427
428.52	19.441
428.88	19.405
429.24	19.461
429.59	19.501
429.95	19.5
430.31	19.446
430.67	19.503
431.03	19.507
431.39	19.534
431.75	19.542
432.1	19.59
432.46	19.614
432.82	19.699
433.18	19.649
433.54	19.634
433.9	19.686
434.25	19.837
434.61	19.873
434.97	19.959
435.33	19.991
435.69	20.037
436.04	20.107
436.4	20.141
436.76	20.162
437.12	20.242
437.48	20.193
437.83	20.185
438.19	20.165
438.55	20.291
438.91	20.317
439.27	20.352
439.62	20.432
439.98	20.505
440.34	20.539
440.7	20.575
441.05	20.633
441.41	20.73
441.77	20.804
442.13	20.841
442.48	20.72
442.84	20.834
443.2	20.938
443.56	21.034
443.91	21.021
444.27	21.094
444.63	21.202
444.98	21.206
445.34	21.356
445.7	21.426
446.05	21.533
446.41	21.656
446.77	21.674
447.13	21.719
447.48	21.74
447.84	21.949
448.2	22.064
448.55	22.142
448.91	22.258
449.27	22.311
449.62	22.428
449.98	22.473
450.34	22.617
450.69	22.642
451.05	22.766
451.4	22.747
451.76	22.672
452.12	22.754
452.47	22.753
452.83	22.929
453.19	22.964
453.54	23.011
453.9	23.128
454.25	23.222
454.61	23.375
454.97	23.476
455.32	23.603
455.68	23.72
456.03	23.698
456.39	23.83
456.75	23.858
457.1	23.907
457.46	23.912
457.81	23.89
458.17	23.847
458.52	23.873
458.88	23.747
459.24	23.832
459.59	23.852
459.95	23.881
460.3	23.945
460.66	23.975
461.01	24.005
461.37	24.089
461.72	24.162
462.08	24.212
462.43	24.158
462.79	24.355
463.14	24.331
463.5	24.344
463.85	24.434
464.21	24.305
464.56	24.33
464.92	24.382
465.27	24.394
465.63	24.427
465.98	24.491
466.34	24.642
466.69	24.68
467.05	24.722
467.4	24.789
467.76	24.814
468.11	24.93
468.47	24.914
468.82	24.907
469.18	24.89
469.53	24.896
469.88	24.928
470.24	24.908
470.59	24.897
470.95	24.944
471.3	24.917
471.66	24.969
472.01	24.981
472.36	25.043
472.72	25.097
473.07	25.232
473.43	25.349
473.78	25.329
474.13	25.337
474.49	25.401
474.84	25.425
475.19	25.397
475.55	25.371
475.9	25.398
476.26	25.375
476.61	25.338
476.96	25.358
477.32	25.311
477.67	25.347
478.02	25.395
478.38	25.298
478.73	25.346
479.08	25.382
479.44	25.386
479.79	25.335
480.14	25.309
480.5	25.365
480.85	25.243
481.2	25.216
481.56	25.207
481.91	25.162
482.26	25.183
482.62	25.183
482.97	25.218
483.32	25.236
483.67	25.218
484.03	25.241
484.38	25.168
484.73	25.157
485.08	25.181
485.44	25.133
485.79	25.16
486.14	25.197
486.49	25.215
486.85	25.22
487.2	25.162
487.55	25.17
487.9	25.114
488.26	25.186
488.61	25.222
488.96	25.2
489.31	25.265
489.67	25.257
490.02	25.181
490.37	25.137
490.72	25.135
491.07	25.134
491.43	25.151
491.78	25.21
492.13	25.218
492.48	25.237
492.83	25.264
493.19	25.263
493.54	25.264
493.89	25.359
494.24	25.433
494.59	25.389
494.94	25.451
495.29	25.484
495.65	25.547
496	25.51
496.35	25.545
496.7	25.553
497.05	25.54
497.4	25.563
497.75	25.549
498.11	25.491
498.46	25.547
498.81	25.594
499.16	25.561
499.51	25.444
499.86	25.4
500.21	25.413
500.56	25.376
500.91	25.382
501.26	25.365
501.62	25.225
501.97	25.231
502.32	25.262
502.67	25.283
503.02	25.279
503.37	25.245
503.72	25.324
504.07	25.296
504.42	25.323
504.77	25.344
505.12	25.323
505.47	25.428
505.82	25.368
506.17	25.283
506.52	25.252
506.87	25.268
507.22	25.295
507.57	25.212
507.92	25.153
508.27	25.087
508.62	25.041
508.97	25.054
509.32	25.013
509.67	25.05
510.02	25.012
510.37	24.939
510.72	24.934
511.07	24.933
511.42	25.019
511.77	25.031
512.12	25.062
512.47	25.053
512.82	25.062
513.17	24.991
513.52	24.968
513.87	25.004
514.22	25.063
514.57	25.057
514.91	25.074
515.26	24.963
515.61	24.973
515.96	24.917
516.31	24.882
516.66	24.738
517.01	24.726
517.36	24.609
517.71	24.592
518.06	24.48
518.41	24.392
518.75	24.321
519.1	24.289
519.45	24.182
519.8	24.147
520.15	24.076
520.5	24.083
520.85	24.02
521.19	24.047
521.54	23.973
521.89	23.939
522.24	23.867
522.59	23.865
522.94	23.872
523.28	23.853
523.63	23.778
523.98	23.749
524.33	23.646
524.68	23.626
525.03	23.57
525.37	23.437
525.72	23.395
526.07	23.353
526.42	23.161
526.76	23.079
527.11	23.032
527.46	23.019
527.81	22.976
528.16	22.969
528.5	22.931
528.85	22.886
529.2	22.878
529.55	22.829
529.89	22.825
530.24	22.888
530.59	22.823
530.94	22.758
531.28	22.655
531.63	22.6
531.98	22.549
532.32	22.527
532.67	22.442
533.02	22.385
533.37	22.336
533.71	22.29
534.06	22.245
534.41	22.24
534.75	22.224
535.1	22.215
535.45	22.157
535.79	22.119
536.14	22.113
536.49	22.135
536.83	22.123
537.18	22.205
537.53	22.181
537.87	22.154
538.22	22.108
538.57	22.102
538.91	22.061
539.26	22.035
539.61	21.996
539.95	21.868
540.3	21.9
540.64	21.959
540.99	21.918
541.34	21.901
541.68	21.883
542.03	21.93
542.37	21.869
542.72	21.855
543.07	21.852
543.41	21.876
543.76	21.926
544.1	21.851
544.45	21.764
544.8	21.696
545.14	21.66
545.49	21.67
545.83	21.607
546.18	21.664
546.52	21.689
546.87	21.795
547.21	21.755
547.56	21.723
547.9	21.757
548.25	21.756
548.59	21.704
548.94	21.765
549.29	21.763
549.63	21.771
549.98	21.711
550.32	21.805
550.67	21.696
551.01	21.746
551.35	21.782
551.7	21.817
552.04	21.814
552.39	21.982
552.73	22.002
553.08	22.028
553.42	22.082
553.77	22.201
554.11	22.143
554.46	22.239
554.8	22.303
555.15	22.343
555.49	22.383
555.83	22.486
556.18	22.452
556.52	22.5
556.87	22.529
557.21	22.569
557.56	22.478
557.9	22.447
558.24	22.407
558.59	22.352
558.93	22.352
559.28	22.337
559.62	22.273
559.96	22.282
560.31	22.263
560.65	22.286
560.99	22.302
561.34	22.361
561.68	22.417
562.02	22.437
562.37	22.497
562.71	22.524
563.06	22.561
563.4	22.59
563.74	22.576
564.09	22.567
564.43	22.595
564.77	22.548
565.11	22.561
565.46	22.497
565.8	22.52
566.14	22.508
566.49	22.528
566.83	22.455
567.17	22.468
567.52	22.46
567.86	22.437
568.2	22.369
568.54	22.308
568.89	22.272
569.23	22.333
569.57	22.288
569.91	22.241
570.26	22.162
570.6	22.121
570.94	22.074
571.28	22.066
571.63	22.062
571.97	22.096
572.31	22.106
572.65	22.073
573	22.116
573.34	22.036
573.68	22.018
574.02	22.019
574.36	22.045
574.71	22.046
575.05	21.979
575.39	21.925
575.73	21.84
576.07	21.872
576.42	21.955
576.76	21.854
577.1	21.924
577.44	21.9
577.78	21.935
578.12	21.97
578.46	21.995
578.81	22.078
579.15	22.16
579.49	22.212
579.83	22.17
580.17	22.15
580.51	22.183
580.85	22.218
581.2	22.238
581.54	22.3
581.88	22.381
582.22	22.44
582.56	22.478
582.9	22.453
583.24	22.568
583.58	22.816
583.92	23.015
584.26	23.093
584.6	23.228
584.95	23.39
585.29	23.497
585.63	23.586
585.97	23.759
586.31	23.903
586.65	23.967
586.99	23.922
587.33	23.857
587.67	23.744
588.01	23.903
588.35	23.914
588.69	24.175
589.03	24.292
589.37	24.366
589.71	24.455
590.05	24.6
590.39	24.921
590.73	25.141
591.07	25.294
591.41	25.572
591.75	25.751
592.09	26.024
592.43	26.074
592.77	26.252
593.11	26.476
593.45	26.642
593.79	26.77
594.13	26.87
594.47	27.014
594.81	27.262
595.14	27.397
595.48	27.525
595.82	27.621
596.16	27.74
596.5	27.964
596.84	28.045
597.18	28.256
597.52	28.423
597.86	28.502
598.2	28.753
598.54	28.811
598.87	28.924
599.21	29.082
599.55	29.228
599.89	29.324
600.23	29.325
600.57	29.592
600.91	29.726
601.25	29.975
601.58	30.145
601.92	30.299
602.26	30.565
602.6	30.779
602.94	30.981
603.28	31.099
603.61	31.365
603.95	31.511
604.29	31.573
604.63	31.656
604.97	31.673
605.3	31.934
605.64	32.019
605.98	32.049
606.32	32.157
606.66	32.208
606.99	32.37
607.33	32.372
607.67	32.479
608.01	32.676
608.34	32.82
608.68	32.978
609.02	32.972
609.36	32.975
609.69	33.134
610.03	33.282
610.37	33.287
610.71	33.435
611.04	33.507
611.38	33.586
611.72	33.634
612.06	33.683
612.39	33.694
612.73	33.846
613.07	33.995
613.4	34.074
613.74	34.21
614.08	34.479
614.41	34.432
614.75	34.56
615.09	34.581
615.42	34.503
615.76	34.574
616.1	34.871
616.43	34.889
616.77	34.868
617.11	34.938
617.44	34.819
617.78	34.813
618.12	35.048
618.45	35.16
618.79	35.299
619.13	35.525
619.46	35.549
619.8	35.385
620.13	35.289
620.47	35.474
620.81	35.567
621.14	35.59
621.48	35.6
621.81	35.478
622.15	35.527
622.48	35.601
622.82	35.553
623.16	35.496
623.49	35.492
623.83	35.606
624.16	35.775
624.5	35.84
624.83	35.888
625.17	35.771
625.5	35.772
625.84	35.827
626.18	35.923
626.51	35.943
626.85	36.152
627.18	36.126
627.52	36.333
627.85	36.256
628.19	35.971
628.52	36.098
628.86	36.307
629.19	36.434
629.53	36.42
629.86	36.283
630.19	36.373
630.53	36.142
630.86	36.326
631.2	36.268
631.53	36.239
631.87	36.639
632.2	36.527
632.54	36.355
632.87	36.296
633.2	36.318
633.54	36.229
633.87	36.152
634.21	36.257
634.54	36.31
634.88	36.385
635.21	36.38
635.54	36.255
635.88	36.4
636.21	36.528
636.55	36.453
636.88	36.193
637.21	36.346
637.55	36.477
637.88	36.491
638.21	36.517
638.55	36.238
638.88	36.213
639.21	36.089
639.55	35.926
639.88	35.876
640.21	35.935
640.55	36.093
640.88	36.206
641.21	36.186
641.55	36.224
641.88	35.887
642.21	35.776
642.55	35.713
642.88	35.733
643.21	35.712
643.55	35.734
643.88	35.72
644.21	35.783
644.54	35.613
644.88	35.602
645.21	35.808
645.54	36.035
645.87	36.261
646.21	36.302
646.54	36.306
646.87	36.319
647.2	36.538
647.54	36.594
647.87	36.593
648.2	36.672
648.53	36.571
648.87	36.456
649.2	36.395
649.53	36.391
649.86	36.489
650.19	36.582
650.53	36.741
650.86	36.614
651.19	36.626
651.52	36.713
651.85	36.778
652.18	36.584
652.52	36.525
652.85	36.547
653.18	36.568
653.51	36.364
653.84	36.217
654.17	36.323
654.51	36.208
654.84	36.074
655.17	35.935
655.5	35.813
655.83	36.119
656.16	35.951
656.49	35.792
656.82	35.615
657.15	35.748
657.49	35.654
657.82	35.472
658.15	35.685
658.48	35.805
658.81	35.819
659.14	35.927
659.47	35.756
659.8	35.735
660.13	35.814
660.46	35.708
660.79	35.542
661.12	35.82
661.45	35.685
661.78	35.489
662.11	35.331
662.44	35.123
662.77	35.14
663.1	35.367
663.43	35.244
663.76	35.273
664.09	35.361
664.42	35.451
664.75	35.181
665.08	35.177
665.41	35.125
665.74	35.163
666.07	35.22
666.4	34.827
666.73	34.721
667.06	34.865
667.39	34.903
667.72	35.08
668.05	35.19
668.38	35.142
668.71	35.248
669.04	35.396
669.37	35.364
669.7	35.422
670.03	35.752
670.36	35.728
670.69	35.812
671.01	35.486
671.34	35.293
671.67	35.199
672	35.353
672.33	35.148
672.66	35.069
672.99	34.975
673.32	34.966
673.64	34.648
673.97	34.132
674.3	33.878
674.63	33.84
674.96	33.862
675.29	33.725
675.62	33.456
675.94	33.227
676.27	33.059
676.6	33.035
676.93	32.696
677.26	32.775
677.58	32.797
677.91	32.986
678.24	33.14
678.57	33.341
678.9	33.159
679.22	32.988
679.55	33.287
679.88	32.999
680.21	33.042
680.54	33.316
680.86	33.282
681.19	33.511
681.52	33.186
681.85	32.986
682.17	32.661
682.5	32.781
682.83	32.909
683.16	32.524
683.48	32.698
683.81	32.671
684.14	32.489
684.46	32.324
684.79	31.88
685.12	31.74
685.45	31.781
685.77	31.951
686.1	31.963
686.43	31.806
686.75	31.83
687.08	31.641
687.41	31.502
687.73	31.131
688.06	31.092
688.39	31.415
688.71	31.38
689.04	31.192
689.36	30.597
689.69	29.936
690.02	29.966
690.34	29.903
690.67	29.846
691	29.418
691.32	29.611
691.65	29.246
691.97	28.771
692.3	28.834
692.63	28.79
692.95	28.835
693.28	28.929
693.6	28.904
693.93	29.01
694.26	29.066
694.58	28.769
694.91	28.479
695.23	28.12
695.56	28.211
695.88	27.861
696.21	27.409
696.53	27.001
696.86	27.142
697.18	26.763
697.51	26.081
697.83	25.834
698.16	26.145
698.48	25.852
698.81	25.916
699.13	25.614
699.46	25.22
699.78	25.044
700.11	25.053
700.43	24.494
700.76	24.341
701.08	24.439
701.41	24.195
701.73	23.762
702.06	23.985
702.38	23.852
702.71	23.811
703.03	23.883
703.35	23.705
703.68	23.382
704	23.255
704.33	23.259
704.65	23.18
704.98	22.947
705.3	22.914
705.62	22.115
705.95	21.666
706.27	21.392
706.6	21.183
706.92	21.603
707.24	21.395
707.57	21.593
707.89	20.902
708.21	20.156
708.54	19.852
708.86	19.435
709.18	19.621
709.51	19.663
709.83	19.646
710.15	19.906
710.48	18.804
710.8	18.561
711.12	17.846
711.45	17.612
711.77	17.301
712.09	17.024
712.42	16.679
712.74	16.104
713.06	16.388
713.38	15.851
713.71	15.371
714.03	15.36
714.35	15.154
714.68	15.163
715	14.952
715.32	15.29
715.64	15.193
715.97	14.906
716.29	14.577
716.61	13.681
716.93	13.64
717.25	13.46
717.58	13.079
717.9	12.945
718.22	12.533
718.54	12.066
718.87	11.656
719.19	11.682
719.51	11.12
719.83	11.007
720.15	10.637
720.47	9.895
720.8	8.816
721.12	9.521
721.44	9.361
721.76	8.983
722.08	8.563
722.4	7.391
722.73	6.371
723.05	5.872
723.37	6.096
723.69	5.971
724.01	5.936
724.33	6.339
724.65	5.506
724.97	4.721
725.3	4.238
725.62	3.996
725.94	3.847
726.26	3.398
726.58	3.692
726.9	2.9
727.22	2.577
727.54	2.78
727.86	2.227
728.18	2.048
728.5	2.364
728.82	1.565
729.14	1.805
729.46	2.58
729.78	3.046
730.1	2.906
730.42	2.849
730.74	2.975
731.07	2.402
731.39	2.719
731.71	2.234
732.03	1.61
732.35	1.921
732.66	2.224
732.98	1.733
733.3	1.413
733.62	1.508
733.94	1.508
734.26	0.505
734.58	0.622
734.9	-0.573
735.22	-0.688
735.54	-1.004
735.86	-0.371
736.18	-1.167
736.5	-2.159
736.82	-1.23
737.14	-2.176
737.46	-2.588
737.78	-2.377
738.1	-2.707
738.41	-2.213
738.73	-2.777
739.05	-2.665
739.37	-2.77
739.69	-3.643
740.01	-2.765
740.33	-4.636
740.65	-4.422
740.96	-4.264
741.28	-4.354
741.6	-4.698
741.92	-5.45
742.24	-5.528
742.56	-6.456
742.88	-7.5
743.19	-7.388
743.51	-8.252
743.83	-9.254
744.15	-10.08
744.47	-11.166
744.78	-11.62
745.1	-10.947
745.42	-9.509
745.74	-10.518
746.06	-10.135
746.37	-10.247
746.69	-9.428
747.01	-10.034
747.33	-8.986
747.64	-8.405
747.96	-7.692
748.28	-7.945
748.6	-10.431
748.91	-11.532
749.23	-11.503
749.55	-11.478
749.87	-11.202
750.18	-11.096
750.5	-10.457
750.82	-11.514
751.13	-13.021
751.45	-14.302
751.77	-13.803
752.08	-13.115
752.4	-14.449
752.72	-14.3
753.03	-13.183
753.35	-13.008
753.67	-15.052
753.98	-15.268
754.3	-15.85
754.62	-13.533
754.93	-12.403
755.25	-14.092
755.57	-13.226
755.88	-13.113
756.2	-13.174
756.51	-15.169
756.83	-15.91
757.15	-16.257
757.46	-16.687
757.78	-15.826
758.09	-17.541
758.41	-18.692
758.73	-17.354
759.04	-19.246
759.36	-18.215
759.67	-19.241
759.99	-19.296
760.3	-19.144
760.62	-19.539
760.94	-19.885
761.25	-21.146
761.57	-21.548
761.88	-20.392
762.2	-20.773
762.51	-20.434
762.83	-18.958
763.14	-16.933
763.46	-15.1
763.77	-15.259
764.09	-14.232
764.4	-14.721
764.72	-13.743
765.03	-13.807
765.35	-14.291
765.66	-14.444
765.98	-13.543
766.29	-17.188
766.61	-20.287
766.92	-21.752
767.23	-21.009
767.55	-21.873
767.86	-22.781
768.18	-22.39
768.49	-22.47
768.81	-22.074
769.12	-20.442
769.43	-21.824
769.75	-20.173
770.06	-17.346
770.38	-18.764
770.69	-21.708
771	-19.619
771.32	-19.097
771.63	-19.238
771.94	-19.297
772.26	-20.545
772.57	-22.837
772.89	-20.87
773.2	-21.03
773.51	-21.735
773.83	-21.254
774.14	-18.296
774.45	-20.629
774.77	-20.608
775.08	-22.558
775.39	-24.168
775.7	-22.902
776.02	-23.887
776.33	-26.324
776.64	-26.56
776.96	-25.528
777.27	-27.698
777.58	-28.946
777.89	-25.572
778.21	-25.686
778.52	-23.471
778.83	-21.178
779.14	-20.87
779.46	-20.889
779.77	-19.132
780.08	-19.152
780.39	-20.401
780.71	-21.54
781.02	-18.591
781.33	-21.485
781.64	-20
781.95	-23.447
782.27	-24.71
782.58	-27.87
782.89	-26.358
783.2	-26.885
783.51	-27.618
783.83	-26.585
784.14	-24.736
784.45	-29.872
784.76	-30.554
785.07	-33.063
785.38	-30.837
785.7	-29.22
786.01	-28.236
786.32	-31.499
786.63	-34.239
786.94	-31.403
787.25	-29.798
787.56	-26.847
787.87	-26.091
788.18	-24.179
788.5	-22.989
788.81	-25.228
789.12	-23.77
789.43	-24.053
789.74	-21.051
790.05	-22.049
790.36	-22.921
790.67	-27.333
790.98	-27.248
791.29	-24.855
791.6	-25.341
791.91	-23.552
792.22	-18.967
792.53	-20.516
792.84	-21.828
793.15	-20.201
793.46	-16.064
793.77	-15.481
794.08	-14.873
794.39	-17.824
794.7	-18.401
795.01	-21.436
795.32	-23.595
795.63	-28.41
795.94	-29.751
796.25	-27.663
796.56	-27.994
796.87	-27.739
797.18	-30.185
797.49	-29.868
797.8	-31.501
798.11	-33.333
798.42	-28.801
798.73	-29.234
799.04	-24.803
799.35	-24.47
799.65	-24.913
799.96	-30.187
800.27	-31.801
800.58	-25.903
800.89	-25.031
801.2	-22.523
801.51	-24.157
801.82	-28.583
802.13	-26.958
802.43	-31.919
802.74	-28.712
803.05	-28.986
803.36	-24.389
803.67	-24.78
803.98	-30.134
804.28	-31.756
804.59	-31.421
804.9	-24.606
805.21	-25.16
805.52	-25.546
805.83	-20.83
806.13	-25.809
806.44	-26.69
806.75	-24.786
807.06	-26.933
807.36	-27.675
807.67	-26.465
807.98	-24.257
808.29	-29.821
808.6	-30.13
808.9	-29.835
809.21	-30.212
809.52	-29.161
809.83	-29.751
810.13	-32.233
810.44	-27.072
810.75	-29.093
811.05	-29.925
811.36	-30.486
811.67	-34.366
811.98	-30.704
812.28	-32.838
812.59	-38.91
812.9	-34.558
813.2	-31.034
813.51	-34.718
813.82	-37.907
814.12	-29.925
814.43	-32.561
814.74	-38.783
815.04	-32.338
815.35	-37.565
815.65	-39.94
815.96	-39.82
816.27	-41.144
816.57	-44.704
816.88	-44.764
817.19	-44.052
817.49	-40.944
817.8	-40.859
818.1	-38.343
818.41	-45.319
818.72	-41.073
819.02	-36.514
819.33	-39.354
819.63	-40.496
819.94	-36.02
820.24	-33.896
820.55	-33.457
820.85	-35.508
821.16	-29.095
821.47	-27.668
821.77	-26.219
822.08	-25.546
822.38	-24.736
822.69	-23.068
822.99	-23.343
823.3	-23.591
823.6	-23.682
823.91	-24.252
824.21	-25.097
824.52	-24.498
824.82	-24.678
825.13	-24.849
825.43	-25.435
825.73	-27.426
826.04	-27.367
826.34	-26.158
826.65	-25.3
826.95	-22.727
827.26	-21.708
827.56	-18.714
827.87	-20.571
828.17	-20.138
828.47	-18.002
828.78	-18.227
829.08	-17.187
829.39	-19.858
829.69	-17.363
829.99	-19.412
830.3	-21.856
830.6	-18.099
830.9	-18.481
831.21	-21.702
831.51	-25.084
831.82	-28.801
832.12	-32.412
832.42	-34.613
832.73	-29.197
833.03	-34.936
833.33	-35.736
833.64	-35.92
833.94	-43.127
834.24	-39.801
834.54	-41.04
834.85	-41.199
835.15	-45.697
835.45	-41.086
835.76	-41.318
836.06	-45.342
836.36	-45.947
836.66	-47.678
836.97	-49.919
837.27	-43.64
837.57	-55.253
837.87	-55.997
838.18	-46.979
838.48	-37.655
838.78	-36.288
839.08	-41.377
839.39	-35.145
839.69	-41.814
839.99	-47.36
840.29	-54.167
840.59	-58.67
840.9	-63.025
841.2	-63.663
841.5	-79.524
841.8	-89.932
842.1	-102.579
842.41	-76.013
842.71	-85.308
843.01	-87.41
843.31	-71.304
843.61	-65.8
843.91	-72.059
844.21	-59.153
844.52	-57.449
844.82	-48.133
845.12	-46.273
845.42	-36.306
845.72	-45.692
846.02	-34.931
846.32	-36.013
846.62	-34.824
846.92	-33.477
847.22	-29.053
847.52	-27.434
847.83	-34.098
848.13	-43.101
848.43	-45.776
848.73	-47.14
849.03	-40.249
849.33	-49.875
849.63	-37.157
849.93	-36.486
850.23	-32.587
850.53	-39.268
850.83	-41.833
851.13	-31.559
851.43	-28.11
851.73	-28.412
852.03	-44.714
852.33	-59.502
852.63	-69.207
852.93	-71.154
853.23	-74.528
853.53	-71.81
853.83	-88.483
854.13	-106.926
854.43	-105.02
854.73	-104.082
855.03	-108.043
855.32	-76.503
855.62	-92.773
855.92	-94.661
856.22	-124.173
856.52	-137.632
856.82	-188.816
857.12	-162.983
857.42	-120.17
857.72	-158.556
858.02	-140.299
858.31	-135.597
858.61	-183.646
858.91	-143.262
859.21	-112.205
859.51	-102.768
859.81	-82.034
860.11	-76.672
860.4	-80.88
860.7	-94.853
861	-73.137
861.3	-60.06
861.6	-46.379
861.9	-47.18
862.19	-40.374
862.49	-40.825
862.79	-47.321
863.09	-59.125
863.39	-52.107
863.68	-38.934
863.98	-37.714
864.28	-42.747
864.58	-63.986
864.87	-72.6
865.17	-77.866
865.47	-112.925
865.77	-156.499
866.06	-146.076
866.36	-152.239
866.66	-182.807
866.96	-297.573
867.25	-245.703
867.55	-303.478
867.85	-356.039
868.14	-493.793
868.44	-400
868.74	-469.935
869.03	-658.586
869.33	-518.919
869.63	-319.251
869.92	-403.597
870.22	-442.336
870.52	-1227.66
870.81	-458.929
871.11	-471.429
871.41	-381.203
871.7	-292.727
872	-183.784
872.3	-189.333
872.59	-236.453
872.89	-347.651
873.18	-222.511
873.48	-193.416
873.78	-230
874.07	-453.901
874.37	-427.338
874.66	-360.897
874.96	-298.907
875.25	-275.141
875.55	-147.157
875.85	-176.451
876.14	-124.118
876.44	-140.841
876.73	-122.59
877.03	-95.508
877.32	-57.418
877.62	-57.477
877.91	-57.297
878.21	-61.564
878.5	-55.49
878.8	-62.845
879.09	-41.339
879.39	-49.275
879.68	-54.127
879.98	-53.944
880.27	-60.78
880.57	-55.291
880.86	-58.526
881.16	-62.562
881.45	-64.151
881.74	-62.49
882.04	-65.277
882.33	-62.946
882.63	-62.714
882.92	-57.085
883.22	-53.142
883.51	-50.264
883.8	-53.834
884.1	-54.38
884.39	-57.551
884.69	-52.632
884.98	-57.935
885.27	-57.154
885.57	-60.958
885.86	-58.912
886.15	-66.48
886.45	-76.59
886.74	-82.901
887.03	-96.65
887.33	-81.891
887.62	-89.781
887.91	-218.182
888.21	-308.333
888.5	-432.143
888.79	-44.643
889.09	0
