190.56	33.333
190.94	33.333
191.32	33.333
191.7	176.19
192.08	583.333
192.46	5.128
192.84	-5.109
193.22	-41.772
193.6	-74.302
193.98	-144.079
194.36	-111.111
194.74	-153.731
195.13	-230.097
195.51	-985.185
195.89	788.636
196.27	374.286
196.65	206.936
197.03	159.162
197.4	154.717
197.78	214.504
198.16	196.124
198.54	226.667
198.92	0
199.3	-478.261
199.68	-466.667
200.06	-124.719
200.44	-154.545
200.82	-116.535
201.2	-132.143
201.58	-137.956
201.96	-83.803
202.34	-76.724
202.72	-46.218
203.1	1253.846
203.48	464
203.86	-1184.211
204.24	-748
204.62	685.714
205	-451.852
205.38	-590
205.76	-69.892
206.13	-89.908
206.51	-107.895
206.89	-92.5
207.27	-51.923
207.65	-84.516
208.03	-67.935
208.41	-58.962
208.79	-34.67
209.17	-39.84
209.55	-19.154
209.93	-26.389
210.3	-19.037
210.68	-13.383
211.06	-11.559
211.44	-4.318
211.82	0.169
212.2	13.415
212.58	10
212.96	15.426
213.33	19.32
213.71	17.994
214.09	13.562
214.47	15.52
214.85	17.61
215.23	4.381
215.61	10.394
215.98	9.545
216.36	7.55
216.74	12.465
217.12	5.991
217.5	11.676
217.88	6.133
218.25	1.768
218.63	0.12
219.01	-0.717
219.39	4.936
219.77	-2.043
220.14	-4.432
220.52	-8.987
220.9	-15.061
221.28	-10.535
221.66	-14.368
222.03	-13.156
222.41	-6.306
222.79	-12.191
223.17	-5.221
223.55	-0.642
223.92	2.857
224.3	6.916
224.68	6.844
225.06	8.633
225.43	9.287
225.81	7.48
226.19	4.772
226.57	-0.282
226.95	1.776
227.32	0.457
227.7	-0.925
228.08	-1.934
228.46	-2.332
228.83	-1.836
229.21	-2.094
229.59	-2.377
229.96	-2.052
230.34	-1.478
230.72	-0.109
231.1	0.075
231.47	0.04
231.85	1.263
232.23	3.509
232.6	4.067
232.98	4.104
233.36	4.461
233.74	5.373
234.11	5.7
234.49	6.128
234.87	4.953
235.24	4.298
235.62	4.477
236	3.62
236.37	2.522
236.75	2.131
237.13	1.547
237.5	0.988
237.88	-0.525
238.26	0.649
238.63	0.444
239.01	1.106
239.39	1.328
239.76	1.056
240.14	0.477
240.52	0.204
240.89	1.011
241.27	1.738
241.65	1.632
242.02	2.132
242.4	1.585
242.77	2.02
243.15	2.194
243.53	2.458
243.9	2.458
244.28	2.758
244.66	3.106
245.03	2.675
245.41	2.673
245.78	3.305
246.16	3.022
246.54	3.061
246.91	2.805
247.29	2.638
247.66	2.601
248.04	2.556
248.41	2.539
248.79	2.582
249.17	2.664
249.54	2.706
249.92	2.244
250.29	2.508
250.67	1.967
251.04	1.983
251.42	2.113
251.8	2.605
252.17	2.601
252.55	2.653
252.92	2.14
253.3	2.088
253.67	2.168
254.05	2.46
254.42	1.901
254.8	2.388
255.17	2.396
255.55	2.403
255.92	2.172
256.3	2.039
256.67	1.959
257.05	2.287
257.42	1.766
257.8	1.492
258.17	1.369
258.55	1.296
258.92	1.435
259.3	1.405
259.67	1.429
260.05	1.22
260.42	1.066
260.8	1.054
261.17	0.855
261.55	1.209
261.92	1.304
262.3	1.312
262.67	1.964
263.05	1.916
263.42	1.887
263.79	1.96
264.17	1.695
264.54	2.157
264.92	2.087
265.29	2.33
265.67	2.453
266.04	2.325
266.42	2.183
266.79	1.676
267.16	1.533
267.54	1.464
267.91	1.352
268.29	1.492
268.66	1.282
269.03	1.572
269.41	1.638
269.78	1.418
270.16	1.577
270.53	1.563
270.9	1.541
271.28	1.477
271.65	1.633
272.03	1.748
272.4	1.716
272.77	1.679
273.15	1.719
273.52	1.575
273.89	1.538
274.27	1.319
274.64	1.833
275.01	2.086
275.39	2.241
275.76	2.198
276.14	2.141
276.51	2.264
276.88	2.258
277.26	1.862
277.63	1.837
278	1.736
278.38	1.916
278.75	1.483
279.12	1.361
279.49	1.325
279.87	1.134
280.24	0.996
280.61	1.005
280.99	0.96
281.36	1.131
281.73	1.123
282.11	1.348
282.48	1.247
282.85	1.246
283.22	1.122
283.6	1.256
283.97	1.325
284.34	1.393
284.71	1.486
285.09	1.648
285.46	1.576
285.83	1.54
286.21	1.427
286.58	1.39
286.95	1.418
287.32	1.661
287.7	1.775
288.07	1.845
288.44	1.996
288.81	1.981
289.18	1.823
289.56	1.823
289.93	1.913
290.3	1.941
290.67	2.017
291.05	2.15
291.42	2.078
291.79	1.818
292.16	1.842
292.53	1.942
292.91	2.058
293.28	2.13
293.65	2.34
294.02	2.545
294.39	2.879
294.76	3.073
295.14	3.091
295.51	3.243
295.88	3.513
296.25	3.738
296.62	3.812
297	3.814
297.37	4.079
297.74	4.11
298.11	4.255
298.48	4.05
298.85	4.051
299.22	4.151
299.6	4.234
299.97	4.075
300.34	4.053
300.71	3.923
301.08	4.093
301.45	4.03
301.82	4.201
302.19	4.093
302.56	4.401
302.94	4.429
303.31	4.472
303.68	4.463
304.05	4.721
304.42	4.727
304.79	4.996
305.16	4.969
305.53	5.079
305.9	5.116
306.27	5.326
306.64	5.257
307.02	5.166
307.39	5.109
307.76	5.3
308.13	5.361
308.5	5.451
308.87	5.58
309.24	5.522
309.61	5.809
309.98	5.927
310.35	5.893
310.72	5.91
311.09	6.201
311.46	6.364
311.83	6.343
312.2	6.497
312.57	6.571
312.94	6.407
313.31	6.442
313.68	6.256
314.05	6.118
314.42	5.983
314.79	6.119
315.16	6.213
315.53	6.258
315.9	6.488
316.27	6.409
316.64	6.592
317.01	6.733
317.38	6.943
317.75	7.232
318.12	7.275
318.49	7.563
318.86	7.634
319.23	7.706
319.6	7.901
319.97	7.719
320.34	7.914
320.71	7.85
321.08	8.051
321.45	8.147
321.82	8.219
322.19	8.791
322.55	8.872
322.92	9.003
323.29	9.217
323.66	9.379
324.03	9.419
324.4	9.549
324.77	9.664
325.14	9.823
325.51	10.048
325.88	10.089
326.25	10.18
326.61	10.567
326.98	10.956
327.35	11.099
327.72	11.398
328.09	11.983
328.46	12.344
328.83	12.855
329.2	13.167
329.56	13.509
329.93	13.858
330.3	14.237
330.67	14.477
331.04	14.471
331.41	14.719
331.78	14.765
332.14	14.957
332.51	15.172
332.88	15.125
333.25	15.419
333.62	15.631
333.99	16.051
334.35	16.245
334.72	16.31
335.09	16.613
335.46	16.836
335.83	17.199
336.19	17.185
336.56	17.222
336.93	17.493
337.3	17.591
337.67	17.936
338.03	18.102
338.4	18.04
338.77	18.193
339.14	18.114
339.5	18.1
339.87	18.149
340.24	18.308
340.61	18.599
340.97	18.808
341.34	18.99
341.71	18.95
342.08	18.991
342.44	19.115
342.81	19.39
343.18	19.774
343.55	19.874
343.91	20.129
344.28	20.143
344.65	20.044
345.02	19.889
345.38	19.809
345.75	19.807
346.12	19.763
346.48	19.699
346.85	19.769
347.22	19.686
347.59	19.682
347.95	19.559
348.32	19.721
348.69	19.862
349.05	20.028
349.42	20.011
349.79	19.92
350.15	19.932
350.52	19.906
350.89	19.767
351.25	19.637
351.62	19.46
351.99	19.365
352.35	19.326
352.72	19.256
353.09	19.234
353.45	19.274
353.82	19.294
354.18	19.066
354.55	19.021
354.92	18.905
355.28	19.031
355.65	19.102
356.02	19.012
356.38	18.946
356.75	18.937
357.11	18.892
357.48	18.834
357.85	18.827
358.21	18.979
358.58	19.09
358.94	19.1
359.31	19.004
359.67	19.013
360.04	18.92
360.41	18.868
360.77	18.901
361.14	18.916
361.5	18.95
361.87	18.898
362.23	18.752
362.6	18.635
362.97	18.643
363.33	18.717
363.7	18.758
364.06	19.002
364.43	18.885
364.79	18.713
365.16	18.539
365.52	18.506
365.89	18.568
366.25	18.627
366.62	18.691
366.98	18.512
367.35	18.481
367.71	18.24
368.08	18.074
368.44	18.376
368.81	18.501
369.17	18.7
369.54	18.679
369.9	18.691
370.27	18.969
370.63	19.033
371	19.147
371.36	19.143
371.73	19.377
372.09	19.502
372.45	19.383
372.82	19.401
373.18	19.469
373.55	19.592
373.91	19.576
374.28	19.396
374.64	19.574
375.01	19.794
375.37	19.835
375.73	19.864
376.1	19.76
376.46	19.814
376.83	19.9
377.19	20.035
377.55	19.978
377.92	20.031
378.28	20.249
378.65	20.1
379.01	19.996
379.37	20.073
379.74	20.153
380.1	20.34
380.47	20.41
380.83	20.539
381.19	20.361
381.56	20.397
381.92	20.399
382.28	20.313
382.65	20.412
383.01	20.467
383.37	20.588
383.74	20.759
384.1	20.808
384.46	21.059
384.83	21.024
385.19	21.208
385.55	21.334
385.92	21.467
386.28	21.584
386.64	21.765
387.01	21.953
387.37	21.911
387.73	21.798
388.1	21.885
388.46	21.805
388.82	21.863
389.18	21.863
389.55	22
389.91	22.23
390.27	22.271
390.64	22.244
391	22.325
391.36	22.382
391.72	22.405
392.09	22.423
392.45	22.472
392.81	22.435
393.17	22.409
393.54	22.459
393.9	22.351
394.26	22.356
394.62	22.342
394.99	22.249
395.35	22.349
395.71	22.456
396.07	22.514
396.43	22.516
396.8	22.544
397.16	22.71
397.52	22.709
397.88	22.712
398.24	22.631
398.61	22.733
398.97	22.634
399.33	22.498
399.69	22.443
400.05	22.46
400.42	22.557
400.78	22.574
401.14	22.472
401.5	22.451
401.86	22.408
402.22	22.536
402.59	22.445
402.95	22.509
403.31	22.513
403.67	22.576
404.03	22.521
404.39	22.434
404.75	22.493
405.12	22.583
405.48	22.476
405.84	22.632
406.2	22.638
406.56	22.792
406.92	22.872
407.28	22.936
407.64	22.911
408	22.96
408.36	22.968
408.73	22.901
409.09	22.754
409.45	22.833
409.81	22.746
410.17	22.686
410.53	22.649
410.89	22.567
411.25	22.538
411.61	22.557
411.97	22.478
412.33	22.437
412.69	22.488
413.05	22.671
413.41	22.704
413.77	22.645
414.13	22.792
414.5	22.802
414.86	22.836
415.22	22.841
415.58	22.87
415.94	22.931
416.3	22.899
416.66	22.914
417.02	22.757
417.38	22.661
417.74	22.701
418.1	22.523
418.46	22.481
418.82	22.477
419.18	22.387
419.54	22.412
419.9	22.333
420.26	22.25
420.61	22.184
420.97	22.254
421.33	22.266
421.69	22.223
422.05	22.326
422.41	22.274
422.77	22.306
423.13	22.423
423.49	22.371
423.85	22.364
424.21	22.461
424.57	22.501
424.93	22.491
425.29	22.579
425.65	22.594
426.01	22.494
426.36	22.52
426.72	22.378
427.08	22.399
427.44	22.392
427.8	22.509
428.16	22.521
428.52	22.485
428.88	22.432
429.24	22.332
429.59	22.303
429.95	22.399
430.31	22.461
430.67	22.651
431.03	22.633
431.39	22.657
431.75	22.618
432.1	22.606
432.46	22.644
432.82	22.615
433.18	22.747
433.54	22.809
433.9	22.812
434.25	22.837
434.61	22.802
434.97	22.903
435.33	22.923
435.69	23.018
436.04	23.097
436.4	23.142
436.76	23.304
437.12	23.181
437.48	23.291
437.83	23.317
438.19	23.39
438.55	23.472
438.91	23.422
439.27	23.436
439.62	23.376
439.98	23.392
440.34	23.463
440.7	23.507
441.05	23.58
441.41	23.559
441.77	23.591
442.13	23.577
442.48	23.59
442.84	23.564
443.2	23.636
443.56	23.762
443.91	23.778
444.27	23.769
444.63	23.836
444.98	23.911
445.34	23.884
445.7	23.905
446.05	23.975
446.41	24.014
446.77	24.026
447.13	24.038
447.48	23.965
447.84	24.035
448.2	24.111
448.55	24.1
448.91	24.028
449.27	24.085
449.62	24.15
449.98	24.146
450.34	24.11
450.69	24.192
451.05	24.179
451.4	24.282
451.76	24.32
452.12	24.319
452.47	24.284
452.83	24.404
453.19	24.51
453.54	24.547
453.9	24.515
454.25	24.632
454.61	24.755
454.97	24.886
455.32	24.867
455.68	24.858
456.03	24.91
456.39	25.008
456.75	24.944
457.1	24.966
457.46	24.938
457.81	24.977
458.17	25.001
458.52	24.872
458.88	24.852
459.24	24.841
459.59	24.922
459.95	24.974
460.3	24.903
460.66	24.937
461.01	24.858
461.37	24.867
461.72	24.949
462.08	24.956
462.43	25.054
462.79	25.134
463.14	25.24
463.5	25.194
463.85	25.048
464.21	25.113
464.56	25.175
464.92	25.23
465.27	25.274
465.63	25.202
465.98	25.154
466.34	25.173
466.69	25.073
467.05	25.098
467.4	25.053
467.76	25.176
468.11	25.175
468.47	25.197
468.82	25.122
469.18	25.174
469.53	25.211
469.88	25.209
470.24	25.253
470.59	25.18
470.95	25.151
471.3	25.184
471.66	25.181
472.01	25.159
472.36	25.104
472.72	25.101
473.07	25.027
473.43	25.084
473.78	25.151
474.13	25.171
474.49	25.266
474.84	25.197
475.19	25.177
475.55	25.219
475.9	25.282
476.26	25.394
476.61	25.534
476.96	25.454
477.32	25.322
477.67	25.358
478.02	25.242
478.38	25.304
478.73	25.312
479.08	25.324
479.44	25.289
479.79	25.285
480.14	25.217
480.5	25.144
480.85	25.207
481.2	25.248
481.56	25.184
481.91	25.171
482.26	25.179
482.62	25.211
482.97	25.246
483.32	25.233
483.67	25.188
484.03	25.15
484.38	25.157
484.73	25.173
485.08	25.149
485.44	25.139
485.79	25.15
486.14	25.087
486.49	25.094
486.85	25.045
487.2	24.971
487.55	24.995
487.9	25.047
488.26	25.051
488.61	25.022
488.96	25.038
489.31	25.062
489.67	25.066
490.02	25.083
490.37	25.006
490.72	25.002
491.07	25.09
491.43	25.087
491.78	25.081
492.13	25.081
492.48	25.11
492.83	25.156
493.19	25.153
493.54	25.176
493.89	25.197
494.24	25.317
494.59	25.415
494.94	25.409
495.29	25.446
495.65	25.442
496	25.494
496.35	25.465
496.7	25.538
497.05	25.563
497.4	25.638
497.75	25.68
498.11	25.647
498.46	25.604
498.81	25.631
499.16	25.594
499.51	25.627
499.86	25.555
500.21	25.496
500.56	25.353
500.91	25.4
501.26	25.309
501.62	25.323
501.97	25.379
502.32	25.443
502.67	25.389
503.02	25.466
503.37	25.458
503.72	25.493
504.07	25.492
504.42	25.495
504.77	25.468
505.12	25.46
505.47	25.431
505.82	25.397
506.17	25.427
506.52	25.465
506.87	25.436
507.22	25.487
507.57	25.557
507.92	25.611
508.27	25.607
508.62	25.613
508.97	25.57
509.32	25.517
509.67	25.474
510.02	25.342
510.37	25.346
510.72	25.35
511.07	25.299
511.42	25.21
511.77	25.19
512.12	25.19
512.47	25.173
512.82	25.273
513.17	25.283
513.52	25.332
513.87	25.348
514.22	25.368
514.57	25.319
514.91	25.284
515.26	25.411
515.61	25.4
515.96	25.379
516.31	25.325
516.66	25.25
517.01	25.239
517.36	25.216
517.71	25.172
518.06	25.146
518.41	25.113
518.75	25.115
519.1	24.943
519.45	24.992
519.8	25.019
520.15	25.003
520.5	24.992
520.85	25.016
521.19	24.975
521.54	25.01
521.89	24.999
522.24	25.052
522.59	24.941
522.94	24.944
523.28	24.844
523.63	24.754
523.98	24.735
524.33	24.699
524.68	24.661
525.03	24.624
525.37	24.523
525.72	24.424
526.07	24.403
526.42	24.415
526.76	24.395
527.11	24.366
527.46	24.33
527.81	24.331
528.16	24.356
528.5	24.308
528.85	24.275
529.2	24.291
529.55	24.282
529.89	24.285
530.24	24.266
530.59	24.233
530.94	24.217
531.28	24.21
531.63	24.196
531.98	24.098
532.32	24.133
532.67	24.056
533.02	24.01
533.37	24.088
533.71	24.008
534.06	24.009
534.41	24.029
534.75	24.012
535.1	24.012
535.45	23.943
535.79	23.984
536.14	23.885
536.49	23.941
536.83	23.973
537.18	23.888
537.53	23.886
537.87	23.901
538.22	23.883
538.57	23.899
538.91	23.917
539.26	23.895
539.61	23.79
539.95	23.765
540.3	23.764
540.64	23.736
540.99	23.764
541.34	23.719
541.68	23.705
542.03	23.666
542.37	23.587
542.72	23.511
543.07	23.503
543.41	23.543
543.76	23.607
544.1	23.646
544.45	23.655
544.8	23.653
545.14	23.66
545.49	23.674
545.83	23.708
546.18	23.805
546.52	23.934
546.87	23.966
547.21	23.946
547.56	23.951
547.9	23.881
548.25	23.869
548.59	23.79
548.94	23.909
549.29	23.918
549.63	24.045
549.98	24.05
550.32	24.043
550.67	24.062
551.01	24.086
551.35	24.016
551.7	24.059
552.04	24.061
552.39	24.053
552.73	24.029
553.08	23.981
553.42	23.894
553.77	23.819
554.11	23.713
554.46	23.736
554.8	23.759
555.15	23.842
555.49	23.889
555.83	23.888
556.18	23.911
556.52	23.835
556.87	23.86
557.21	23.9
557.56	23.974
557.9	24.08
558.24	23.946
558.59	23.937
558.93	23.936
559.28	23.886
559.62	23.92
559.96	23.963
560.31	24.022
560.65	24.015
560.99	23.969
561.34	23.963
561.68	23.966
562.02	24.1
562.37	24.149
562.71	24.135
563.06	24.121
563.4	24.205
563.74	24.192
564.09	24.204
564.43	24.222
564.77	24.209
565.11	24.187
565.46	24.095
565.8	23.996
566.14	23.929
566.49	23.896
566.83	23.872
567.17	23.782
567.52	23.792
567.86	23.788
568.2	23.75
568.54	23.868
568.89	23.868
569.23	23.878
569.57	23.854
569.91	23.879
570.26	23.915
570.6	23.91
570.94	23.878
571.28	23.89
571.63	23.937
571.97	23.945
572.31	23.798
572.65	23.835
573	23.813
573.34	23.846
573.68	23.857
574.02	23.857
574.36	23.872
574.71	23.831
575.05	23.8
575.39	23.633
575.73	23.516
576.07	23.498
576.42	23.416
576.76	23.407
577.1	23.423
577.44	23.419
577.78	23.396
578.12	23.369
578.46	23.47
578.81	23.483
579.15	23.581
579.49	23.77
579.83	23.783
580.17	23.932
580.51	23.977
580.85	24.019
581.2	23.918
581.54	24.002
581.88	24.025
582.22	24.097
582.56	24.141
582.9	24.14
583.24	24.069
583.58	24.166
583.92	24.178
584.26	24.231
584.6	24.245
584.95	24.489
585.29	24.514
585.63	24.67
585.97	24.722
586.31	24.711
586.65	24.732
586.99	24.793
587.33	24.823
587.67	24.822
588.01	24.892
588.35	25.018
588.69	24.959
589.03	25.049
589.37	25.09
589.71	25.035
590.05	25.202
590.39	25.301
590.73	25.411
591.07	25.489
591.41	25.662
591.75	25.705
592.09	25.782
592.43	25.936
592.77	25.865
593.11	26.029
593.45	26.158
593.79	26.218
594.13	26.359
594.47	26.521
594.81	26.665
595.14	26.853
595.48	27.118
595.82	27.217
596.16	27.367
596.5	27.631
596.84	27.724
597.18	27.889
597.52	28.019
597.86	28.172
598.2	28.374
598.54	28.553
598.87	28.593
599.21	28.622
599.55	28.846
599.89	28.953
600.23	29.051
600.57	29.128
600.91	29.392
601.25	29.577
601.58	29.799
601.92	29.941
602.26	30.091
602.6	30.239
602.94	30.451
603.28	30.584
603.61	30.821
603.95	31.064
604.29	31.225
604.63	31.212
604.97	31.318
605.3	31.418
605.64	31.418
605.98	31.546
606.32	31.665
606.66	31.631
606.99	31.727
607.33	31.752
607.67	31.677
608.01	31.903
608.34	32.144
608.68	32.251
609.02	32.285
609.36	32.489
609.69	32.584
610.03	32.776
610.37	32.998
610.71	33.046
611.04	33.214
611.38	33.459
611.72	33.438
612.06	33.484
612.39	33.752
612.73	34.136
613.07	34.305
613.4	34.43
613.74	34.456
614.08	34.541
614.41	34.729
614.75	34.774
615.09	34.75
615.42	34.866
615.76	34.83
616.1	34.75
616.43	34.701
616.77	34.698
617.11	34.699
617.44	34.716
617.78	34.775
618.12	34.793
618.45	34.852
618.79	34.904
619.13	35.028
619.46	35.282
619.8	35.497
620.13	35.444
620.47	35.463
620.81	35.448
621.14	35.651
621.48	35.85
621.81	35.797
622.15	35.81
622.48	35.861
622.82	35.869
623.16	35.842
623.49	35.785
623.83	35.893
624.16	35.916
624.5	36.025
624.83	35.909
625.17	36.149
625.5	36.51
625.84	36.51
626.18	36.713
626.51	36.841
626.85	37.042
627.18	36.987
627.52	37.018
627.85	37.21
628.19	37.292
628.52	37.524
628.86	37.249
629.19	37.123
629.53	37.201
629.86	37.142
630.19	37.045
630.53	37.033
630.86	37.178
631.2	37.108
631.53	36.968
631.87	36.954
632.2	37.018
632.54	37.405
632.87	37.356
633.2	37.377
633.54	37.543
633.87	37.667
634.21	37.487
634.54	37.478
634.88	37.521
635.21	37.725
635.54	37.755
635.88	37.464
636.21	37.241
636.55	37.222
636.88	37.34
637.21	37.319
637.55	37.414
637.88	37.442
638.21	37.555
638.55	37.787
638.88	37.638
639.21	37.717
639.55	37.92
639.88	37.923
640.21	37.948
640.55	38.041
640.88	37.835
641.21	37.689
641.55	37.949
641.88	37.792
642.21	37.593
642.55	37.65
642.88	37.807
643.21	37.801
643.55	37.829
643.88	38
644.21	38.025
644.54	38.229
644.88	38.108
645.21	38.026
645.54	38.167
645.87	38.128
646.21	38.066
646.54	37.986
646.87	37.802
647.2	37.766
647.54	37.731
647.87	37.671
648.2	37.56
648.53	37.698
648.87	37.698
649.2	37.799
649.53	37.951
649.86	37.914
650.19	37.723
650.53	37.992
650.86	38.116
651.19	37.906
651.52	37.808
651.85	38.201
652.18	38.136
652.52	38.066
652.85	37.847
653.18	37.8
653.51	37.781
653.84	37.919
654.17	37.982
654.51	37.898
654.84	38.063
655.17	38.02
655.5	37.829
655.83	37.785
656.16	37.649
656.49	37.824
656.82	37.916
657.15	37.864
657.49	37.593
657.82	37.408
658.15	37.106
658.48	37.04
658.81	37.396
659.14	37.306
659.47	37.469
659.8	37.496
660.13	37.377
660.46	37.138
660.79	37.361
661.12	37.466
661.45	37.664
661.78	37.771
662.11	37.844
662.44	37.517
662.77	37.498
663.1	37.477
663.43	37.41
663.76	37.591
664.09	37.622
664.42	37.39
664.75	37.398
665.08	37.539
665.41	37.594
665.74	37.579
666.07	37.534
666.4	37.321
666.73	37.227
667.06	37.214
667.39	36.926
667.72	36.979
668.05	37.024
668.38	36.875
668.71	36.594
669.04	36.683
669.37	36.938
669.7	36.875
670.03	36.926
670.36	36.728
670.69	36.758
671.01	36.663
671.34	36.358
671.67	36.398
672	36.723
672.33	36.395
672.66	36.195
672.99	35.925
673.32	35.764
673.64	35.492
673.97	35.669
674.3	35.487
674.63	35.323
674.96	35.799
675.29	35.703
675.62	35.452
675.94	35.652
676.27	35.776
676.6	35.631
676.93	35.702
677.26	35.967
677.58	35.843
677.91	35.862
678.24	36.169
678.57	35.764
678.9	35.753
679.22	35.814
679.55	35.668
679.88	35.487
680.21	35.28
680.54	35.308
680.86	35.323
681.19	35.356
681.52	35.695
681.85	35.594
682.17	35.722
682.5	35.402
682.83	35.286
683.16	35.18
683.48	35.264
683.81	35.246
684.14	35.07
684.46	34.926
684.79	34.595
685.12	34
685.45	33.474
685.77	33.119
686.1	33.226
686.43	33.156
686.75	33.216
687.08	32.918
687.41	32.836
687.73	32.724
688.06	32.527
688.39	32.588
688.71	32.639
689.04	32.92
689.36	32.913
689.69	33.036
690.02	32.874
690.34	32.472
690.67	32.454
691	32.437
691.32	32.376
691.65	32.284
691.97	32.12
692.3	32.197
692.63	31.979
692.95	32.028
693.28	31.588
693.6	31.396
693.93	31.532
694.26	31.756
694.58	31.636
694.91	31.645
695.23	31.721
695.56	31.478
695.88	31.08
696.21	30.736
696.53	30.25
696.86	30.071
697.18	29.703
697.51	29.658
697.83	29.183
698.16	28.703
698.48	28.122
698.81	27.673
699.13	27.643
699.46	27.526
699.78	27.772
700.11	27.968
700.43	27.961
700.76	27.955
701.08	27.546
701.41	27.365
701.73	27.297
702.06	27.3
702.38	27.263
702.71	27.058
703.03	26.971
703.35	26.425
703.68	26.206
704	25.703
704.33	25.327
704.65	25.123
704.98	24.922
705.3	24.913
705.62	24.781
705.95	24.636
706.27	23.917
706.6	23.5
706.92	23.35
707.24	23.153
707.57	22.936
707.89	23.08
708.21	22.888
708.54	23.019
708.86	22.991
709.18	23.173
709.51	22.84
709.83	22.386
710.15	22.47
710.48	22.255
710.8	21.815
711.12	21.654
711.45	21.118
711.77	21.216
712.09	20.042
712.42	19.581
712.74	18.86
713.06	18.817
713.38	19.077
713.71	18.116
714.03	17.739
714.35	17.324
714.68	17.191
715	16.708
715.32	16.169
715.64	16.417
715.97	16.278
716.29	16.138
716.61	15.536
716.93	15.22
717.25	15.74
717.58	15.548
717.9	15.621
718.22	15.564
718.54	15.663
718.87	15.296
719.19	15.322
719.51	15.522
719.83	15.563
720.15	14.993
720.47	14.984
720.8	14.64
721.12	14.65
721.44	13.2
721.76	12.29
722.08	12.336
722.4	11.48
722.73	10.726
723.05	9.841
723.37	9.271
723.69	9.115
724.01	8.876
724.33	8.218
724.65	7.558
724.97	8.65
725.3	9.128
725.62	9.086
725.94	9.464
726.26	9.497
726.58	9.179
726.9	8.743
727.22	9.526
727.54	8.369
727.86	7.619
728.18	6.194
728.5	5.974
728.82	4.43
729.14	3.95
729.46	3.738
729.78	3.135
730.1	3.095
730.42	3.235
730.74	1.979
731.07	2.078
731.39	2.569
731.71	3.406
732.03	2.649
732.35	3.36
732.66	2.316
732.98	1.495
733.3	1.252
733.62	0.795
733.94	-0.388
734.26	0.031
734.58	0.084
734.9	-0.704
735.22	-1.042
735.54	-0.98
735.86	-0.763
736.18	-0.491
736.5	-0.62
736.82	-0.428
737.14	-0.965
737.46	-0.209
737.78	-0.186
738.1	-0.869
738.41	-0.602
738.73	-0.41
739.05	-0.92
739.37	-0.843
739.69	-0.592
740.01	0
740.33	0.012
740.65	0.148
740.96	0.932
741.28	0.127
741.6	0.244
741.92	-0.697
742.24	-1.007
742.56	-0.672
742.88	-2.311
743.19	-4.102
743.51	-4.871
743.83	-3.512
744.15	-2.962
744.47	-3.694
744.78	-4.211
745.1	-5.158
745.42	-4.742
745.74	-3.745
746.06	-4.097
746.37	-4.225
746.69	-3.325
747.01	-3.722
747.33	-5.144
747.64	-7.434
747.96	-7.796
748.28	-8.397
748.6	-6.795
748.91	-6.013
749.23	-7.097
749.55	-7.906
749.87	-7.453
750.18	-8.154
750.5	-6.837
750.82	-8.111
751.13	-7.332
751.45	-7.997
751.77	-7.58
752.08	-7.547
752.4	-8.432
752.72	-9.258
753.03	-9.744
753.35	-10.336
753.67	-10.104
753.98	-11.351
754.3	-11.851
754.62	-11.312
754.93	-11.241
755.25	-10.745
755.57	-11.998
755.88	-12.152
756.2	-12.321
756.51	-12.838
756.83	-12.693
757.15	-11.942
757.46	-11.774
757.78	-11.073
758.09	-10.991
758.41	-10.417
758.73	-11.802
759.04	-11.174
759.36	-12.527
759.67	-12.423
759.99	-10.839
760.3	-8.329
760.62	-7.916
760.94	-9.243
761.25	-10.597
761.57	-10.089
761.88	-10.426
762.2	-9.941
762.51	-11.379
762.83	-11.16
763.14	-11.636
763.46	-13.199
763.77	-15.09
764.09	-14.55
764.4	-14.89
764.72	-13.421
765.03	-14.853
765.35	-16.03
765.66	-16.024
765.98	-14.246
766.29	-12.353
766.61	-11.914
766.92	-11.412
767.23	-10.616
767.55	-11.607
767.86	-11.265
768.18	-12.764
768.49	-10.717
768.81	-10.956
769.12	-9.687
769.43	-11.099
769.75	-13.03
770.06	-12.09
770.38	-10.388
770.69	-11.808
771	-9.731
771.32	-8.893
771.63	-7.83
771.94	-10.134
772.26	-9.6
772.57	-10.616
772.89	-11.789
773.2	-11.04
773.51	-12.289
773.83	-14.138
774.14	-12.915
774.45	-16.159
774.77	-16.566
775.08	-17.794
775.39	-16.17
775.7	-15.736
776.02	-17.365
776.33	-17.235
776.64	-15.845
776.96	-14.452
777.27	-13.633
777.58	-14.694
777.89	-13.618
778.21	-12.264
778.52	-13.97
778.83	-15.942
779.14	-15.043
779.46	-12.871
779.77	-11.044
780.08	-13.099
780.39	-16.458
780.71	-14.642
781.02	-13.298
781.33	-12.736
781.64	-11.421
781.95	-10.258
782.27	-6.311
782.58	-7.346
782.89	-7.498
783.2	-10.411
783.51	-10.698
783.83	-10.267
784.14	-11.675
784.45	-11.411
784.76	-10.182
785.07	-11.982
785.38	-11.576
785.7	-14.609
786.01	-14.884
786.32	-16.748
786.63	-12.937
786.94	-12.122
787.25	-7.295
787.56	-7.95
787.87	-10.271
788.18	-12.748
788.5	-13.909
788.81	-16.085
789.12	-15.924
789.43	-15.943
789.74	-13.784
790.05	-13.925
790.36	-14.202
790.67	-18.041
790.98	-19.934
791.29	-17.385
791.6	-18.015
791.91	-18.213
792.22	-15.144
792.53	-15.462
792.84	-12.473
793.15	-16.287
793.46	-19.31
793.77	-21.403
794.08	-22.521
794.39	-20.268
794.7	-26.717
795.01	-27.767
795.32	-25.414
795.63	-27.63
795.94	-26.771
796.25	-29.098
796.56	-26.714
796.87	-23.06
797.18	-22.015
797.49	-17.503
797.8	-15.759
798.11	-11.183
798.42	-12.381
798.73	-12.016
799.04	-10.092
799.35	-8.585
799.65	-9.293
799.96	-8.519
800.27	-10.308
800.58	-10.699
800.89	-12.189
801.2	-13.652
801.51	-15.924
801.82	-13.242
802.13	-16.54
802.43	-17.33
802.74	-21.993
803.05	-24.988
803.36	-30.984
803.67	-32.103
803.98	-31.377
804.28	-32.107
804.59	-28.638
804.9	-27.467
805.21	-32.389
805.52	-32.406
805.83	-32.522
806.13	-30.635
806.44	-31.112
806.75	-24.963
807.06	-27.798
807.36	-26.027
807.67	-27.071
807.98	-29.029
808.29	-32.456
808.6	-24.655
808.9	-21.316
809.21	-19.649
809.52	-20.051
809.83	-15.331
810.13	-19.164
810.44	-15.003
810.75	-21.175
811.05	-23.149
811.36	-24.89
811.67	-23.367
811.98	-26.5
812.28	-31.933
812.59	-31.899
812.9	-33.983
813.2	-36.104
813.51	-34.405
813.82	-34.817
814.12	-26.783
814.43	-28.36
814.74	-36.826
815.04	-37.739
815.35	-36.747
815.65	-34.969
815.96	-34.47
816.27	-34.161
816.57	-30.144
816.88	-34.207
817.19	-37.67
817.49	-37.98
817.8	-33.257
818.1	-27.209
818.41	-20.928
818.72	-22.065
819.02	-21.799
819.33	-23.52
819.63	-20.831
819.94	-25.401
820.24	-16.614
820.55	-15.012
820.85	-12.462
821.16	-16.089
821.47	-16.914
821.77	-19.219
822.08	-20.859
822.38	-20.971
822.69	-21.463
822.99	-22.416
823.3	-21.988
823.6	-23.122
823.91	-23.857
824.21	-26.034
824.52	-25.386
824.82	-26.074
825.13	-26.978
825.43	-26.633
825.73	-27.771
826.04	-25.558
826.34	-24.876
826.65	-25.748
826.95	-24.883
827.26	-24.324
827.56	-26.876
827.87	-26.973
828.17	-25.63
828.47	-24.471
828.78	-23.539
829.08	-21.813
829.39	-22.845
829.69	-22.871
829.99	-22.303
830.3	-25.897
830.6	-28.931
830.9	-23.112
831.21	-22.956
831.51	-27.395
831.82	-30.253
832.12	-29.292
832.42	-31.261
832.73	-33.628
833.03	-31.224
833.33	-27.762
833.64	-29.407
833.94	-24.757
834.24	-26.533
834.54	-31.22
834.85	-31.429
835.15	-32.96
835.45	-32.771
835.76	-35.103
836.06	-33.63
836.36	-34.621
836.66	-39.959
836.97	-37.513
837.27	-41.764
837.57	-45.333
837.87	-37.245
838.18	-33.646
838.48	-35.963
838.78	-37.527
839.08	-28.039
839.39	-34.639
839.69	-33.625
839.99	-26.677
840.29	-25.926
840.59	-23.957
840.9	-19.122
841.2	-28.698
841.5	-33.681
841.8	-17.367
842.1	-19.577
842.41	-30.671
842.71	-31.218
843.01	-34.759
843.31	-31.538
843.61	-34.05
843.91	-27.604
844.21	-21.888
844.52	-15.287
844.82	-9.264
845.12	-23.506
845.42	-32.54
845.72	-34.075
846.02	-41.829
846.32	-37.519
846.62	-54.194
846.92	-55.205
847.22	-84.893
847.52	-100.467
847.83	-102.142
848.13	-117.43
848.43	-120.609
848.73	-86.795
849.03	-89.261
849.33	-58.32
849.63	-60.925
849.93	-54.983
850.23	-63.297
850.53	-35.007
850.83	-10.659
851.13	-9.04
851.43	-4.063
851.73	-8.378
852.03	-17.534
852.33	-19.368
852.63	-18.75
852.93	-18.194
853.23	-32.812
853.53	-26.767
853.83	-35.091
854.13	-56.299
854.43	-57.143
854.73	-73.134
855.03	-65.026
855.32	-55.07
855.62	-42.5
855.92	-65.909
856.22	-65.849
856.52	-59.167
856.82	-47.887
857.12	-65.187
857.42	-60.222
857.72	-53.917
858.02	-55.048
858.31	-53.801
858.61	-56.037
858.91	-47.074
859.21	-26.591
859.51	-38.228
859.81	-35.449
860.11	-31.749
860.4	-15.146
860.7	-1.468
861	-13.722
861.3	-12.323
861.6	-12.425
861.9	-5.566
862.19	-4.918
862.49	-17.125
862.79	9.534
863.09	3.421
863.39	-15.042
863.68	-25.703
863.98	-53.968
864.28	-46.501
864.58	-26.471
864.87	-27.229
865.17	-31.69
865.47	-51.799
865.77	-60.317
866.06	-73.747
866.36	-96.501
866.66	-75
866.96	-101.476
867.25	-145.54
867.55	-104.889
867.85	-97.659
868.14	-103.601
868.44	-142.807
868.74	-144
869.03	-209.353
869.33	-258.824
869.63	-91.034
869.92	-106.504
870.22	-67.568
870.52	-56.122
870.81	-57.018
871.11	-35.321
871.41	0
871.7	4.906
872	0.87
872.3	5.956
872.59	-14.325
872.89	-25.693
873.18	-20.26
873.48	-31.5
873.78	-6.998
874.07	-2.183
874.37	-13.702
874.66	-9.407
874.96	-21.22
875.25	-13.258
875.55	-10.165
875.85	5.531
876.14	5.102
876.44	4.267
876.73	30.675
877.03	-9.747
877.32	-28.033
877.62	-16.601
877.91	-98.396
878.21	-71.429
878.5	-92.237
878.8	-134.286
879.09	-151.22
879.39	-99.02
879.68	-114.887
879.98	-95.373
880.27	-59.155
880.57	-54.577
880.86	-56.844
881.16	-31.695
881.45	-30.777
881.74	-34.612
882.04	-36.15
882.33	-37.097
882.63	-34.783
882.92	-33.44
883.22	-31.262
883.51	-33.301
883.8	-34.72
884.1	-35.61
884.39	-35.066
884.69	-37.873
884.98	-35.479
885.27	-30.829
885.57	-33.663
885.86	-37.983
886.15	-36.594
886.45	-53.859
886.74	-56.198
887.03	-43.287
887.33	-46.891
887.62	-53.218
887.91	-140.909
888.21	-52.381
888.5	2350
888.79	-1500
889.09	-24
