190.56	48.485
190.94	48.485
191.32	48.485
191.7	-400
192.08	259.375
192.46	-25.287
192.84	-140
193.22	108.333
193.6	93.798
193.98	135.065
194.36	232
194.74	105.882
195.13	32.143
195.51	570
195.89	123.932
196.27	124.684
196.65	134.646
197.03	240.23
197.4	386.667
197.78	1410.526
198.16	-6600
198.54	2083.333
198.92	751.613
199.3	380.303
199.68	-874.074
200.06	-65.641
200.44	-69.585
200.82	-81.643
201.2	-55.224
201.58	-16.883
201.96	-4.67
202.34	-17.829
202.72	13.131
203.1	6.176
203.48	8.152
203.86	4.871
204.24	4.985
204.62	19.656
205	28.172
205.38	35.498
205.76	46.944
206.13	53.003
206.51	46.714
206.89	22.38
207.27	24.281
207.65	-1.422
208.03	17.886
208.41	-12.921
208.79	-11.842
209.17	-11.628
209.55	-26.071
209.93	-38.73
210.3	-46.894
210.68	-36.088
211.06	-21.445
211.44	-21.237
211.82	-15.28
212.2	-12.4
212.58	-10.627
212.96	-20.862
213.33	-32.104
213.71	-52.334
214.09	-39.655
214.47	-32.644
214.85	-29.724
215.23	-23.602
215.61	-32.952
215.98	-23.92
216.36	-24.189
216.74	-27.796
217.12	-25.484
217.5	-29.611
217.88	-21.557
218.25	-29.709
218.63	-26.117
219.01	-18.428
219.39	-23.022
219.77	-18.758
220.14	-17.323
220.52	-14.896
220.9	-15.204
221.28	-13.992
221.66	-7.975
222.03	-0.972
222.41	0.69
222.79	-1.39
223.17	-6.675
223.55	0
223.92	1.521
224.3	4.507
224.68	3.519
225.06	5.943
225.43	7.24
225.81	4.975
226.19	3.648
226.57	3.535
226.95	3.599
227.32	3.601
227.7	2.757
228.08	1.519
228.46	0.107
228.83	0
229.21	0.831
229.59	1.598
229.96	2.18
230.34	2.071
230.72	2.47
231.1	3.137
231.47	2.896
231.85	2.455
232.23	2.487
232.6	2.21
232.98	3.321
233.36	3.341
233.74	2.563
234.11	2.832
234.49	2.192
234.87	1.623
235.24	1.298
235.62	2.36
236	2.069
236.37	3.309
236.75	4.881
237.13	3.718
237.5	2.766
237.88	3.141
238.26	2.15
238.63	2.854
239.01	3.149
239.39	3.489
239.76	2.444
240.14	2.157
240.52	1.419
240.89	0.633
241.27	0.331
241.65	-0.021
242.02	-0.549
242.4	-0.231
242.77	-0.366
243.15	-0.906
243.53	-0.94
243.9	-0.714
244.28	-0.474
244.66	-0.3
245.03	0.438
245.41	0.632
245.78	1.075
246.16	1.052
246.54	1.123
246.91	1.151
247.29	1.188
247.66	0.816
248.04	1.065
248.41	1.433
248.79	1.296
249.17	0.951
249.54	0.881
249.92	0.348
250.29	0.826
250.67	0.81
251.04	0.503
251.42	1.08
251.8	1.349
252.17	0.887
252.55	0.265
252.92	0.215
253.3	0.445
253.67	0.58
254.05	0.96
254.42	1.063
254.8	0.623
255.17	0.533
255.55	-0.046
255.92	-0.433
256.3	-0.117
256.67	-0.041
257.05	0.455
257.42	0.302
257.8	0.321
258.17	0.179
258.55	-0.046
258.92	0.042
259.3	0.169
259.67	0.095
260.05	0.192
260.42	0.189
260.8	0.197
261.17	0.017
261.55	0.011
261.92	-0.104
262.3	-0.183
262.67	-0.427
263.05	-0.511
263.42	-0.64
263.79	-0.333
264.17	-0.008
264.54	-0.087
264.92	0.012
265.29	-0.153
265.67	-0.154
266.04	-0.089
266.42	0.456
266.79	0.486
267.16	0.47
267.54	0.452
267.91	0.348
268.29	-0.195
268.66	-0.111
269.03	-0.172
269.41	0.17
269.78	-0.009
270.16	0.006
270.53	-0.261
270.9	-0.168
271.28	-0.263
271.65	-0.239
272.03	-0.458
272.4	-0.17
272.77	-0.225
273.15	-0.1
273.52	-0.125
273.89	0.151
274.27	0.201
274.64	-0.036
275.01	0.113
275.39	0.536
275.76	0.735
276.14	0.874
276.51	0.84
276.88	0.988
277.26	0.981
277.63	0.883
278	0.857
278.38	0.704
278.75	1.044
279.12	0.882
279.49	0.693
279.87	0.669
280.24	0.68
280.61	0.656
280.99	0.399
281.36	0.228
281.73	0.169
282.11	0.26
282.48	0.349
282.85	0.1
283.22	0.233
283.6	0.197
283.97	0.179
284.34	0.317
284.71	0.312
285.09	0.431
285.46	0.426
285.83	0.513
286.21	0.352
286.58	0.352
286.95	0.445
287.32	0.208
287.7	0.211
288.07	0.179
288.44	0.169
288.81	0.102
289.18	0.326
289.56	0.403
289.93	0.319
290.3	0.29
290.67	0.404
291.05	0.326
291.42	0.488
291.79	0.412
292.16	0.403
292.53	0.381
292.91	0.603
293.28	0.374
293.65	0.508
294.02	0.792
294.39	1.097
294.76	1.076
295.14	1.341
295.51	1.465
295.88	1.697
296.25	1.777
296.62	1.929
297	2.106
297.37	2.465
297.74	2.661
298.11	2.805
298.48	3.046
298.85	3.38
299.22	3.634
299.6	4.185
299.97	4.768
300.34	5.41
300.71	5.858
301.08	6.31
301.45	6.681
301.82	7.282
302.19	7.896
302.56	8.28
302.94	8.89
303.31	9.571
303.68	10.129
304.05	10.674
304.42	11.21
304.79	11.99
305.16	12.723
305.53	13.568
305.9	14.213
306.27	14.61
306.64	15.335
307.02	16.012
307.39	16.746
307.76	17.267
308.13	17.875
308.5	18.497
308.87	18.999
309.24	19.507
309.61	19.756
309.98	20.266
310.35	20.796
310.72	21.315
311.09	21.844
311.46	22.323
311.83	22.897
312.2	23.371
312.57	23.899
312.94	24.334
313.31	24.869
313.68	25.515
314.05	25.945
314.42	26.493
314.79	26.853
315.16	27.139
315.53	27.262
315.9	27.386
316.27	27.432
316.64	27.564
317.01	27.838
317.38	27.612
317.75	27.719
318.12	27.681
318.49	27.781
318.86	27.931
319.23	28.068
319.6	28.292
319.97	28.206
320.34	28.469
320.71	28.449
321.08	28.325
321.45	28.667
321.82	28.454
322.19	28.516
322.55	28.551
322.92	28.544
323.29	28.427
323.66	28.424
324.03	28.455
324.4	28.289
324.77	28.431
325.14	28.451
325.51	28.323
325.88	28.521
326.25	28.549
326.61	28.583
326.98	28.517
327.35	28.507
327.72	28.465
328.09	28.574
328.46	28.542
328.83	28.39
329.2	28.598
329.56	28.678
329.93	28.564
330.3	28.395
330.67	28.18
331.04	27.818
331.41	27.848
331.78	27.787
332.14	27.819
332.51	27.868
332.88	27.613
333.25	27.356
333.62	27.419
333.99	27.271
334.35	27.33
334.72	27.298
335.09	27.598
335.46	27.514
335.83	27.392
336.19	27.213
336.56	27.169
336.93	27.357
337.3	27.254
337.67	27.1
338.03	27.018
338.4	27.046
338.77	26.997
339.14	26.804
339.5	26.768
339.87	26.823
340.24	26.784
340.61	26.72
340.97	26.592
341.34	26.528
341.71	26.457
342.08	26.477
342.44	26.352
342.81	26.309
343.18	26.213
343.55	26.075
343.91	25.886
344.28	25.817
344.65	25.79
345.02	25.822
345.38	25.799
345.75	25.887
346.12	25.762
346.48	25.77
346.85	25.814
347.22	26.014
347.59	25.848
347.95	26.008
348.32	26.138
348.69	26.029
349.05	25.997
349.42	26.082
349.79	25.939
350.15	26.079
350.52	26.032
350.89	25.981
351.25	25.783
351.62	26.043
351.99	25.98
352.35	25.827
352.72	25.776
353.09	25.652
353.45	25.501
353.82	25.271
354.18	25.213
354.55	25.075
354.92	24.837
355.28	24.754
355.65	24.547
356.02	24.385
356.38	24.378
356.75	24.323
357.11	24.389
357.48	24.315
357.85	24.352
358.21	24.117
358.58	24.044
358.94	23.977
359.31	23.954
359.67	23.78
360.04	23.539
360.41	23.398
360.77	23.367
361.14	23.344
361.5	23.334
361.87	23.27
362.23	23.456
362.6	23.482
362.97	23.56
363.33	23.498
363.7	23.74
364.06	23.885
364.43	23.982
364.79	23.969
365.16	24.03
365.52	24.038
365.89	24.043
366.25	23.96
366.62	23.791
366.98	23.698
367.35	23.654
367.71	23.578
368.08	23.705
368.44	23.532
368.81	23.565
369.17	23.314
369.54	23.369
369.9	23.241
370.27	23.095
370.63	23.179
371	23.162
371.36	22.975
371.73	22.822
372.09	22.654
372.45	22.697
372.82	22.57
373.18	22.416
373.55	22.217
373.91	22.161
374.28	22.011
374.64	21.915
375.01	21.74
375.37	21.717
375.73	21.564
376.1	21.437
376.46	21.295
376.83	21.15
377.19	21.167
377.55	21.091
377.92	20.952
378.28	20.886
378.65	20.778
379.01	20.565
379.37	20.466
379.74	20.375
380.1	20.356
380.47	20.149
380.83	20.156
381.19	19.866
381.56	19.767
381.92	19.732
382.28	19.583
382.65	19.358
383.01	19.399
383.37	19.313
383.74	19.067
384.1	18.847
384.46	18.74
384.83	18.578
385.19	18.593
385.55	18.304
385.92	18.176
386.28	18.037
386.64	17.987
387.01	17.855
387.37	17.736
387.73	17.649
388.1	17.564
388.46	17.437
388.82	17.208
389.18	16.964
389.55	16.869
389.91	16.702
390.27	16.575
390.64	16.357
391	16.192
391.36	16.093
391.72	16.04
392.09	15.84
392.45	15.714
392.81	15.61
393.17	15.539
393.54	15.463
393.9	15.355
394.26	15.321
394.62	15.306
394.99	15.236
395.35	15.151
395.71	14.986
396.07	14.937
396.43	14.836
396.8	14.817
397.16	14.79
397.52	14.695
397.88	14.57
398.24	14.413
398.61	14.237
398.97	14.103
399.33	13.998
399.69	13.955
400.05	13.897
400.42	13.832
400.78	13.691
401.14	13.349
401.5	13.214
401.86	13.149
402.22	13.014
402.59	12.884
402.95	12.875
403.31	12.661
403.67	12.585
404.03	12.492
404.39	12.398
404.75	12.289
405.12	12.281
405.48	12.241
405.84	12.227
406.2	12.211
406.56	12.24
406.92	12.01
407.28	12.011
407.64	11.89
408	11.778
408.36	11.619
408.73	11.508
409.09	11.599
409.45	11.514
409.81	11.356
410.17	11.323
410.53	11.179
410.89	11.209
411.25	11.088
411.61	11.001
411.97	10.99
412.33	10.961
412.69	10.924
413.05	10.727
413.41	10.707
413.77	10.653
414.13	10.585
414.5	10.579
414.86	10.509
415.22	10.484
415.58	10.481
415.94	10.331
416.3	10.296
416.66	10.227
417.02	10.215
417.38	10.14
417.74	10.126
418.1	9.921
418.46	9.777
418.82	9.716
419.18	9.609
419.54	9.551
419.9	9.51
420.26	9.485
420.61	9.483
420.97	9.419
421.33	9.387
421.69	9.275
422.05	9.4
422.41	9.503
422.77	9.466
423.13	9.489
423.49	9.487
423.85	9.476
424.21	9.455
424.57	9.408
424.93	9.448
425.29	9.467
425.65	9.546
426.01	9.473
426.36	9.414
426.72	9.496
427.08	9.538
427.44	9.531
427.8	9.582
428.16	9.669
428.52	9.702
428.88	9.694
429.24	9.681
429.59	9.698
429.95	9.732
430.31	9.75
430.67	9.7
431.03	9.776
431.39	9.842
431.75	9.903
432.1	9.961
432.46	10.007
432.82	9.966
433.18	10.089
433.54	10.154
433.9	10.192
434.25	10.229
434.61	10.342
434.97	10.383
435.33	10.39
435.69	10.375
436.04	10.367
436.4	10.461
436.76	10.617
437.12	10.574
437.48	10.611
437.83	10.723
438.19	10.833
438.55	10.914
438.91	10.895
439.27	10.936
439.62	10.969
439.98	11.043
440.34	11.029
440.7	11.067
441.05	11.115
441.41	11.086
441.77	11.086
442.13	11.017
442.48	10.993
442.84	11.056
443.2	11.102
443.56	11.186
443.91	11.139
444.27	11.185
444.63	11.146
444.98	11.164
445.34	11.22
445.7	11.213
446.05	11.215
446.41	11.157
446.77	11.1
447.13	11.06
447.48	11.043
447.84	11.022
448.2	10.95
448.55	10.929
448.91	10.861
449.27	10.773
449.62	10.704
449.98	10.684
450.34	10.728
450.69	10.647
451.05	10.615
451.4	10.534
451.76	10.543
452.12	10.53
452.47	10.44
452.83	10.446
453.19	10.468
453.54	10.469
453.9	10.491
454.25	10.43
454.61	10.476
454.97	10.477
455.32	10.511
455.68	10.436
456.03	10.393
456.39	10.414
456.75	10.348
457.1	10.313
457.46	10.204
457.81	10.152
458.17	10.094
458.52	10.127
458.88	10.136
459.24	10.105
459.59	10.1
459.95	10.127
460.3	10.123
460.66	10.149
461.01	10.163
461.37	10.206
461.72	10.162
462.08	10.182
462.43	10.097
462.79	10.129
463.14	10.062
463.5	10.081
463.85	10.117
464.21	10.151
464.56	10.19
464.92	10.179
465.27	10.229
465.63	10.336
465.98	10.321
466.34	10.417
466.69	10.386
467.05	10.51
467.4	10.601
467.76	10.572
468.11	10.652
468.47	10.668
468.82	10.67
469.18	10.7
469.53	10.735
469.88	10.813
470.24	10.809
470.59	10.848
470.95	10.778
471.3	10.77
471.66	10.824
472.01	10.853
472.36	10.854
472.72	10.938
473.07	10.927
473.43	10.905
473.78	10.895
474.13	10.95
474.49	10.95
474.84	11.059
475.19	11.008
475.55	10.99
475.9	10.929
476.26	10.995
476.61	10.91
476.96	10.956
477.32	10.959
477.67	10.988
478.02	10.931
478.38	10.963
478.73	10.902
479.08	10.878
479.44	10.85
479.79	10.817
480.14	10.71
480.5	10.679
480.85	10.633
481.2	10.621
481.56	10.585
481.91	10.558
482.26	10.571
482.62	10.535
482.97	10.582
483.32	10.6
483.67	10.614
484.03	10.634
484.38	10.656
484.73	10.653
485.08	10.64
485.44	10.643
485.79	10.651
486.14	10.627
486.49	10.652
486.85	10.667
487.2	10.626
487.55	10.634
487.9	10.673
488.26	10.719
488.61	10.748
488.96	10.786
489.31	10.831
489.67	10.895
490.02	10.953
490.37	11.053
490.72	11.075
491.07	11.185
491.43	11.254
491.78	11.296
492.13	11.344
492.48	11.411
492.83	11.473
493.19	11.593
493.54	11.668
493.89	11.778
494.24	11.881
494.59	12.067
494.94	12.239
495.29	12.39
495.65	12.519
496	12.647
496.35	12.826
496.7	12.99
497.05	13.09
497.4	13.28
497.75	13.412
498.11	13.526
498.46	13.652
498.81	13.802
499.16	13.912
499.51	14.045
499.86	14.236
500.21	14.348
500.56	14.51
500.91	14.784
501.26	14.957
501.62	15.168
501.97	15.366
502.32	15.56
502.67	15.718
503.02	15.932
503.37	16.158
503.72	16.246
504.07	16.413
504.42	16.643
504.77	16.737
505.12	16.899
505.47	17.086
505.82	17.264
506.17	17.398
506.52	17.588
506.87	17.737
507.22	17.912
507.57	18.159
507.92	18.406
508.27	18.601
508.62	18.807
508.97	19.065
509.32	19.184
509.67	19.375
510.02	19.61
510.37	19.771
510.72	19.997
511.07	20.126
511.42	20.345
511.77	20.524
512.12	20.623
512.47	20.704
512.82	20.819
513.17	20.992
513.52	21.167
513.87	21.268
514.22	21.44
514.57	21.558
514.91	21.671
515.26	21.714
515.61	21.774
515.96	21.935
516.31	22.057
516.66	22.159
517.01	22.282
517.36	22.328
517.71	22.38
518.06	22.473
518.41	22.502
518.75	22.609
519.1	22.653
519.45	22.679
519.8	22.674
520.15	22.737
520.5	22.739
520.85	22.77
521.19	22.791
521.54	22.831
521.89	22.783
522.24	22.788
522.59	22.793
522.94	22.786
523.28	22.805
523.63	22.807
523.98	22.764
524.33	22.768
524.68	22.736
525.03	22.646
525.37	22.584
525.72	22.575
526.07	22.554
526.42	22.539
526.76	22.558
527.11	22.561
527.46	22.54
527.81	22.506
528.16	22.479
528.5	22.426
528.85	22.41
529.2	22.423
529.55	22.391
529.89	22.354
530.24	22.323
530.59	22.222
530.94	22.126
531.28	22.096
531.63	22.053
531.98	21.975
532.32	21.942
532.67	21.944
533.02	21.882
533.37	21.872
533.71	21.836
534.06	21.808
534.41	21.817
534.75	21.809
535.1	21.76
535.45	21.731
535.79	21.68
536.14	21.615
536.49	21.576
536.83	21.5
537.18	21.392
537.53	21.404
537.87	21.306
538.22	21.248
538.57	21.216
538.91	21.163
539.26	21.132
539.61	21.15
539.95	21.193
540.3	21.21
540.64	21.195
540.99	21.203
541.34	21.192
541.68	21.205
542.03	21.221
542.37	21.217
542.72	21.232
543.07	21.256
543.41	21.296
543.76	21.292
544.1	21.269
544.45	21.32
544.8	21.342
545.14	21.356
545.49	21.358
545.83	21.402
546.18	21.414
546.52	21.365
546.87	21.289
547.21	21.217
547.56	21.279
547.9	21.302
548.25	21.319
548.59	21.357
548.94	21.344
549.29	21.359
549.63	21.36
549.98	21.452
550.32	21.52
550.67	21.616
551.01	21.631
551.35	21.575
551.7	21.634
552.04	21.704
552.39	21.707
552.73	21.718
553.08	21.79
553.42	21.784
553.77	21.703
554.11	21.719
554.46	21.71
554.8	21.782
555.15	21.86
555.49	21.762
555.83	21.696
556.18	21.669
556.52	21.732
556.87	21.777
557.21	21.801
557.56	21.843
557.9	21.852
558.24	21.972
558.59	21.959
558.93	21.909
559.28	21.977
559.62	22.01
559.96	21.995
560.31	21.979
560.65	21.863
560.99	21.814
561.34	21.814
561.68	21.813
562.02	21.706
562.37	21.688
562.71	21.622
563.06	21.565
563.4	21.594
563.74	21.652
564.09	21.648
564.43	21.72
564.77	21.712
565.11	21.642
565.46	21.664
565.8	21.549
566.14	21.496
566.49	21.472
566.83	21.491
567.17	21.41
567.52	21.323
567.86	21.223
568.2	21.08
568.54	21.023
568.89	20.952
569.23	20.831
569.57	20.906
569.91	20.851
570.26	20.841
570.6	20.777
570.94	20.715
571.28	20.683
571.63	20.641
571.97	20.545
572.31	20.405
572.65	20.392
573	20.284
573.34	20.212
573.68	20.148
574.02	19.99
574.36	19.929
574.71	19.835
575.05	19.753
575.39	19.718
575.73	19.727
576.07	19.773
576.42	19.707
576.76	19.751
577.1	19.695
577.44	19.769
577.78	19.841
578.12	19.802
578.46	19.827
578.81	19.901
579.15	19.87
579.49	19.915
579.83	19.944
580.17	19.95
580.51	19.978
580.85	19.982
581.2	19.95
581.54	19.987
581.88	20.041
582.22	20.164
582.56	20.173
582.9	20.292
583.24	20.313
583.58	20.404
583.92	20.543
584.26	20.708
584.6	20.829
584.95	20.956
585.29	21.083
585.63	21.26
585.97	21.348
586.31	21.477
586.65	21.634
586.99	21.857
587.33	21.995
587.67	22.059
588.01	22.057
588.35	22.164
588.69	22.243
589.03	22.367
589.37	22.445
589.71	22.491
590.05	22.667
590.39	22.746
590.73	22.803
591.07	22.797
591.41	22.834
591.75	22.98
592.09	23.082
592.43	23.165
592.77	23.206
593.11	23.217
593.45	23.283
593.79	23.301
594.13	23.381
594.47	23.459
594.81	23.647
595.14	23.767
595.48	23.77
595.82	23.942
596.16	23.981
596.5	24.003
596.84	24.042
597.18	24.09
597.52	24.112
597.86	24.101
598.2	24.1
598.54	24.072
598.87	24.149
599.21	24.187
599.55	24.095
599.89	24.167
600.23	24.25
600.57	24.346
600.91	24.413
601.25	24.421
601.58	24.375
601.92	24.343
602.26	24.324
602.6	24.304
602.94	24.331
603.28	24.232
603.61	24.174
603.95	24.214
604.29	24.283
604.63	24.215
604.97	24.186
605.3	24.19
605.64	24.182
605.98	24.209
606.32	24.193
606.66	24.15
606.99	24.245
607.33	24.259
607.67	24.202
608.01	24.082
608.34	24.07
608.68	24.138
609.02	24.225
609.36	24.411
609.69	24.439
610.03	24.474
610.37	24.564
610.71	24.57
611.04	24.591
611.38	24.627
611.72	24.743
612.06	24.817
612.39	24.844
612.73	24.84
613.07	24.651
613.4	24.691
613.74	24.663
614.08	24.739
614.41	24.77
614.75	24.798
615.09	24.843
615.42	24.798
615.76	24.807
616.1	24.845
616.43	24.843
616.77	24.767
617.11	24.756
617.44	24.82
617.78	24.631
618.12	24.688
618.45	24.667
618.79	24.584
619.13	24.619
619.46	24.63
619.8	24.585
620.13	24.612
620.47	24.67
620.81	24.612
621.14	24.651
621.48	24.718
621.81	24.704
622.15	24.705
622.48	24.671
622.82	24.64
623.16	24.739
623.49	24.699
623.83	24.634
624.16	24.805
624.5	24.896
624.83	24.928
625.17	24.908
625.5	24.908
625.84	24.939
626.18	25.061
626.51	25.139
626.85	25.02
627.18	24.996
627.52	24.997
627.85	24.903
628.19	24.919
628.52	24.75
628.86	24.773
629.19	24.587
629.53	24.578
629.86	24.383
630.19	24.228
630.53	24.294
630.86	24.397
631.2	24.356
631.53	24.303
631.87	24.287
632.2	24.289
632.54	24.327
632.87	24.43
633.2	24.441
633.54	24.578
633.87	24.56
634.21	24.52
634.54	24.465
634.88	24.537
635.21	24.669
635.54	24.475
635.88	24.63
636.21	24.618
636.55	24.613
636.88	24.603
637.21	24.622
637.55	24.683
637.88	24.571
638.21	24.44
638.55	24.373
638.88	24.365
639.21	24.415
639.55	24.275
639.88	24.2
640.21	24.225
640.55	24.155
640.88	24.132
641.21	24.004
641.55	24.084
641.88	24.194
642.21	24.155
642.55	23.982
642.88	23.984
643.21	24.071
643.55	24.051
643.88	24.056
644.21	24.035
644.54	24.019
644.88	23.976
645.21	23.988
645.54	23.769
645.87	23.87
646.21	23.965
646.54	23.779
646.87	23.706
647.2	23.572
647.54	23.584
647.87	23.521
648.2	23.418
648.53	23.447
648.87	23.32
649.2	23.46
649.53	23.285
649.86	23.197
650.19	23.362
650.53	23.328
650.86	23.36
651.19	23.283
651.52	23.319
651.85	23.329
652.18	23.31
652.52	23.356
652.85	23.351
653.18	23.337
653.51	23.284
653.84	23.028
654.17	22.887
654.51	22.985
654.84	22.971
655.17	22.805
655.5	22.539
655.83	22.561
656.16	22.485
656.49	22.264
656.82	22.116
657.15	21.987
657.49	22.088
657.82	22.132
658.15	21.926
658.48	21.752
658.81	21.617
659.14	21.739
659.47	21.542
659.8	21.326
660.13	21.253
660.46	21.177
660.79	21.171
661.12	21.056
661.45	20.846
661.78	20.903
662.11	20.801
662.44	20.807
662.77	20.523
663.1	20.522
663.43	20.531
663.76	20.127
664.09	19.989
664.42	19.753
664.75	19.5
665.08	19.539
665.41	19.31
665.74	19.068
666.07	19.111
666.4	18.984
666.73	18.844
667.06	18.633
667.39	18.833
667.72	18.838
668.05	18.749
668.38	18.824
668.71	18.671
669.04	18.533
669.37	18.533
669.7	18.186
670.03	18.366
670.36	18.156
670.69	18.01
671.01	17.917
671.34	17.621
671.67	17.616
672	17.493
672.33	17.277
672.66	17.171
672.99	17.049
673.32	17.036
673.64	16.558
673.97	16.538
674.3	16.534
674.63	16.42
674.96	16.305
675.29	15.999
675.62	15.702
675.94	15.328
676.27	14.817
676.6	14.617
676.93	14.345
677.26	14.328
677.58	14.049
677.91	13.82
678.24	13.527
678.57	13.381
678.9	13.112
679.22	12.91
679.55	12.873
679.88	12.898
680.21	12.581
680.54	12.078
680.86	11.564
681.19	11.153
681.52	10.914
681.85	10.591
682.17	10.179
682.5	9.958
682.83	9.577
683.16	9.207
683.48	8.731
683.81	8.524
684.14	8.535
684.46	8.346
684.79	8.261
685.12	7.779
685.45	7.27
685.77	7.182
686.1	6.936
686.43	6.678
686.75	6.478
687.08	6.504
687.41	6.424
687.73	6.038
688.06	5.597
688.39	5.265
688.71	5.111
689.04	5.013
689.36	4.63
689.69	4.363
690.02	4.373
690.34	3.968
690.67	3.5
691	2.841
691.32	2.63
691.65	2.468
691.97	2.369
692.3	2.122
692.63	1.905
692.95	1.693
693.28	1.222
693.6	0.488
693.93	0.276
694.26	0.089
694.58	-0.069
694.91	-0.428
695.23	-0.526
695.56	-1.293
695.88	-1.578
696.21	-1.563
696.53	-1.467
696.86	-1.392
697.18	-1.249
697.51	-1.131
697.83	-1.275
698.16	-1.346
698.48	-1.38
698.81	-1.3
699.13	-1.281
699.46	-1.384
699.78	-1.864
700.11	-2.384
700.43	-2.872
700.76	-3.199
701.08	-4.077
701.41	-4.527
701.73	-4.958
702.06	-5.67
702.38	-6.295
702.71	-6.978
703.03	-7.357
703.35	-7.539
703.68	-7.991
704	-8.573
704.33	-8.71
704.65	-8.513
704.98	-8.83
705.3	-8.958
705.62	-9.048
705.95	-9.54
706.27	-9.271
706.6	-9.615
706.92	-9.533
707.24	-10.319
707.57	-10.672
707.89	-11.318
708.21	-11.604
708.54	-11.751
708.86	-12.206
709.18	-11.945
709.51	-12.233
709.83	-12.268
710.15	-12.583
710.48	-12.898
710.8	-12.152
711.12	-11.699
711.45	-12.021
711.77	-12.185
712.09	-12.389
712.42	-12.85
712.74	-13.176
713.06	-12.925
713.38	-13.12
713.71	-13.682
714.03	-14.315
714.35	-14.757
714.68	-14.86
715	-14.738
715.32	-14.39
715.64	-14.347
715.97	-14.164
716.29	-14.391
716.61	-14.654
716.93	-15.701
717.25	-14.894
717.58	-14.592
717.9	-14.56
718.22	-15.252
718.54	-15.563
718.87	-16.993
719.19	-17.412
719.51	-17.277
719.83	-18.28
720.15	-19.645
720.47	-19.193
720.8	-19.703
721.12	-19.9
721.44	-20.17
721.76	-20.354
722.08	-20.311
722.4	-19.953
722.73	-19.398
723.05	-19.896
723.37	-19.248
723.69	-18.706
724.01	-18.967
724.33	-20.208
724.65	-20.706
724.97	-21.058
725.3	-20.496
725.62	-20.47
725.94	-20.375
726.26	-22.127
726.58	-22.904
726.9	-23.331
727.22	-22.93
727.54	-22.936
727.86	-22.616
728.18	-22.4
728.5	-22.967
728.82	-23.929
729.14	-23.973
729.46	-24.502
729.78	-23.609
730.1	-23.018
730.42	-23.22
730.74	-23.558
731.07	-23.527
731.39	-23.039
731.71	-22.389
732.03	-22.445
732.35	-21.833
732.66	-21.903
732.98	-21.784
733.3	-22.695
733.62	-23.409
733.94	-22.851
734.26	-23.07
734.58	-23.821
734.9	-23.293
735.22	-24.704
735.54	-24.473
735.86	-24.021
736.18	-23.856
736.5	-24.267
736.82	-23.085
737.14	-22.623
737.46	-22.844
737.78	-22.198
738.1	-21.647
738.41	-22.054
738.73	-21.289
739.05	-20.981
739.37	-21.629
739.69	-22.315
740.01	-22.365
740.33	-23.55
740.65	-23.812
740.96	-24.074
741.28	-24.14
741.6	-23.817
741.92	-23.954
742.24	-25.049
742.56	-25.509
742.88	-26.499
743.19	-26.079
743.51	-26.18
743.83	-25.472
744.15	-26.078
744.47	-26.172
744.78	-26.055
745.1	-26.988
745.42	-28.306
745.74	-28.31
746.06	-28.021
746.37	-27.04
746.69	-28.254
747.01	-27.679
747.33	-28.032
747.64	-27.982
747.96	-28.976
748.28	-29.345
748.6	-27.757
748.91	-27.203
749.23	-26.99
749.55	-26.638
749.87	-25.947
750.18	-25.386
750.5	-25.461
750.82	-24.89
751.13	-23.626
751.45	-23.662
751.77	-25.213
752.08	-26.926
752.4	-26.606
752.72	-26.717
753.03	-28.219
753.35	-29.63
753.67	-30.386
753.98	-31.265
754.3	-31.234
754.62	-32.024
754.93	-30.706
755.25	-29.679
755.57	-29.813
755.88	-30.857
756.2	-30.429
756.51	-30.187
756.83	-30.102
757.15	-30.164
757.46	-29.831
757.78	-30.835
758.09	-30.306
758.41	-30.551
758.73	-31.058
759.04	-31.018
759.36	-30.515
759.67	-32.284
759.99	-31.292
760.3	-31.126
760.62	-30.734
760.94	-31.807
761.25	-31.558
761.57	-32.141
761.88	-32.342
762.2	-31.463
762.51	-30.953
762.83	-31.642
763.14	-30.902
763.46	-30.818
763.77	-30.726
764.09	-31.128
764.4	-30.051
764.72	-29.979
765.03	-30.197
765.35	-30.868
765.66	-32.407
765.98	-32.496
766.29	-31.901
766.61	-32.17
766.92	-32.3
767.23	-33.429
767.55	-33.324
767.86	-33.766
768.18	-33.67
768.49	-34.735
768.81	-32.832
769.12	-31.618
769.43	-32.638
769.75	-32.914
770.06	-31.756
770.38	-32.357
770.69	-32.316
771	-32.178
771.32	-33.216
771.63	-33.149
771.94	-32.243
772.26	-32.625
772.57	-33.766
772.89	-33.657
773.2	-33.005
773.51	-33.748
773.83	-35.783
774.14	-35.119
774.45	-35.611
774.77	-34.658
775.08	-34.774
775.39	-33.9
775.7	-34.584
776.02	-30.982
776.33	-30.809
776.64	-30.811
776.96	-31.739
777.27	-30.397
777.58	-31.182
777.89	-29.441
778.21	-30.495
778.52	-32.778
778.83	-33.525
779.14	-33.192
779.46	-35.568
779.77	-35.921
780.08	-36.171
780.39	-35.351
780.71	-34.607
781.02	-34.769
781.33	-38.514
781.64	-35.662
781.95	-33.748
782.27	-34.902
782.58	-35.41
782.89	-35.644
783.2	-35.394
783.51	-35.946
783.83	-37.028
784.14	-38.893
784.45	-36.305
784.76	-35.991
785.07	-36.461
785.38	-35.469
785.7	-32.054
786.01	-30.175
786.32	-29.917
786.63	-31.704
786.94	-30.558
787.25	-30.893
787.56	-30.363
787.87	-31.945
788.18	-30.296
788.5	-29.941
788.81	-31.904
789.12	-31.77
789.43	-34.095
789.74	-36.827
790.05	-35.449
790.36	-35.901
790.67	-33.172
790.98	-33.48
791.29	-33.482
791.6	-31.709
791.91	-34.815
792.22	-33.865
792.53	-38.139
792.84	-36.482
793.15	-32.735
793.46	-31.683
793.77	-33.765
794.08	-35.879
794.39	-35.72
794.7	-34.765
795.01	-37.334
795.32	-36.196
795.63	-36.14
795.94	-32.946
796.25	-35.373
796.56	-38.282
796.87	-37.336
797.18	-35.693
797.49	-38.282
797.8	-36.438
798.11	-37.072
798.42	-35.676
798.73	-36.807
799.04	-36.453
799.35	-41.439
799.65	-39.927
799.96	-35.207
800.27	-37.448
800.58	-39.635
800.89	-35.73
801.2	-37.011
801.51	-35.193
801.82	-34.404
802.13	-33.218
802.43	-33.074
802.74	-30.344
803.05	-32.941
803.36	-33.323
803.67	-30.744
803.98	-30.269
804.28	-30.106
804.59	-32.406
804.9	-36.069
805.21	-35.434
805.52	-35.116
805.83	-35.074
806.13	-35.149
806.44	-37.132
806.75	-39.644
807.06	-41.441
807.36	-41.276
807.67	-42.671
807.98	-40.979
808.29	-39.388
808.6	-41.686
808.9	-42.499
809.21	-41.006
809.52	-39.521
809.83	-38.359
810.13	-40.317
810.44	-37.1
810.75	-35.648
811.05	-34.653
811.36	-34.857
811.67	-34.899
811.98	-35.053
812.28	-34.452
812.59	-36.193
812.9	-35.6
813.2	-34.147
813.51	-32.421
813.82	-35.495
814.12	-34.281
814.43	-36.243
814.74	-35.889
815.04	-35.29
815.35	-37.946
815.65	-37.423
815.96	-38.897
816.27	-39.758
816.57	-38.356
816.88	-40.642
817.19	-44.667
817.49	-46.924
817.8	-47.403
818.1	-44.255
818.41	-48.737
818.72	-43.755
819.02	-43.589
819.33	-39.535
819.63	-40.806
819.94	-41.373
820.24	-41.3
820.55	-40.646
820.85	-39.127
821.16	-37.638
821.47	-38.595
821.77	-36.939
822.08	-37.821
822.38	-38.795
822.69	-39.918
822.99	-39.805
823.3	-38.952
823.6	-38.293
823.91	-37.517
824.21	-37.283
824.52	-37.49
824.82	-38.506
825.13	-38.967
825.43	-39.006
825.73	-37.641
826.04	-36.708
826.34	-35.749
826.65	-35.892
826.95	-36.665
827.26	-37.147
827.56	-38.179
827.87	-38.295
828.17	-34.959
828.47	-35.096
828.78	-35.791
829.08	-35.181
829.39	-36.022
829.69	-35.823
829.99	-36.89
830.3	-36.819
830.6	-35.146
830.9	-31.99
831.21	-33.234
831.51	-40.334
831.82	-38.262
832.12	-40.224
832.42	-42.32
832.73	-38.319
833.03	-37.551
833.33	-36.719
833.64	-36.272
833.94	-36.108
834.24	-37.25
834.54	-37.183
834.85	-33.72
835.15	-35.619
835.45	-32.1
835.76	-33.88
836.06	-35.709
836.36	-37.328
836.66	-37.667
836.97	-36.53
837.27	-34.645
837.57	-35.545
837.87	-35.678
838.18	-34.551
838.48	-40.431
838.78	-40.202
839.08	-36.39
839.39	-36.585
839.69	-35.793
839.99	-40.405
840.29	-43.66
840.59	-54.566
840.9	-53.113
841.2	-49.135
841.5	-53.429
841.8	-45.974
842.1	-46.255
842.41	-52.174
842.71	-51.572
843.01	-51.542
843.31	-44.851
843.61	-39.243
843.91	-30.802
844.21	-38.844
844.52	-41.659
844.82	-39.707
845.12	-41.319
845.42	-45.564
845.72	-48.247
846.02	-49.808
846.32	-53.141
846.62	-51.397
846.92	-68.736
847.22	-81.348
847.52	-77.14
847.83	-78.295
848.13	-65.427
848.43	-68.026
848.73	-75.405
849.03	-64.894
849.33	-64.946
849.63	-66.81
849.93	-86.035
850.23	-74.453
850.53	-71.892
850.83	-70.282
851.13	-62.887
851.43	-85.345
851.73	-73.801
852.03	-65.191
852.33	-62.782
852.63	-66.667
852.93	-64.142
853.23	-47.235
853.53	-48.284
853.83	-57.842
854.13	-47.794
854.43	-63.689
854.73	-86.175
855.03	-105.128
855.32	-103.71
855.62	-89.034
855.92	-100.696
856.22	-93.478
856.52	-99.684
856.82	-79.107
857.12	-54.304
857.42	-68.716
857.72	-48.936
858.02	-27.939
858.31	-19.68
858.61	-16.129
858.91	-22.971
859.21	-18.592
859.51	-15.062
859.81	-11.683
860.11	-15.848
860.4	-21.316
860.7	-2.114
861	-2.76
861.3	1.263
861.6	-3.869
861.9	-2.611
862.19	-7.037
862.49	-0.29
862.79	-7.257
863.09	-11.126
863.39	-8.912
863.68	-11.367
863.98	-31.081
864.28	-28.852
864.58	-26.054
864.87	-33.638
865.17	-41.98
865.47	-49.718
865.77	-60.947
866.06	-50.209
866.36	-53.095
866.66	-78.788
866.96	-65.217
867.25	-50.8
867.55	-59.358
867.85	-72.53
868.14	-71.067
868.44	-70.242
868.74	-76.238
869.03	-64.536
869.33	-81.722
869.63	-68.478
869.92	-47.833
870.22	-72.348
870.52	-89.405
870.81	-81.801
871.11	-86.298
871.41	-75.056
871.7	-68.88
872	-38.809
872.3	-39.739
872.59	-37.351
872.89	-51.079
873.18	-56.022
873.48	-36.054
873.78	-38.078
874.07	-45.081
874.37	-41.911
874.66	-33.526
874.96	-53.146
875.25	-61.728
875.55	-59.9
875.85	-68.354
876.14	-68.089
876.44	-80.476
876.73	-80.998
877.03	-74.052
877.32	-72.917
877.62	-77.488
877.91	-66.263
878.21	-50.696
878.5	-62.715
878.8	-57.118
879.09	-48.793
879.39	-38.64
879.68	-31.38
879.98	-34.889
880.27	-31.492
880.57	-36.803
880.86	-38.163
881.16	-45.131
881.45	-45.363
881.74	-43.308
882.04	-42.731
882.33	-44.47
882.63	-44.851
882.92	-48.136
883.22	-42.269
883.51	-43.765
883.8	-42.704
884.1	-42.919
884.39	-41.854
884.69	-41.295
884.98	-40.415
885.27	-41.483
885.57	-38.726
885.86	-40.827
886.15	-33.905
886.45	-39.756
886.74	-39.701
887.03	-40.417
887.33	-35.521
887.62	-42.029
887.91	21.569
888.21	-188.571
888.5	-55.172
888.79	16.304
889.09	-866.667
