190.56	-29.412
190.94	-29.412
191.32	-29.412
191.7	4800
192.08	84.091
192.46	686.207
192.84	19838930960488100
193.22	210.526
193.6	65.031
193.98	105.455
194.36	83.951
194.74	85.096
195.13	87.283
195.51	92.344
195.89	119.048
196.27	123.881
196.65	113.772
197.03	123.196
197.4	156.198
197.78	-1320
198.16	-278.378
198.54	-103.54
198.92	-108.108
199.3	-68.889
199.68	-35.429
200.06	-6.939
200.44	-10.943
200.82	2.473
201.2	-2.847
201.58	-42.692
201.96	-45.031
202.34	-39.329
202.72	-36.543
203.1	-32.519
203.48	-20.152
203.86	-12.388
204.24	-5.669
204.62	5.747
205	11.48
205.38	15.547
205.76	26.974
206.13	45.997
206.51	35.975
206.89	36.533
207.27	36.867
207.65	20.189
208.03	22.853
208.41	17.595
208.79	5.157
209.17	-10.324
209.55	-16.37
209.93	-15.548
210.3	-34.899
210.68	-8.411
211.06	5.988
211.44	10.086
211.82	18.182
212.2	13.443
212.58	26.65
212.96	34.643
213.33	22.33
213.71	25.459
214.09	17.523
214.47	12
214.85	33.414
215.23	26.897
215.61	23.014
215.98	18.659
216.36	-5.62
216.74	0.348
217.12	12.517
217.5	16.389
217.88	19.709
218.25	14.245
218.63	13.808
219.01	9.467
219.39	7.072
219.77	12.968
220.14	17.332
220.52	21.073
220.9	18.854
221.28	13.113
221.66	14.758
222.03	11.63
222.41	14.969
222.79	14.696
223.17	7.965
223.55	8.006
223.92	-2.089
224.3	-2.123
224.68	2.701
225.06	-0.443
225.43	-4.442
225.81	-2.843
226.19	-2.811
226.57	-4.037
226.95	-0.847
227.32	1.479
227.7	1.72
228.08	2.749
228.46	2.994
228.83	3.361
229.21	5.041
229.59	6.544
229.96	5.874
230.34	6.853
230.72	6.997
231.1	7.092
231.47	6.094
231.85	6.225
232.23	6.402
232.6	6.965
232.98	6.553
233.36	5.257
233.74	3.743
234.11	4.046
234.49	2.162
234.87	3.021
235.24	1.134
235.62	1.4
236	1.131
236.37	1.105
236.75	0.102
237.13	0.383
237.5	-0.133
237.88	0.885
238.26	0.282
238.63	1.009
239.01	1.194
239.39	2.746
239.76	3.101
240.14	3.288
240.52	3.57
240.89	3.438
241.27	2.513
241.65	2.542
242.02	2.247
242.4	2.718
242.77	2.634
243.15	2.252
243.53	1.622
243.9	1.482
244.28	1.839
244.66	1.775
245.03	2.008
245.41	2.765
245.78	3.078
246.16	3.417
246.54	3.527
246.91	3.243
247.29	3.092
247.66	3.502
248.04	3.855
248.41	3.986
248.79	3.69
249.17	3.593
249.54	3.563
249.92	3.395
250.29	3.118
250.67	2.922
251.04	2.964
251.42	3.259
251.8	2.956
252.17	2.96
252.55	2.617
252.92	2.545
253.3	2.91
253.67	3.005
254.05	3.061
254.42	3.571
254.8	3.899
255.17	3.794
255.55	3.714
255.92	3.757
256.3	3.181
256.67	3.398
257.05	3.825
257.42	3.363
257.8	2.746
258.17	2.75
258.55	2.439
258.92	2.365
259.3	2.828
259.67	2.669
260.05	2.567
260.42	2.691
260.8	2.508
261.17	2.347
261.55	2.315
261.92	2.44
262.3	2.219
262.67	2.033
263.05	1.797
263.42	1.2
263.79	1.067
264.17	0.928
264.54	0.784
264.92	0.516
265.29	0.814
265.67	1.133
266.04	1.014
266.42	1.398
266.79	1.687
267.16	1.84
267.54	1.956
267.91	2.252
268.29	2.386
268.66	2.597
269.03	2.825
269.41	2.647
269.78	2.535
270.16	2.576
270.53	2.565
270.9	2.415
271.28	2.324
271.65	2.401
272.03	2.44
272.4	2.39
272.77	2.359
273.15	2.376
273.52	2.509
273.89	2.477
274.27	2.68
274.64	2.452
275.01	2.613
275.39	2.665
275.76	2.535
276.14	2.189
276.51	2.214
276.88	2.022
277.26	1.897
277.63	1.8
278	1.913
278.38	1.768
278.75	1.905
279.12	1.767
279.49	2.054
279.87	2.163
280.24	2.424
280.61	2.131
280.99	2.223
281.36	2.4
281.73	2.421
282.11	2.499
282.48	2.42
282.85	2.327
283.22	2.483
283.6	2.199
283.97	2.135
284.34	1.995
284.71	2.206
285.09	2.146
285.46	2.062
285.83	2.239
286.21	2.046
286.58	2.206
286.95	2.34
287.32	2.278
287.7	2.392
288.07	2.392
288.44	2.56
288.81	2.602
289.18	2.658
289.56	2.681
289.93	2.683
290.3	2.726
290.67	2.711
291.05	2.679
291.42	2.694
291.79	2.634
292.16	2.655
292.53	2.823
292.91	2.831
293.28	2.729
293.65	2.756
294.02	2.819
294.39	3.012
294.76	3.137
295.14	3.18
295.51	3.08
295.88	3.092
296.25	3.223
296.62	3.066
297	2.957
297.37	3.014
297.74	3.002
298.11	2.857
298.48	2.558
298.85	2.389
299.22	2.358
299.6	2.276
299.97	2.237
300.34	2.105
300.71	2.161
301.08	2.204
301.45	2.199
301.82	2.34
302.19	2.329
302.56	2.506
302.94	2.569
303.31	2.733
303.68	2.996
304.05	2.977
304.42	2.901
304.79	2.942
305.16	3.114
305.53	3.308
305.9	3.067
306.27	3.105
306.64	3.207
307.02	3.372
307.39	3.181
307.76	3.054
308.13	3.199
308.5	3.259
308.87	3.145
309.24	3.147
309.61	3.122
309.98	3.321
310.35	3.509
310.72	3.5
311.09	3.342
311.46	3.258
311.83	3.403
312.2	3.332
312.57	3.427
312.94	3.416
313.31	3.576
313.68	3.509
314.05	3.616
314.42	3.379
314.79	3.283
315.16	3.407
315.53	3.441
315.9	3.275
316.27	3.316
316.64	3.362
317.01	3.596
317.38	3.516
317.75	3.714
318.12	3.615
318.49	3.799
318.86	4.193
319.23	4.225
319.6	4.269
319.97	4.414
320.34	4.432
320.71	4.447
321.08	4.478
321.45	4.392
321.82	4.272
322.19	4.136
322.55	4.111
322.92	3.915
323.29	4.02
323.66	4.238
324.03	4.371
324.4	4.515
324.77	4.749
325.14	4.818
325.51	5.109
325.88	5.223
326.25	5.52
326.61	5.762
326.98	5.894
327.35	5.915
327.72	6.145
328.09	6.4
328.46	6.697
328.83	6.816
329.2	6.839
329.56	6.924
329.93	7.12
330.3	7.18
330.67	7.291
331.04	7.451
331.41	7.62
331.78	7.674
332.14	7.789
332.51	7.915
332.88	7.934
333.25	8.303
333.62	8.527
333.99	8.765
334.35	9.027
334.72	9.163
335.09	9.297
335.46	9.643
335.83	10.047
336.19	10.2
336.56	10.388
336.93	10.676
337.3	10.695
337.67	10.816
338.03	10.944
338.4	11.306
338.77	11.535
339.14	11.924
339.5	11.983
339.87	11.934
340.24	12.041
340.61	12.2
340.97	12.346
341.34	12.766
341.71	12.997
342.08	13.001
342.44	12.985
342.81	12.996
343.18	12.97
343.55	13.14
343.91	13.338
344.28	13.507
344.65	13.597
345.02	13.75
345.38	13.65
345.75	13.628
346.12	13.828
346.48	13.834
346.85	14.072
347.22	14.133
347.59	14.219
347.95	14.396
348.32	14.58
348.69	14.671
349.05	14.791
349.42	14.889
349.79	14.945
350.15	15.117
350.52	15.305
350.89	15.302
351.25	15.396
351.62	15.46
351.99	15.421
352.35	15.33
352.72	15.363
353.09	15.347
353.45	15.294
353.82	15.4
354.18	15.367
354.55	15.371
354.92	15.393
355.28	15.444
355.65	15.323
356.02	15.297
356.38	15.398
356.75	15.38
357.11	15.415
357.48	15.538
357.85	15.589
358.21	15.618
358.58	15.619
358.94	15.732
359.31	15.724
359.67	15.76
360.04	15.75
360.41	15.69
360.77	15.849
361.14	15.86
361.5	15.864
361.87	15.827
362.23	15.92
362.6	15.972
362.97	15.936
363.33	15.987
363.7	16.111
364.06	16.203
364.43	16.242
364.79	16.162
365.16	16.189
365.52	16.292
365.89	16.461
366.25	16.394
366.62	16.348
366.98	16.522
367.35	16.612
367.71	16.775
368.08	16.749
368.44	16.828
368.81	16.814
369.17	16.886
369.54	16.836
369.9	16.896
370.27	16.996
370.63	17.214
371	17.051
371.36	17.23
371.73	17.205
372.09	17.406
372.45	17.656
372.82	17.874
373.18	17.917
373.55	18.077
373.91	18.2
374.28	18.284
374.64	18.361
375.01	18.562
375.37	18.685
375.73	18.683
376.1	18.792
376.46	18.919
376.83	19.024
377.19	19.146
377.55	19.281
377.92	19.249
378.28	19.469
378.65	19.643
379.01	19.847
379.37	19.805
379.74	20.102
380.1	20.266
380.47	20.272
380.83	20.317
381.19	20.465
381.56	20.631
381.92	20.813
382.28	20.788
382.65	20.835
383.01	20.931
383.37	21.098
383.74	21.198
384.1	21.426
384.46	21.593
384.83	21.807
385.19	21.86
385.55	21.922
385.92	22.05
386.28	22.225
386.64	22.318
387.01	22.432
387.37	22.583
387.73	22.746
388.1	22.783
388.46	22.977
388.82	23.133
389.18	23.439
389.55	23.558
389.91	23.746
390.27	23.911
390.64	24.085
391	24.269
391.36	24.448
391.72	24.508
392.09	24.563
392.45	24.665
392.81	24.732
393.17	24.853
393.54	25.038
393.9	25.23
394.26	25.298
394.62	25.474
394.99	25.593
395.35	25.776
395.71	26.037
396.07	26.301
396.43	26.501
396.8	26.691
397.16	26.936
397.52	27.109
397.88	27.232
398.24	27.383
398.61	27.434
398.97	27.586
399.33	27.688
399.69	27.815
400.05	28.014
400.42	28.098
400.78	28.265
401.14	28.274
401.5	28.397
401.86	28.58
402.22	28.927
402.59	29.093
402.95	29.276
403.31	29.275
403.67	29.372
404.03	29.474
404.39	29.586
404.75	29.68
405.12	29.838
405.48	30.044
405.84	30.179
406.2	30.223
406.56	30.387
406.92	30.512
407.28	30.723
407.64	30.966
408	31.095
408.36	31.274
408.73	31.469
409.09	31.747
409.45	31.846
409.81	31.906
410.17	32.077
410.53	32.249
410.89	32.296
411.25	32.497
411.61	32.483
411.97	32.556
412.33	32.647
412.69	32.724
413.05	32.653
413.41	32.807
413.77	32.961
414.13	32.938
414.5	33.03
414.86	33.184
415.22	33.271
415.58	33.359
415.94	33.39
416.3	33.46
416.66	33.474
417.02	33.665
417.38	33.707
417.74	33.782
418.1	33.903
418.46	33.986
418.82	34.052
419.18	34.086
419.54	34.232
419.9	34.251
420.26	34.32
420.61	34.417
420.97	34.401
421.33	34.483
421.69	34.5
422.05	34.578
422.41	34.606
422.77	34.667
423.13	34.759
423.49	34.837
423.85	35.007
424.21	35.181
424.57	35.346
424.93	35.471
425.29	35.507
425.65	35.61
426.01	35.676
426.36	35.787
426.72	35.879
427.08	35.954
427.44	36.059
427.8	36.127
428.16	36.227
428.52	36.181
428.88	36.211
429.24	36.367
429.59	36.55
429.95	36.689
430.31	36.859
430.67	37.088
431.03	37.211
431.39	37.378
431.75	37.591
432.1	37.709
432.46	37.932
432.82	38.021
433.18	38.064
433.54	38.089
433.9	38.149
434.25	38.225
434.61	38.378
434.97	38.51
435.33	38.471
435.69	38.502
436.04	38.49
436.4	38.561
436.76	38.712
437.12	38.826
437.48	39.001
437.83	39.109
438.19	39.109
438.55	39.128
438.91	39.153
439.27	39.33
439.62	39.374
439.98	39.47
440.34	39.677
440.7	39.79
441.05	39.986
441.41	40.084
441.77	40.252
442.13	40.444
442.48	40.519
442.84	40.699
443.2	40.702
443.56	40.846
443.91	40.911
444.27	40.934
444.63	41.106
444.98	41.112
445.34	41.086
445.7	41.091
446.05	41.118
446.41	41.244
446.77	41.289
447.13	41.391
447.48	41.425
447.84	41.439
448.2	41.402
448.55	41.383
448.91	41.38
449.27	41.467
449.62	41.534
449.98	41.628
450.34	41.606
450.69	41.646
451.05	41.677
451.4	41.748
451.76	41.887
452.12	42.026
452.47	42.06
452.83	42.162
453.19	42.241
453.54	42.361
453.9	42.422
454.25	42.431
454.61	42.628
454.97	42.674
455.32	42.746
455.68	42.72
456.03	42.822
456.39	42.769
456.75	42.777
457.1	42.767
457.46	42.772
457.81	42.864
458.17	42.908
458.52	42.769
458.88	42.791
459.24	42.805
459.59	42.833
459.95	42.712
460.3	42.774
460.66	42.81
461.01	42.884
461.37	42.873
461.72	42.781
462.08	42.691
462.43	42.764
462.79	42.785
463.14	42.75
463.5	42.871
463.85	42.994
464.21	42.998
464.56	42.974
464.92	42.998
465.27	42.936
465.63	42.921
465.98	43.008
466.34	43.018
466.69	42.968
467.05	43.025
467.4	42.919
467.76	42.809
468.11	42.862
468.47	42.881
468.82	42.784
469.18	42.837
469.53	42.818
469.88	42.9
470.24	42.829
470.59	42.861
470.95	42.914
471.3	42.934
471.66	42.983
472.01	42.909
472.36	42.939
472.72	42.981
473.07	43.034
473.43	43.071
473.78	43.051
474.13	43.171
474.49	43.196
474.84	43.156
475.19	43.229
475.55	43.216
475.9	43.319
476.26	43.358
476.61	43.359
476.96	43.326
477.32	43.472
477.67	43.5
478.02	43.489
478.38	43.503
478.73	43.54
479.08	43.478
479.44	43.605
479.79	43.599
480.14	43.601
480.5	43.604
480.85	43.596
481.2	43.47
481.56	43.51
481.91	43.589
482.26	43.707
482.62	43.762
482.97	43.734
483.32	43.717
483.67	43.674
484.03	43.653
484.38	43.656
484.73	43.616
485.08	43.682
485.44	43.637
485.79	43.632
486.14	43.596
486.49	43.525
486.85	43.603
487.2	43.614
487.55	43.654
487.9	43.665
488.26	43.703
488.61	43.772
488.96	43.758
489.31	43.836
489.67	43.781
490.02	43.81
490.37	43.846
490.72	43.868
491.07	43.879
491.43	43.941
491.78	43.987
492.13	44.014
492.48	44.098
492.83	44.171
493.19	44.222
493.54	44.286
493.89	44.3
494.24	44.418
494.59	44.482
494.94	44.559
495.29	44.625
495.65	44.747
496	44.736
496.35	44.732
496.7	44.723
497.05	44.712
497.4	44.766
497.75	44.777
498.11	44.736
498.46	44.719
498.81	44.757
499.16	44.709
499.51	44.636
499.86	44.74
500.21	44.788
500.56	44.789
500.91	44.802
501.26	44.85
501.62	44.923
501.97	45.02
502.32	45.066
502.67	45.148
503.02	45.275
503.37	45.33
503.72	45.436
504.07	45.439
504.42	45.487
504.77	45.625
505.12	45.748
505.47	45.786
505.82	45.906
506.17	45.983
506.52	45.988
506.87	46.032
507.22	46.134
507.57	46.066
507.92	46.079
508.27	46.151
508.62	46.226
508.97	46.202
509.32	46.371
509.67	46.39
510.02	46.463
510.37	46.532
510.72	46.639
511.07	46.645
511.42	46.744
511.77	46.905
512.12	46.959
512.47	46.855
512.82	46.896
513.17	46.744
513.52	46.736
513.87	46.773
514.22	46.854
514.57	46.908
514.91	47.03
515.26	47.083
515.61	47.029
515.96	47.023
516.31	47.148
516.66	47.302
517.01	47.465
517.36	47.543
517.71	47.613
518.06	47.645
518.41	47.681
518.75	47.712
519.1	47.76
519.45	47.809
519.8	47.884
520.15	47.975
520.5	47.976
520.85	48.05
521.19	48.086
521.54	48.035
521.89	48.122
522.24	48.121
522.59	48.187
522.94	48.291
523.28	48.448
523.63	48.557
523.98	48.598
524.33	48.662
524.68	48.681
525.03	48.762
525.37	48.88
525.72	48.914
526.07	49.051
526.42	49.198
526.76	49.302
527.11	49.45
527.46	49.616
527.81	49.729
528.16	49.735
528.5	49.764
528.85	49.814
529.2	49.919
529.55	49.999
529.89	50.032
530.24	50.062
530.59	50.08
530.94	50.11
531.28	50.133
531.63	50.204
531.98	50.417
532.32	50.554
532.67	50.667
533.02	50.785
533.37	50.806
533.71	50.924
534.06	51.006
534.41	51.133
534.75	51.197
535.1	51.242
535.45	51.267
535.79	51.291
536.14	51.421
536.49	51.535
536.83	51.569
537.18	51.669
537.53	51.692
537.87	51.757
538.22	51.773
538.57	51.86
538.91	51.958
539.26	52.099
539.61	52.31
539.95	52.402
540.3	52.41
540.64	52.384
540.99	52.478
541.34	52.58
541.68	52.649
542.03	52.764
542.37	52.861
542.72	52.914
543.07	52.949
543.41	52.943
543.76	52.959
544.1	53.062
544.45	53.293
544.8	53.404
545.14	53.482
545.49	53.526
545.83	53.643
546.18	53.685
546.52	53.786
546.87	53.961
547.21	53.993
547.56	54.02
547.9	54.093
548.25	54.044
548.59	54.051
548.94	54.115
549.29	54.234
549.63	54.303
549.98	54.391
550.32	54.446
550.67	54.433
551.01	54.618
551.35	54.798
551.7	54.944
552.04	55.039
552.39	55.119
552.73	55.184
553.08	55.217
553.42	55.231
553.77	55.246
554.11	55.435
554.46	55.568
554.8	55.479
555.15	55.55
555.49	55.499
555.83	55.615
556.18	55.727
556.52	55.773
556.87	55.872
557.21	55.969
557.56	56.11
557.9	56.108
558.24	56.167
558.59	56.309
558.93	56.31
559.28	56.393
559.62	56.426
559.96	56.473
560.31	56.598
560.65	56.68
560.99	56.807
561.34	56.84
561.68	56.94
562.02	56.967
562.37	57.016
562.71	57.192
563.06	57.371
563.4	57.461
563.74	57.559
564.09	57.663
564.43	57.647
564.77	57.63
565.11	57.676
565.46	57.671
565.8	57.679
566.14	57.789
566.49	57.776
566.83	57.79
567.17	57.823
567.52	57.839
567.86	57.849
568.2	58.037
568.54	58.062
568.89	58.104
569.23	58.212
569.57	58.433
569.91	58.528
570.26	58.605
570.6	58.707
570.94	58.705
571.28	58.76
571.63	58.867
571.97	58.814
572.31	59.035
572.65	59.151
573	59.17
573.34	59.142
573.68	59.041
574.02	59.163
574.36	59.16
574.71	59.286
575.05	59.439
575.39	59.363
575.73	59.332
576.07	59.219
576.42	59.286
576.76	59.363
577.1	59.356
577.44	59.434
577.78	59.397
578.12	59.378
578.46	59.453
578.81	59.394
579.15	59.465
579.49	59.67
579.83	59.642
580.17	59.673
580.51	59.658
580.85	59.743
581.2	59.894
581.54	59.873
581.88	59.901
582.22	59.856
582.56	59.907
582.9	59.977
583.24	60.105
583.58	60.069
583.92	60.08
584.26	60.01
584.6	60.003
584.95	59.949
585.29	60.091
585.63	60.28
585.97	60.403
586.31	60.408
586.65	60.41
586.99	60.469
587.33	60.534
587.67	60.489
588.01	60.531
588.35	60.587
588.69	60.805
589.03	60.804
589.37	60.705
589.71	60.683
590.05	60.727
590.39	60.978
590.73	60.91
591.07	61.045
591.41	61.107
591.75	61.291
592.09	61.301
592.43	61.28
592.77	61.21
593.11	61.246
593.45	61.342
593.79	61.407
594.13	61.255
594.47	61.395
594.81	61.378
595.14	61.468
595.48	61.439
595.82	61.539
596.16	61.386
596.5	61.561
596.84	61.692
597.18	61.807
597.52	61.945
597.86	61.829
598.2	61.838
598.54	62.025
598.87	61.946
599.21	62.04
599.55	62.11
599.89	62.405
600.23	62.476
600.57	62.417
600.91	62.344
601.25	62.277
601.58	62.582
601.92	62.548
602.26	62.57
602.6	62.705
602.94	62.755
603.28	62.81
603.61	62.644
603.95	62.546
604.29	62.59
604.63	62.544
604.97	62.442
605.3	62.342
605.64	62.195
605.98	62.049
606.32	62.021
606.66	62.082
606.99	61.946
607.33	62.009
607.67	62.153
608.01	62.209
608.34	62.337
608.68	62.524
609.02	62.652
609.36	62.802
609.69	62.903
610.03	62.943
610.37	62.825
610.71	62.82
611.04	62.87
611.38	62.748
611.72	62.837
612.06	62.852
612.39	62.813
612.73	62.932
613.07	63.039
613.4	63.2
613.74	63.323
614.08	63.441
614.41	63.606
614.75	63.67
615.09	63.788
615.42	63.792
615.76	63.765
616.1	63.805
616.43	63.566
616.77	63.603
617.11	63.496
617.44	63.417
617.78	63.409
618.12	63.424
618.45	63.5
618.79	63.57
619.13	63.498
619.46	63.553
619.8	63.527
620.13	63.598
620.47	63.522
620.81	63.499
621.14	63.543
621.48	63.498
621.81	63.559
622.15	63.493
622.48	63.492
622.82	63.586
623.16	63.428
623.49	63.417
623.83	63.418
624.16	63.451
624.5	63.581
624.83	63.581
625.17	63.544
625.5	63.444
625.84	63.615
626.18	63.487
626.51	63.41
626.85	63.613
627.18	63.688
627.52	63.68
627.85	63.634
628.19	63.635
628.52	63.57
628.86	63.579
629.19	63.754
629.53	63.74
629.86	63.775
630.19	63.816
630.53	63.717
630.86	63.779
631.2	63.876
631.53	63.904
631.87	63.8
632.2	63.801
632.54	63.881
632.87	63.865
633.2	63.856
633.54	63.945
633.87	63.85
634.21	63.933
634.54	63.812
634.88	63.763
635.21	63.876
635.54	64.057
635.88	64.115
636.21	64.001
636.55	63.837
636.88	63.651
637.21	63.502
637.55	63.666
637.88	63.42
638.21	63.553
638.55	63.644
638.88	63.646
639.21	63.588
639.55	63.747
639.88	63.907
640.21	64.058
640.55	64.064
640.88	64.261
641.21	64.169
641.55	64.39
641.88	64.572
642.21	64.443
642.55	64.303
642.88	64.287
643.21	64.018
643.55	64.193
643.88	64.136
644.21	64.247
644.54	64.464
644.88	64.559
645.21	64.639
645.54	64.426
645.87	64.629
646.21	64.72
646.54	64.606
646.87	64.72
647.2	64.679
647.54	64.497
647.87	64.479
648.2	64.228
648.53	64.083
648.87	64.228
649.2	64.159
649.53	64.111
649.86	64.153
650.19	64.275
650.53	64.239
650.86	64.03
651.19	64.145
651.52	64.248
651.85	64.18
652.18	64.343
652.52	64.145
652.85	64.218
653.18	64.243
653.51	64.276
653.84	64.206
654.17	64.511
654.51	64.744
654.84	64.726
655.17	64.603
655.5	64.564
655.83	64.602
656.16	64.618
656.49	64.534
656.82	64.255
657.15	64.098
657.49	64.207
657.82	63.931
658.15	63.769
658.48	63.751
658.81	63.808
659.14	63.89
659.47	64.003
659.8	64.036
660.13	64.072
660.46	64.169
660.79	64.097
661.12	63.965
661.45	64.039
661.78	63.989
662.11	64.183
662.44	64.135
662.77	64.195
663.1	63.968
663.43	63.926
663.76	63.918
664.09	63.929
664.42	63.97
664.75	63.704
665.08	63.645
665.41	63.579
665.74	63.375
666.07	63.323
666.4	63.067
666.73	63.224
667.06	63.021
667.39	63.081
667.72	63.056
668.05	62.965
668.38	63.16
668.71	63.059
669.04	63.101
669.37	62.982
669.7	62.924
670.03	63.227
670.36	62.906
670.69	62.739
671.01	62.76
671.34	62.712
671.67	62.8
672	62.845
672.33	62.639
672.66	62.646
672.99	62.965
673.32	63.17
673.64	62.869
673.97	63.073
674.3	63.324
674.63	63.235
674.96	63.332
675.29	63.446
675.62	63.658
675.94	63.908
676.27	63.876
676.6	63.59
676.93	63.238
677.26	63.352
677.58	63.057
677.91	63.005
678.24	62.901
678.57	62.67
678.9	62.825
679.22	62.723
679.55	62.34
679.88	62.386
680.21	62.553
680.54	62.508
680.86	62.532
681.19	62.667
681.52	62.532
681.85	62.543
682.17	62.577
682.5	62.123
682.83	61.77
683.16	62.078
683.48	62.012
683.81	61.497
684.14	61.52
684.46	61.41
684.79	61.07
685.12	60.983
685.45	60.914
685.77	60.908
686.1	60.851
686.43	61.094
686.75	61.226
687.08	61.22
687.41	61.281
687.73	61.225
688.06	61.171
688.39	61.3
688.71	61.463
689.04	61.416
689.36	61.246
689.69	61.024
690.02	60.674
690.34	60.444
690.67	60.057
691	60.2
691.32	60.354
691.65	60.318
691.97	60.053
692.3	59.872
692.63	59.658
692.95	59.401
693.28	59.704
693.6	59.733
693.93	59.441
694.26	59.502
694.58	59.274
694.91	59.155
695.23	58.971
695.56	58.848
695.88	58.712
696.21	58.501
696.53	58.428
696.86	58.475
697.18	58.064
697.51	58.296
697.83	58.321
698.16	58.139
698.48	58.045
698.81	57.943
699.13	57.761
699.46	57.706
699.78	57.583
700.11	57.603
700.43	57.354
700.76	57.327
701.08	56.839
701.41	56.425
701.73	56.603
702.06	56.257
702.38	56.339
702.71	56.371
703.03	56.09
703.35	55.984
703.68	55.518
704	55.495
704.33	55.529
704.65	55.745
704.98	55.696
705.3	55.354
705.62	55.264
705.95	54.978
706.27	54.736
706.6	54.469
706.92	54.596
707.24	55.054
707.57	54.572
707.89	54.196
708.21	53.529
708.54	53.458
708.86	53.217
709.18	53.076
709.51	52.856
709.83	53.127
710.15	53.228
710.48	52.994
710.8	52.59
711.12	52.61
711.45	52.493
711.77	52.496
712.09	52.59
712.42	52.506
712.74	52.225
713.06	52.172
713.38	52.192
713.71	51.923
714.03	51.772
714.35	51.892
714.68	52.375
715	52.877
715.32	53.233
715.64	53.152
715.97	52.977
716.29	53.104
716.61	52.808
716.93	51.913
717.25	51.715
717.58	51.556
717.9	51.676
718.22	50.722
718.54	49.634
718.87	48.925
719.19	49.005
719.51	48.502
719.83	48.105
720.15	47.767
720.47	48.33
720.8	48.164
721.12	47.351
721.44	46.364
721.76	45.879
722.08	46.829
722.4	46.69
722.73	45.98
723.05	45.952
723.37	46.147
723.69	45.822
724.01	45.583
724.33	45.346
724.65	45.823
724.97	45.936
725.3	46.487
725.62	46.36
725.94	46.491
726.26	45.974
726.58	46.276
726.9	45.572
727.22	45.876
727.54	45.777
727.86	45.596
728.18	45.279
728.5	45.052
728.82	44.66
729.14	44.308
729.46	43.616
729.78	44.437
730.1	44.439
730.42	43.795
730.74	44.36
731.07	43.77
731.39	43.974
731.71	43.309
732.03	43.562
732.35	43.109
732.66	42.902
732.98	43.583
733.3	42.969
733.62	42.872
733.94	43.898
734.26	42.668
734.58	42.548
734.9	42.382
735.22	43.099
735.54	42.522
735.86	41.984
736.18	41.804
736.5	41.279
736.82	40.947
737.14	40.432
737.46	39.949
737.78	40.154
738.1	41.189
738.41	41.349
738.73	40.933
739.05	41.182
739.37	41.973
739.69	40.944
740.01	40.914
740.33	41.01
740.65	40.929
740.96	40.475
741.28	39.906
741.6	38.729
741.92	37.591
742.24	37.295
742.56	36.421
742.88	35.889
743.19	36.218
743.51	35.626
743.83	34.543
744.15	35.23
744.47	35.33
744.78	35.838
745.1	36.653
745.42	37.651
745.74	37.754
746.06	37.945
746.37	37.742
746.69	37.889
747.01	37.87
747.33	38.829
747.64	37.89
747.96	38.075
748.28	37.811
748.6	36.794
748.91	36.036
749.23	35.448
749.55	35.859
749.87	36.005
750.18	36.822
750.5	36.779
750.82	35.45
751.13	35.619
751.45	34.913
751.77	34.545
752.08	35.067
752.4	36.129
752.72	37.783
753.03	37.027
753.35	36.973
753.67	37.122
753.98	37.064
754.3	37.83
754.62	36.127
754.93	35.605
755.25	36.075
755.57	36.747
755.88	35.075
756.2	34.05
756.51	34.923
756.83	34.615
757.15	33.054
757.46	33.386
757.78	32.85
758.09	34.422
758.41	35.139
758.73	35.004
759.04	33.838
759.36	34.764
759.67	34.733
759.99	34.708
760.3	34.632
760.62	34.449
760.94	33.666
761.25	34.048
761.57	34.246
761.88	33.192
762.2	32.766
762.51	33.025
762.83	32.061
763.14	31.753
763.46	31.375
763.77	32.3
764.09	32.647
764.4	33.298
764.72	33.808
765.03	33.659
765.35	34.857
765.66	35.214
765.98	34.668
766.29	34.939
766.61	35.297
766.92	35.219
767.23	34.266
767.55	33.827
767.86	34.126
768.18	34.123
768.49	33.869
768.81	32.152
769.12	32.256
769.43	33.377
769.75	33.807
770.06	33.534
770.38	34.031
770.69	34.003
771	34.035
771.32	33.672
771.63	33.005
771.94	31.469
772.26	32.817
772.57	31.235
772.89	29.907
773.2	30.029
773.51	29.198
773.83	29.367
774.14	27.913
774.45	28.212
774.77	26.224
775.08	25.559
775.39	26.639
775.7	25.452
776.02	24.732
776.33	24.72
776.64	25.119
776.96	27.088
777.27	26.681
777.58	28.312
777.89	27.998
778.21	28.64
778.52	28.015
778.83	27.078
779.14	28.242
779.46	28.86
779.77	27.545
780.08	26.785
780.39	26.149
780.71	24.588
781.02	23.07
781.33	23.12
781.64	23.542
781.95	23.242
782.27	24.107
782.58	22.44
782.89	21.237
783.2	22.319
783.51	21.599
783.83	21.854
784.14	23.567
784.45	25.428
784.76	24.808
785.07	23.935
785.38	26.593
785.7	24.953
786.01	23.862
786.32	26.233
786.63	27.761
786.94	29.229
787.25	28.364
787.56	27.529
787.87	27.334
788.18	28.326
788.5	28.477
788.81	26.513
789.12	27.275
789.43	27.187
789.74	27.712
790.05	25.906
790.36	24.488
790.67	23.668
790.98	23.366
791.29	23.643
791.6	23.725
791.91	24.038
792.22	23.522
792.53	23.584
792.84	25.371
793.15	24.572
793.46	24.063
793.77	22.808
794.08	23.498
794.39	24.054
794.7	24.139
795.01	23.114
795.32	23.929
795.63	23.266
795.94	24.606
796.25	23.704
796.56	22.437
796.87	24.032
797.18	25.162
797.49	24.976
797.8	22.961
798.11	21.707
798.42	21.748
798.73	20.331
799.04	21.934
799.35	20.334
799.65	20.563
799.96	23.775
800.27	23.547
800.58	23.485
800.89	22.391
801.2	23.134
801.51	23.523
801.82	22.03
802.13	20.771
802.43	21.705
802.74	19.721
803.05	18.66
803.36	17.023
803.67	15.408
803.98	15.815
804.28	15.709
804.59	16.745
804.9	15.402
805.21	17.663
805.52	20.41
805.83	18.977
806.13	23.136
806.44	24.252
806.75	22.754
807.06	23.692
807.36	22.939
807.67	23.875
807.98	23.615
808.29	25.183
808.6	24.015
808.9	24.657
809.21	23.348
809.52	21.938
809.83	22.531
810.13	23.136
810.44	23.88
810.75	24.29
811.05	23.573
811.36	22.366
811.67	22.491
811.98	23.142
812.28	22.142
812.59	23.556
812.9	25.574
813.2	26.182
813.51	26.508
813.82	28.468
814.12	25.368
814.43	26.541
814.74	26.631
815.04	25.938
815.35	23.774
815.65	23.517
815.96	23.268
816.27	22.25
816.57	21.895
816.88	24.23
817.19	21.441
817.49	24.287
817.8	24.625
818.1	27.473
818.41	28.7
818.72	30.702
819.02	29.302
819.33	26.905
819.63	24.582
819.94	24.083
820.24	21.528
820.55	22.605
820.85	22.904
821.16	22.138
821.47	20.669
821.77	20.473
822.08	20.168
822.38	19.968
822.69	20.399
822.99	20.593
823.3	20.748
823.6	21.368
823.91	20.878
824.21	19.987
824.52	19.502
824.82	19.602
825.13	19.467
825.43	19.556
825.73	20.157
826.04	19.856
826.34	19.968
826.65	20.29
826.95	18.505
827.26	19.514
827.56	20.168
827.87	19.971
828.17	19.654
828.47	19.754
828.78	18.773
829.08	19.778
829.39	19.762
829.69	18.783
829.99	17.974
830.3	18.02
830.6	15.215
830.9	14.409
831.21	15.127
831.51	14.436
831.82	10.637
832.12	11.335
832.42	9.569
832.73	11.482
833.03	12.922
833.33	12.258
833.64	12.562
833.94	13.641
834.24	14.025
834.54	13.357
834.85	13.16
835.15	13.57
835.45	12.65
835.76	12.074
836.06	10.342
836.36	8.295
836.66	5.848
836.97	7.108
837.27	6.9
837.57	8.83
837.87	7.849
838.18	5.656
838.48	8.507
838.78	9.566
839.08	8.593
839.39	12.108
839.69	11.686
839.99	13.046
840.29	5.782
840.59	1.566
840.9	0.297
841.2	0.236
841.5	5.726
841.8	5.304
842.1	-0.97
842.41	-4.533
842.71	-9.393
843.01	-7.24
843.31	-7.484
843.61	-1.314
843.91	0.656
844.21	-3.264
844.52	-2.712
844.82	-8.973
845.12	-18.154
845.42	-7.823
845.72	-8.317
846.02	-5.986
846.32	-8.568
846.62	-4.249
846.92	2.5
847.22	8.238
847.52	7.15
847.83	14.096
848.13	17.711
848.43	23.819
848.73	23.398
849.03	22.383
849.33	30.501
849.63	32.234
849.93	31.875
850.23	29.249
850.53	21.173
850.83	25.186
851.13	10.422
851.43	7.623
851.73	1.335
852.03	-10.325
852.33	-5.082
852.63	-22.648
852.93	-20.803
853.23	-26.056
853.53	-32.822
853.83	-43.167
854.13	-42.752
854.43	-24.081
854.73	-19.048
855.03	-0.545
855.32	12.784
855.62	23.619
855.92	29.373
856.22	30.266
856.52	35.672
856.82	29.694
857.12	28.384
857.42	18.5
857.72	7.794
858.02	5.14
858.31	-11.717
858.61	-14.865
858.91	-24.49
859.21	-27.039
859.51	-17.432
859.81	-18.412
860.11	-23.975
860.4	-10.508
860.7	-5.476
861	-1.055
861.3	-4.588
861.6	-5.078
861.9	-23.898
862.19	-38.345
862.49	-82.028
862.79	-71.335
863.09	-55.73
863.39	-62.217
863.68	-94.145
863.98	-86.6
864.28	-71.751
864.58	-68.463
864.87	-61.847
865.17	-48.997
865.47	-45.06
865.77	-22.393
866.06	-23.776
866.36	-29.953
866.66	-17.294
866.96	-4.965
867.25	-2.284
867.55	-5.039
867.85	1.164
868.14	2.517
868.44	16.023
868.74	20.743
869.03	21.982
869.33	15.775
869.63	21.49
869.92	9.902
870.22	6.573
870.52	6.003
870.81	5.249
871.11	3.964
871.41	5.556
871.7	-6.467
872	-6.323
872.3	-18.426
872.59	-7.276
872.89	1.25
873.18	8.319
873.48	2.863
873.78	2.247
874.07	-7.303
874.37	-6.061
874.66	1.985
874.96	5.936
875.25	16.418
875.55	23.35
875.85	24.578
876.14	17.22
876.44	30.391
876.73	35.973
877.03	38.511
877.32	40.211
877.62	36.52
877.91	33.71
878.21	29.801
878.5	26.854
878.8	24.184
879.09	13.907
879.39	17.5
879.68	-1.113
879.98	1.072
880.27	-0.874
880.57	-13.654
880.86	-11.778
881.16	-8.85
881.45	3.239
881.74	5.606
882.04	5.831
882.33	7.611
882.63	8.115
882.92	10.58
883.22	10.593
883.51	10
883.8	12.264
884.1	13.74
884.39	12.066
884.69	9.467
884.98	8.785
885.27	10.455
885.57	14.466
885.86	10.904
886.15	12.132
886.45	7.664
886.74	10.074
887.03	9.049
887.33	0
887.62	4.212
887.91	-113.793
888.21	75
888.5	20.339
888.79	-129.545
889.09	-17.442
