190.56	0.000
190.94	0.000
191.32	0.000
191.70	130.909
192.08	101.887
192.46	286.813
192.84	546.875
193.22	650.000
193.60	111.364
193.98	91.667
194.36	612.500
194.74	-97.619
195.13	770.000
195.51	325.000
195.89	215.663
196.27	118.229
196.65	95.964
197.03	71.622
197.40	92.857
197.78	130.385
198.16	113.669
198.54	95.541
198.92	109.859
199.30	363.158
199.68	219.318
200.06	-3180.000
200.44	-100.000
200.82	-181.967
201.20	-29.614
201.58	4.484
201.96	20.792
202.34	-24.599
202.72	-36.269
203.10	-41.085
203.48	-28.870
203.86	-5.476
204.24	-34.185
204.62	-37.061
205.00	-45.366
205.38	-132.627
205.76	-113.235
206.13	-112.727
206.51	-96.403
206.89	-82.684
207.27	-113.855
207.65	-75.117
208.03	-66.995
208.41	2.703
208.79	-7.510
209.17	10.326
209.55	27.876
209.93	34.454
210.30	51.584
210.68	53.778
211.06	0.000
211.44	-5.208
211.82	-16.929
212.20	-10.612
212.58	-50.893
212.96	-70.225
213.33	-58.687
213.71	-44.551
214.09	-38.542
214.47	-45.501
214.85	-45.287
215.23	-32.794
215.61	-31.983
215.98	-17.778
216.36	-23.689
216.74	-17.621
217.12	-16.879
217.50	-14.051
217.88	-26.183
218.25	-24.629
218.63	-21.486
219.01	-28.305
219.39	-31.509
219.77	-16.539
220.14	-20.146
220.52	-27.073
220.90	-26.289
221.28	-22.994
221.66	-18.162
222.03	-12.314
222.41	-18.182
222.79	-16.486
223.17	-12.400
223.55	-12.277
223.92	-20.334
224.30	-15.609
224.68	-9.257
225.06	-9.978
225.43	-8.832
225.81	-8.251
226.19	-8.289
226.57	-5.708
226.95	-5.083
227.32	-3.660
227.70	-2.437
228.08	-0.616
228.46	-2.278
228.83	-2.456
229.21	-1.841
229.59	-1.704
229.96	-0.995
230.34	0.254
230.72	0.337
231.10	1.076
231.47	0.632
231.85	0.607
232.23	0.165
232.60	0.574
232.98	0.835
233.36	1.528
233.74	1.356
234.11	0.551
234.49	-0.644
234.87	-1.139
235.24	-2.333
235.62	-1.946
236.00	-1.924
236.37	-1.915
236.75	-1.569
237.13	-2.720
237.50	-4.048
237.88	-3.397
238.26	-4.348
238.63	-4.017
239.01	-3.538
239.39	-2.312
239.76	-2.015
240.14	-1.907
240.52	-2.173
240.89	-2.101
241.27	-1.535
241.65	-0.931
242.02	-1.203
242.40	-0.442
242.77	-0.501
243.15	-0.327
243.53	-0.638
243.90	-0.498
244.28	-0.660
244.66	-0.261
245.03	-0.364
245.41	-0.260
245.78	-0.211
246.16	-0.022
246.54	-0.153
246.91	-0.091
247.29	-0.245
247.66	-0.335
248.04	-0.650
248.41	-0.438
248.79	-0.512
249.17	-0.420
249.54	-0.927
249.92	-0.991
250.29	-1.253
250.67	-1.550
251.04	-1.589
251.42	-1.306
251.80	-1.233
252.17	-1.393
252.55	-1.830
252.92	-1.610
253.30	-1.402
253.67	-0.790
254.05	-0.811
254.42	-0.519
254.80	-0.380
255.17	-0.190
255.55	-0.582
255.92	-0.597
256.30	-0.312
256.67	0.041
257.05	-0.124
257.42	-0.761
257.80	-0.875
258.17	-1.094
258.55	-0.876
258.92	-0.767
259.30	-0.926
259.67	-0.805
260.05	-0.942
260.42	-0.925
260.80	-0.995
261.17	-1.045
261.55	-0.920
261.92	-0.922
262.30	-1.127
262.67	-1.342
263.05	-1.309
263.42	-1.536
263.79	-1.755
264.17	-1.334
264.54	-1.330
264.92	-1.107
265.29	-1.214
265.67	-1.187
266.04	-1.057
266.42	-0.625
266.79	-0.740
267.16	-0.696
267.54	-0.131
267.91	-0.118
268.29	-0.247
268.66	-0.143
269.03	-0.269
269.41	-0.310
269.78	-0.274
270.16	-0.448
270.53	-0.525
270.90	-0.506
271.28	-0.619
271.65	-0.854
272.03	-0.831
272.40	-0.815
272.77	-0.844
273.15	-0.716
273.52	-0.833
273.89	-0.926
274.27	-0.605
274.64	-0.736
275.01	-0.765
275.39	-0.640
275.76	-0.524
276.14	-0.464
276.51	-0.181
276.88	-0.339
277.26	-0.308
277.63	0.003
278.00	0.110
278.38	-0.203
278.75	-0.199
279.12	-0.188
279.49	-0.489
279.87	-0.894
280.24	-0.951
280.61	-1.276
280.99	-1.187
281.36	-1.469
281.73	-1.641
282.11	-1.474
282.48	-1.305
282.85	-1.328
283.22	-1.398
283.60	-1.259
283.97	-0.961
284.34	-0.892
284.71	-0.748
285.09	-0.700
285.46	-0.537
285.83	-0.380
286.21	-0.539
286.58	-0.701
286.95	-0.615
287.32	-0.696
287.70	-0.868
288.07	-1.029
288.44	-0.991
288.81	-1.128
289.18	-0.994
289.56	-0.928
289.93	-1.063
290.30	-0.871
290.67	-0.838
291.05	-0.700
291.42	-0.457
291.79	-0.044
292.16	0.224
292.53	0.279
292.91	0.472
293.28	0.366
293.65	0.280
294.02	0.259
294.39	0.239
294.76	0.365
295.14	0.340
295.51	0.263
295.88	0.178
296.25	0.132
296.62	-0.041
297.00	-0.088
297.37	-0.012
297.74	0.056
298.11	0.168
298.48	0.052
298.85	0.059
299.22	-0.049
299.60	0.022
299.97	0.022
300.34	0.156
300.71	0.302
301.08	0.326
301.45	0.236
301.82	0.195
302.19	0.125
302.56	0.385
302.94	0.424
303.31	0.658
303.68	0.484
304.05	0.413
304.42	0.265
304.79	0.259
305.16	0.287
305.53	0.496
305.90	0.675
306.27	0.918
306.64	0.674
307.02	0.599
307.39	0.533
307.76	0.671
308.13	0.695
308.50	0.635
308.87	0.822
309.24	0.800
309.61	0.659
309.98	0.586
310.35	0.515
310.72	0.582
311.09	0.672
311.46	0.680
311.83	0.726
312.20	0.769
312.57	0.700
312.94	0.482
313.31	0.389
313.68	0.180
314.05	0.202
314.42	0.093
314.79	-0.053
315.16	-0.186
315.53	-0.370
315.90	-0.500
316.27	-0.625
316.64	-0.702
317.01	-0.644
317.38	-0.614
317.75	-0.621
318.12	-0.697
318.49	-0.706
318.86	-0.578
319.23	-0.673
319.60	-0.647
319.97	-0.494
320.34	-0.448
320.71	-0.333
321.08	-0.634
321.45	-0.629
321.82	-0.620
322.19	-0.596
322.55	-0.563
322.92	-0.514
323.29	-0.530
323.66	-0.631
324.03	-0.713
324.40	-0.710
324.77	-0.816
325.14	-0.558
325.51	-0.447
325.88	-0.268
326.25	-0.198
326.61	-0.318
326.98	-0.326
327.35	-0.248
327.72	-0.230
328.09	-0.187
328.46	-0.168
328.83	0.085
329.20	-0.095
329.56	-0.313
329.93	-0.201
330.30	-0.443
330.67	-0.289
331.04	-0.329
331.41	-0.275
331.78	-0.107
332.14	-0.241
332.51	-0.375
332.88	-0.477
333.25	-0.452
333.62	-0.423
333.99	-0.494
334.35	-0.391
334.72	-0.459
335.09	-0.536
335.46	-0.621
335.83	-0.700
336.19	-0.776
336.56	-0.837
336.93	-0.978
337.30	-0.847
337.67	-0.895
338.03	-1.081
338.40	-1.126
338.77	-1.024
339.14	-1.101
339.50	-1.023
339.87	-0.994
340.24	-0.935
340.61	-0.908
340.97	-0.851
341.34	-0.966
341.71	-1.062
342.08	-1.066
342.44	-1.060
342.81	-1.169
343.18	-1.015
343.55	-1.173
343.91	-1.243
344.28	-1.315
344.65	-1.353
345.02	-1.428
345.38	-1.457
345.75	-1.486
346.12	-1.575
346.48	-1.660
346.85	-1.578
347.22	-1.670
347.59	-1.673
347.95	-1.678
348.32	-1.603
348.69	-1.625
349.05	-1.588
349.42	-1.750
349.79	-1.831
350.15	-1.847
350.52	-1.974
350.89	-2.080
351.25	-2.288
351.62	-2.453
351.99	-2.525
352.35	-2.732
352.72	-2.911
353.09	-2.975
353.45	-2.902
353.82	-2.805
354.18	-2.816
354.55	-2.795
354.92	-2.933
355.28	-2.837
355.65	-2.844
356.02	-2.793
356.38	-2.688
356.75	-2.607
357.11	-2.547
357.48	-2.545
357.85	-2.510
358.21	-2.548
358.58	-2.454
358.94	-2.406
359.31	-2.402
359.67	-2.326
360.04	-2.409
360.41	-2.421
360.77	-2.446
361.14	-2.528
361.50	-2.560
361.87	-2.607
362.23	-2.573
362.60	-2.636
362.97	-2.659
363.33	-2.776
363.70	-2.746
364.06	-2.822
364.43	-2.901
364.79	-2.890
365.16	-2.863
365.52	-2.916
365.89	-2.876
366.25	-2.961
366.62	-3.014
366.98	-2.913
367.35	-2.869
367.71	-2.924
368.08	-2.810
368.44	-2.841
368.81	-2.859
369.17	-2.928
369.54	-2.905
369.90	-3.043
370.27	-2.965
370.63	-2.862
371.00	-2.876
371.36	-2.867
371.73	-2.733
372.09	-2.759
372.45	-2.717
372.82	-2.603
373.18	-2.628
373.55	-2.463
373.91	-2.372
374.28	-2.238
374.64	-2.360
375.01	-2.317
375.37	-2.180
375.73	-2.232
376.10	-2.143
376.46	-2.048
376.83	-2.171
377.19	-2.062
377.55	-2.117
377.92	-2.079
378.28	-2.092
378.65	-1.950
379.01	-2.050
379.37	-2.133
379.74	-2.181
380.10	-2.223
380.47	-2.289
380.83	-2.206
381.19	-2.139
381.56	-2.248
381.92	-2.221
382.28	-2.198
382.65	-2.338
383.01	-2.237
383.37	-2.284
383.74	-2.259
384.10	-2.260
384.46	-2.193
384.83	-2.157
385.19	-2.309
385.55	-2.197
385.92	-2.149
386.28	-2.261
386.64	-2.155
387.01	-2.256
387.37	-2.228
387.73	-2.187
388.10	-2.205
388.46	-2.237
388.82	-2.176
389.18	-2.145
389.55	-2.083
389.91	-2.154
390.27	-2.028
390.64	-1.997
391.00	-1.920
391.36	-1.767
391.72	-1.826
392.09	-1.724
392.45	-1.658
392.81	-1.780
393.17	-1.659
393.54	-1.723
393.90	-1.743
394.26	-1.768
394.62	-1.822
394.99	-1.871
395.35	-1.916
395.71	-1.802
396.07	-1.822
396.43	-1.761
396.80	-1.643
397.16	-1.686
397.52	-1.577
397.88	-1.458
398.24	-1.481
398.61	-1.379
398.97	-1.308
399.33	-1.266
399.69	-1.364
400.05	-1.311
400.42	-1.416
400.78	-1.322
401.14	-1.346
401.50	-1.373
401.86	-1.466
402.22	-1.323
402.59	-1.340
402.95	-1.335
403.31	-1.408
403.67	-1.348
404.03	-1.370
404.39	-1.257
404.75	-1.306
405.12	-1.274
405.48	-1.276
405.84	-1.187
406.20	-1.247
406.56	-1.251
406.92	-1.275
407.28	-1.234
407.64	-1.173
408.00	-1.112
408.36	-1.268
408.73	-1.300
409.09	-1.225
409.45	-1.208
409.81	-1.198
410.17	-1.105
410.53	-1.046
410.89	-1.009
411.25	-0.926
411.61	-0.953
411.97	-0.986
412.33	-0.786
412.69	-0.758
413.05	-0.801
413.41	-0.685
413.77	-0.650
414.13	-0.756
414.50	-0.788
414.86	-0.721
415.22	-0.812
415.58	-0.786
415.94	-0.770
416.30	-0.763
416.66	-0.717
417.02	-0.668
417.38	-0.720
417.74	-0.748
418.10	-0.636
418.46	-0.599
418.82	-0.651
419.18	-0.622
419.54	-0.617
419.90	-0.600
420.26	-0.645
420.61	-0.640
420.97	-0.658
421.33	-0.663
421.69	-0.602
422.05	-0.631
422.41	-0.636
422.77	-0.610
423.13	-0.570
423.49	-0.544
423.85	-0.556
424.21	-0.545
424.57	-0.578
424.93	-0.541
425.29	-0.563
425.65	-0.611
426.01	-0.665
426.36	-0.677
426.72	-0.648
427.08	-0.701
427.44	-0.745
427.80	-0.746
428.16	-0.730
428.52	-0.649
428.88	-0.644
429.24	-0.691
429.59	-0.673
429.95	-0.621
430.31	-0.603
430.67	-0.683
431.03	-0.586
431.39	-0.536
431.75	-0.528
432.10	-0.558
432.46	-0.600
432.82	-0.577
433.18	-0.444
433.54	-0.401
433.90	-0.457
434.25	-0.485
434.61	-0.438
434.97	-0.422
435.33	-0.389
435.69	-0.420
436.04	-0.374
436.40	-0.379
436.76	-0.434
437.12	-0.483
437.48	-0.510
437.83	-0.469
438.19	-0.407
438.55	-0.382
438.91	-0.435
439.27	-0.485
439.62	-0.416
439.98	-0.390
440.34	-0.382
440.70	-0.318
441.05	-0.301
441.41	-0.308
441.77	-0.271
442.13	-0.251
442.48	-0.235
442.84	-0.242
443.20	-0.208
443.56	-0.285
443.91	-0.320
444.27	-0.297
444.63	-0.394
444.98	-0.430
445.34	-0.405
445.70	-0.437
446.05	-0.473
446.41	-0.469
446.77	-0.461
447.13	-0.489
447.48	-0.474
447.84	-0.452
448.20	-0.507
448.55	-0.477
448.91	-0.424
449.27	-0.418
449.62	-0.362
449.98	-0.356
450.34	-0.334
450.69	-0.313
451.05	-0.312
451.40	-0.275
451.76	-0.343
452.12	-0.314
452.47	-0.265
452.83	-0.293
453.19	-0.306
453.54	-0.286
453.90	-0.265
454.25	-0.321
454.61	-0.339
454.97	-0.286
455.32	-0.275
455.68	-0.218
456.03	-0.248
456.39	-0.342
456.75	-0.215
457.10	-0.211
457.46	-0.298
457.81	-0.290
458.17	-0.262
458.52	-0.240
458.88	-0.310
459.24	-0.304
459.59	-0.300
459.95	-0.211
460.30	-0.185
460.66	-0.255
461.01	-0.295
461.37	-0.251
461.72	-0.224
462.08	-0.211
462.43	-0.151
462.79	-0.128
463.14	-0.106
463.50	-0.077
463.85	-0.123
464.21	-0.106
464.56	-0.134
464.92	-0.112
465.27	-0.124
465.63	-0.133
465.98	-0.205
466.34	-0.289
466.69	-0.307
467.05	-0.421
467.40	-0.424
467.76	-0.440
468.11	-0.428
468.47	-0.433
468.82	-0.386
469.18	-0.357
469.53	-0.399
469.88	-0.366
470.24	-0.347
470.59	-0.356
470.95	-0.288
471.30	-0.378
471.66	-0.327
472.01	-0.355
472.36	-0.349
472.72	-0.380
473.07	-0.397
473.43	-0.415
473.78	-0.411
474.13	-0.435
474.49	-0.390
474.84	-0.487
475.19	-0.462
475.55	-0.518
475.90	-0.493
476.26	-0.532
476.61	-0.548
476.96	-0.576
477.32	-0.541
477.67	-0.507
478.02	-0.467
478.38	-0.468
478.73	-0.363
479.08	-0.390
479.44	-0.372
479.79	-0.382
480.14	-0.340
480.50	-0.339
480.85	-0.302
481.20	-0.327
481.56	-0.364
481.91	-0.375
482.26	-0.357
482.62	-0.362
482.97	-0.321
483.32	-0.335
483.67	-0.325
484.03	-0.330
484.38	-0.321
484.73	-0.324
485.08	-0.329
485.44	-0.315
485.79	-0.325
486.14	-0.328
486.49	-0.333
486.85	-0.351
487.20	-0.347
487.55	-0.360
487.90	-0.358
488.26	-0.352
488.61	-0.355
488.96	-0.378
489.31	-0.394
489.67	-0.396
490.02	-0.411
490.37	-0.409
490.72	-0.420
491.07	-0.392
491.43	-0.390
491.78	-0.369
492.13	-0.395
492.48	-0.429
492.83	-0.380
493.19	-0.385
493.54	-0.398
493.89	-0.400
494.24	-0.365
494.59	-0.376
494.94	-0.396
495.29	-0.369
495.65	-0.407
496.00	-0.365
496.35	-0.345
496.70	-0.349
497.05	-0.299
497.40	-0.252
497.75	-0.253
498.11	-0.264
498.46	-0.253
498.81	-0.264
499.16	-0.305
499.51	-0.309
499.86	-0.322
500.21	-0.334
500.56	-0.371
500.91	-0.429
501.26	-0.483
501.62	-0.468
501.97	-0.469
502.32	-0.481
502.67	-0.472
503.02	-0.407
503.37	-0.377
503.72	-0.388
504.07	-0.387
504.42	-0.369
504.77	-0.381
505.12	-0.333
505.47	-0.376
505.82	-0.385
506.17	-0.373
506.52	-0.367
506.87	-0.441
507.22	-0.502
507.57	-0.490
507.92	-0.451
508.27	-0.425
508.62	-0.382
508.97	-0.424
509.32	-0.389
509.67	-0.416
510.02	-0.390
510.37	-0.396
510.72	-0.378
511.07	-0.330
511.42	-0.380
511.77	-0.439
512.12	-0.480
512.47	-0.513
512.82	-0.503
513.17	-0.519
513.52	-0.537
513.87	-0.577
514.22	-0.589
514.57	-0.606
514.91	-0.636
515.26	-0.627
515.61	-0.562
515.96	-0.537
516.31	-0.496
516.66	-0.430
517.01	-0.365
517.36	-0.337
517.71	-0.305
518.06	-0.347
518.41	-0.351
518.75	-0.333
519.10	-0.312
519.45	-0.343
519.80	-0.336
520.15	-0.375
520.50	-0.422
520.85	-0.493
521.19	-0.490
521.54	-0.482
521.89	-0.434
522.24	-0.420
522.59	-0.418
522.94	-0.411
523.28	-0.399
523.63	-0.388
523.98	-0.363
524.33	-0.392
524.68	-0.379
525.03	-0.418
525.37	-0.452
525.72	-0.451
526.07	-0.437
526.42	-0.460
526.76	-0.484
527.11	-0.471
527.46	-0.463
527.81	-0.467
528.16	-0.448
528.50	-0.443
528.85	-0.408
529.20	-0.397
529.55	-0.391
529.89	-0.401
530.24	-0.401
530.59	-0.381
530.94	-0.395
531.28	-0.417
531.63	-0.405
531.98	-0.415
532.32	-0.386
532.67	-0.444
533.02	-0.460
533.37	-0.463
533.71	-0.430
534.06	-0.388
534.41	-0.394
534.75	-0.394
535.10	-0.378
535.45	-0.359
535.79	-0.355
536.14	-0.383
536.49	-0.333
536.83	-0.312
537.18	-0.315
537.53	-0.319
537.87	-0.345
538.22	-0.345
538.57	-0.327
538.91	-0.322
539.26	-0.324
539.61	-0.310
539.95	-0.267
540.30	-0.247
540.64	-0.219
540.99	-0.187
541.34	-0.227
541.68	-0.218
542.03	-0.206
542.37	-0.210
542.72	-0.200
543.07	-0.182
543.41	-0.169
543.76	-0.208
544.10	-0.241
544.45	-0.293
544.80	-0.337
545.14	-0.275
545.49	-0.294
545.83	-0.274
546.18	-0.303
546.52	-0.323
546.87	-0.367
547.21	-0.375
547.56	-0.373
547.90	-0.324
548.25	-0.274
548.59	-0.252
548.94	-0.230
549.29	-0.230
549.63	-0.239
549.98	-0.153
550.32	-0.148
550.67	-0.153
551.01	-0.154
551.35	-0.154
551.70	-0.212
552.04	-0.205
552.39	-0.202
552.73	-0.275
553.08	-0.227
553.42	-0.233
553.77	-0.271
554.11	-0.234
554.46	-0.224
554.80	-0.195
555.15	-0.108
555.49	-0.110
555.83	-0.164
556.18	-0.173
556.52	-0.144
556.87	-0.137
557.21	-0.160
557.56	-0.086
557.90	-0.117
558.24	-0.013
558.59	0.002
558.93	-0.105
559.28	-0.051
559.62	-0.039
559.96	0.012
560.31	-0.016
560.65	-0.062
560.99	0.010
561.34	-0.063
561.68	-0.034
562.02	-0.033
562.37	-0.039
562.71	0.000
563.06	-0.007
563.40	0.003
563.74	-0.093
564.09	-0.006
564.43	0.042
564.77	0.003
565.11	0.020
565.46	-0.057
565.80	-0.110
566.14	-0.121
566.49	-0.065
566.83	-0.073
567.17	-0.088
567.52	0.011
567.86	-0.032
568.20	-0.094
568.54	-0.085
568.89	-0.035
569.23	-0.009
569.57	-0.002
569.91	-0.015
570.26	-0.072
570.60	0.021
570.94	0.077
571.28	0.013
571.63	-0.048
571.97	0.029
572.31	0.059
572.65	-0.058
573.00	-0.010
573.34	-0.003
573.68	0.085
574.02	0.134
574.36	0.018
574.71	0.017
575.05	0.037
575.39	0.101
575.73	0.004
576.07	-0.004
576.42	0.069
576.76	0.080
577.10	0.076
577.44	-0.043
577.78	-0.054
578.12	0.024
578.46	0.054
578.81	0.072
579.15	0.055
579.49	0.128
579.83	0.060
580.17	0.082
580.51	0.068
580.85	0.073
581.20	0.148
581.54	0.081
581.88	-0.004
582.22	-0.025
582.56	0.050
582.90	0.105
583.24	0.097
583.58	0.110
583.92	0.117
584.26	0.033
584.60	-0.070
584.95	-0.069
585.29	0.025
585.63	0.113
585.97	0.089
586.31	0.027
586.65	-0.016
586.99	0.028
587.33	0.084
587.67	0.039
588.01	0.119
588.35	0.235
588.69	0.276
589.03	0.208
589.37	0.212
589.71	0.251
590.05	0.225
590.39	0.188
590.73	0.229
591.07	0.173
591.41	0.191
591.75	0.250
592.09	0.243
592.43	0.093
592.77	0.129
593.11	0.183
593.45	0.219
593.79	0.245
594.13	0.229
594.47	0.164
594.81	0.171
595.14	0.190
595.48	0.195
595.82	0.130
596.16	0.186
596.50	0.184
596.84	0.160
597.18	0.069
597.52	0.058
597.86	0.137
598.20	0.091
598.54	0.192
598.87	0.196
599.21	0.173
599.55	0.298
599.89	0.372
600.23	0.463
600.57	0.376
600.91	0.452
601.25	0.409
601.58	0.332
601.92	0.315
602.26	0.225
602.60	0.235
602.94	0.188
603.28	0.101
603.61	0.044
603.95	-0.007
604.29	0.061
604.63	0.001
604.97	-0.018
605.30	0.021
605.64	0.005
605.98	-0.027
606.32	0.027
606.66	0.014
606.99	-0.021
607.33	-0.002
607.67	-0.108
608.01	-0.208
608.34	-0.082
608.68	-0.020
609.02	-0.020
609.36	0.061
609.69	0.100
610.03	0.060
610.37	0.044
610.71	0.058
611.04	-0.039
611.38	-0.026
611.72	0.054
612.06	-0.125
612.39	-0.157
612.73	-0.155
613.07	-0.214
613.40	-0.243
613.74	-0.236
614.08	-0.252
614.41	-0.210
614.75	-0.031
615.09	-0.037
615.42	-0.016
615.76	0.055
616.10	0.099
616.43	0.118
616.77	0.143
617.11	0.255
617.44	0.226
617.78	0.388
618.12	0.389
618.45	0.344
618.79	0.366
619.13	0.390
619.46	0.355
619.80	0.311
620.13	0.262
620.47	0.269
620.81	0.201
621.14	0.091
621.48	-0.048
621.81	-0.023
622.15	0.032
622.48	-0.009
622.82	0.009
623.16	0.007
623.49	-0.021
623.83	-0.039
624.16	-0.078
624.50	-0.057
624.83	0.046
625.17	-0.034
625.50	-0.034
625.84	-0.161
626.18	-0.126
626.51	-0.204
626.85	-0.101
627.18	-0.092
627.52	-0.076
627.85	-0.005
628.19	-0.063
628.52	-0.127
628.86	-0.077
629.19	-0.235
629.53	-0.266
629.86	-0.163
630.19	-0.302
630.53	-0.408
630.86	-0.358
631.20	-0.267
631.53	-0.310
631.87	-0.286
632.20	-0.304
632.54	-0.259
632.87	-0.203
633.20	-0.019
633.54	-0.104
633.87	-0.077
634.21	-0.036
634.54	-0.019
634.88	-0.053
635.21	0.012
635.54	0.021
635.88	0.201
636.21	0.119
636.55	0.176
636.88	0.031
637.21	0.055
637.55	0.198
637.88	0.089
638.21	-0.041
638.55	-0.117
638.88	-0.047
639.21	-0.178
639.55	-0.425
639.88	-0.243
640.21	-0.260
640.55	-0.260
640.88	-0.298
641.21	-0.326
641.55	-0.273
641.88	-0.250
642.21	-0.252
642.55	-0.439
642.88	-0.350
643.21	-0.212
643.55	-0.317
643.88	-0.251
644.21	-0.309
644.54	-0.359
644.88	-0.279
645.21	-0.106
645.54	0.028
645.87	-0.033
646.21	-0.095
646.54	-0.234
646.87	-0.381
647.20	-0.425
647.54	-0.566
647.87	-0.654
648.20	-0.607
648.53	-0.651
648.87	-0.750
649.20	-0.905
649.53	-0.826
649.86	-0.630
650.19	-0.488
650.53	-0.331
650.86	-0.391
651.19	-0.404
651.52	-0.391
651.85	-0.446
652.18	-0.602
652.52	-0.746
652.85	-0.721
653.18	-0.868
653.51	-1.025
653.84	-1.174
654.17	-1.404
654.51	-1.391
654.84	-1.340
655.17	-1.384
655.50	-1.227
655.83	-1.119
656.16	-0.916
656.49	-0.920
656.82	-0.826
657.15	-0.605
657.49	-0.543
657.82	-0.348
658.15	-0.464
658.48	-0.633
658.81	-0.587
659.14	-0.743
659.47	-0.920
659.80	-1.273
660.13	-1.349
660.46	-1.349
660.79	-1.593
661.12	-1.723
661.45	-1.952
661.78	-1.949
662.11	-1.900
662.44	-1.971
662.77	-1.867
663.10	-1.919
663.43	-1.809
663.76	-1.773
664.09	-1.873
664.42	-1.825
664.75	-1.735
665.08	-1.789
665.41	-1.788
665.74	-1.822
666.07	-1.985
666.40	-2.417
666.73	-2.683
667.06	-2.718
667.39	-2.862
667.72	-2.949
668.05	-3.201
668.38	-3.478
668.71	-3.617
669.04	-3.590
669.37	-3.696
669.70	-3.713
670.03	-3.625
670.36	-3.148
670.69	-3.185
671.01	-3.206
671.34	-3.107
671.67	-3.162
672.00	-3.208
672.33	-3.172
672.66	-3.367
672.99	-3.247
673.32	-3.254
673.64	-3.504
673.97	-3.833
674.30	-3.968
674.63	-4.351
674.96	-4.724
675.29	-4.748
675.62	-4.517
675.94	-4.510
676.27	-4.697
676.60	-5.082
676.93	-5.136
677.26	-5.337
677.58	-5.661
677.91	-5.843
678.24	-5.645
678.57	-5.879
678.90	-5.980
679.22	-5.956
679.55	-6.173
679.88	-6.242
680.21	-6.320
680.54	-6.591
680.86	-6.461
681.19	-6.312
681.52	-6.546
681.85	-6.739
682.17	-6.720
682.50	-6.720
682.83	-7.030
683.16	-7.276
683.48	-7.300
683.81	-7.309
684.14	-7.425
684.46	-7.454
684.79	-7.763
685.12	-7.631
685.45	-7.961
685.77	-8.210
686.10	-8.875
686.43	-9.228
686.75	-9.110
687.08	-9.324
687.41	-9.732
687.73	-9.823
688.06	-9.919
688.39	-9.916
688.71	-9.921
689.04	-9.759
689.36	-9.796
689.69	-9.493
690.02	-9.670
690.34	-9.814
690.67	-9.752
691.00	-9.740
691.32	-9.393
691.65	-9.733
691.97	-10.027
692.30	-10.165
692.63	-10.421
692.95	-10.444
693.28	-10.713
693.60	-10.383
693.93	-10.648
694.26	-10.994
694.58	-10.965
694.91	-11.375
695.23	-11.443
695.56	-11.681
695.88	-12.213
696.21	-12.801
696.53	-13.044
696.86	-13.320
697.18	-14.003
697.51	-14.363
697.83	-14.889
698.16	-15.307
698.48	-15.798
698.81	-16.201
699.13	-16.381
699.46	-16.496
699.78	-16.547
700.11	-17.071
700.43	-17.082
700.76	-17.540
701.08	-17.941
701.41	-18.019
701.73	-18.150
702.06	-18.550
702.38	-18.781
702.71	-18.875
703.03	-19.203
703.35	-19.360
703.68	-18.981
704.00	-19.515
704.33	-19.735
704.65	-20.045
704.98	-20.453
705.30	-21.090
705.62	-21.168
705.95	-21.416
706.27	-22.448
706.60	-23.111
706.92	-24.118
707.24	-25.503
707.57	-25.961
707.89	-26.524
708.21	-26.518
708.54	-26.562
708.86	-26.809
709.18	-27.015
709.51	-26.632
709.83	-26.527
710.15	-26.697
710.48	-26.467
710.80	-26.133
711.12	-26.228
711.45	-25.922
711.77	-26.435
712.09	-26.781
712.42	-27.102
712.74	-27.856
713.06	-28.897
713.38	-29.020
713.71	-28.982
714.03	-29.320
714.35	-29.362
714.68	-30.021
715.00	-30.218
715.32	-30.443
715.64	-31.240
715.97	-31.382
716.29	-31.510
716.61	-31.977
716.93	-32.381
717.25	-33.221
717.58	-33.294
717.90	-34.482
718.22	-33.999
718.54	-34.770
718.87	-34.958
719.19	-35.033
719.51	-35.024
719.83	-34.701
720.15	-34.816
720.47	-35.388
720.80	-34.965
721.12	-34.823
721.44	-34.770
721.76	-35.661
722.08	-35.632
722.40	-35.619
722.73	-35.643
723.05	-36.200
723.37	-36.972
723.69	-36.965
724.01	-36.518
724.33	-37.629
724.65	-38.548
724.97	-38.274
725.30	-39.242
725.62	-39.000
725.94	-39.308
726.26	-39.505
726.58	-39.901
726.90	-39.421
727.22	-39.836
727.54	-40.735
727.86	-40.637
728.18	-40.190
728.50	-40.670
728.82	-40.680
729.14	-41.354
729.46	-41.744
729.78	-42.597
730.10	-42.416
730.42	-42.945
730.74	-44.259
731.07	-44.279
731.39	-45.130
731.71	-46.682
732.03	-47.853
732.35	-48.585
732.66	-50.111
732.98	-51.439
733.30	-51.492
733.62	-52.136
733.94	-53.583
734.26	-53.528
734.58	-53.688
734.90	-54.139
735.22	-53.688
735.54	-53.430
735.86	-53.215
736.18	-53.041
736.50	-52.811
736.82	-53.267
737.14	-53.808
737.46	-54.019
737.78	-54.590
738.10	-56.741
738.41	-56.026
738.73	-56.503
739.05	-56.590
739.37	-56.467
739.69	-56.663
740.01	-56.111
740.33	-56.056
740.65	-56.249
740.96	-55.460
741.28	-54.523
741.60	-54.160
741.92	-55.069
742.24	-54.663
742.56	-54.746
742.88	-55.903
743.19	-55.264
743.51	-55.527
743.83	-55.020
744.15	-56.206
744.47	-57.637
744.78	-57.564
745.10	-56.675
745.42	-57.090
745.74	-57.639
746.06	-59.264
746.37	-58.546
746.69	-58.672
747.01	-60.411
747.33	-61.873
747.64	-60.483
747.96	-58.459
748.28	-59.628
748.60	-59.819
748.91	-59.132
749.23	-59.736
749.55	-57.506
749.87	-58.913
750.18	-59.899
750.50	-59.458
750.82	-58.801
751.13	-57.827
751.45	-61.244
751.77	-62.565
752.08	-63.100
752.40	-62.992
752.72	-62.672
753.03	-64.580
753.35	-62.855
753.67	-62.818
753.98	-62.487
754.30	-60.817
754.62	-62.255
754.93	-60.899
755.25	-60.287
755.57	-60.084
755.88	-60.223
756.20	-60.294
756.51	-57.846
756.83	-58.241
757.15	-56.159
757.46	-57.121
757.78	-59.360
758.09	-60.317
758.41	-59.616
758.73	-58.790
759.04	-58.995
759.36	-59.032
759.67	-60.697
759.99	-63.102
760.30	-63.242
760.62	-65.508
760.94	-64.996
761.25	-65.661
761.57	-65.953
761.88	-67.774
762.20	-67.274
762.51	-67.638
762.83	-68.351
763.14	-66.200
763.46	-65.248
763.77	-65.195
764.09	-65.195
764.40	-66.192
764.72	-65.277
765.03	-64.360
765.35	-63.106
765.66	-64.087
765.98	-62.833
766.29	-62.101
766.61	-62.738
766.92	-64.752
767.23	-66.651
767.55	-66.088
767.86	-63.847
768.18	-64.230
768.49	-66.119
768.81	-64.116
769.12	-63.747
769.43	-65.209
769.75	-63.874
770.06	-63.371
770.38	-62.768
770.69	-62.538
771.00	-62.498
771.32	-63.522
771.63	-64.642
771.94	-61.308
772.26	-63.398
772.57	-63.783
772.89	-63.542
773.20	-67.109
773.51	-69.876
773.83	-67.055
774.14	-67.283
774.45	-65.493
774.77	-65.756
775.08	-67.107
775.39	-69.747
775.70	-68.971
776.02	-65.794
776.33	-66.531
776.64	-63.417
776.96	-59.650
777.27	-60.913
777.58	-58.821
777.89	-62.287
778.21	-62.506
778.52	-63.603
778.83	-64.038
779.14	-64.165
779.46	-66.434
779.77	-64.582
780.08	-65.365
780.39	-66.104
780.71	-66.219
781.02	-66.540
781.33	-66.667
781.64	-66.805
781.95	-65.698
782.27	-67.246
782.58	-69.237
782.89	-66.889
783.20	-67.942
783.51	-67.893
783.83	-68.446
784.14	-70.551
784.45	-73.156
784.76	-71.387
785.07	-73.335
785.38	-70.091
785.70	-68.523
786.01	-67.138
786.32	-70.103
786.63	-71.399
786.94	-72.279
787.25	-74.327
787.56	-70.969
787.87	-66.115
788.18	-65.385
788.50	-62.524
788.81	-63.246
789.12	-64.732
789.43	-64.504
789.74	-63.803
790.05	-62.563
790.36	-63.275
790.67	-63.348
790.98	-66.094
791.29	-68.663
791.60	-70.182
791.91	-72.459
792.22	-72.138
792.53	-68.927
792.84	-71.433
793.15	-74.587
793.46	-74.231
793.77	-73.307
794.08	-73.928
794.39	-71.856
794.70	-72.233
795.01	-75.457
795.32	-70.029
795.63	-69.936
795.94	-72.085
796.25	-71.354
796.56	-64.594
796.87	-63.276
797.18	-65.589
797.49	-69.605
797.80	-70.091
798.11	-72.925
798.42	-70.966
798.73	-73.992
799.04	-77.869
799.35	-75.927
799.65	-73.375
799.96	-77.207
800.27	-77.830
800.58	-69.117
800.89	-60.719
801.20	-62.171
801.51	-56.950
801.82	-58.194
802.13	-57.143
802.43	-56.893
802.74	-61.995
803.05	-65.243
803.36	-67.479
803.67	-72.059
803.98	-79.422
804.28	-81.784
804.59	-81.676
804.90	-82.486
805.21	-84.211
805.52	-89.449
805.83	-87.813
806.13	-86.587
806.44	-84.305
806.75	-84.313
807.06	-78.170
807.36	-76.856
807.67	-79.629
807.98	-74.503
808.29	-86.018
808.60	-79.332
808.90	-75.830
809.21	-74.667
809.52	-71.765
809.83	-73.779
810.13	-72.441
810.44	-76.716
810.75	-79.922
811.05	-79.186
811.36	-80.111
811.67	-71.857
811.98	-73.139
812.28	-71.246
812.59	-68.162
812.90	-60.064
813.20	-61.686
813.51	-60.160
813.82	-59.505
814.12	-57.081
814.43	-59.576
814.74	-66.962
815.04	-64.363
815.35	-62.814
815.65	-66.468
815.96	-64.652
816.27	-70.504
816.57	-67.562
816.88	-69.574
817.19	-69.708
817.49	-67.662
817.80	-66.050
818.10	-61.347
818.41	-60.878
818.72	-66.621
819.02	-66.117
819.33	-68.218
819.63	-69.685
819.94	-72.922
820.24	-70.734
820.55	-68.802
820.85	-68.726
821.16	-67.960
821.47	-69.602
821.77	-69.278
822.08	-68.117
822.38	-69.247
822.69	-70.187
822.99	-71.253
823.30	-69.746
823.60	-70.179
823.91	-71.098
824.21	-71.783
824.52	-72.429
824.82	-72.976
825.13	-74.619
825.43	-74.529
825.73	-73.014
826.04	-72.629
826.34	-71.948
826.65	-71.617
826.95	-74.713
827.26	-73.961
827.56	-75.538
827.87	-73.867
828.17	-75.584
828.47	-74.832
828.78	-74.449
829.08	-76.347
829.39	-75.676
829.69	-71.086
829.99	-74.938
830.30	-69.684
830.60	-67.505
830.90	-63.815
831.21	-68.153
831.51	-62.733
831.82	-61.021
832.12	-66.623
832.42	-62.332
832.73	-65.380
833.03	-69.398
833.33	-71.295
833.64	-71.051
833.94	-73.583
834.24	-73.512
834.54	-71.101
834.85	-75.203
835.15	-72.515
835.45	-76.267
835.76	-83.795
836.06	-78.805
836.36	-83.144
836.66	-81.259
836.97	-80.657
837.27	-83.100
837.57	-79.904
837.87	-85.897
838.18	-68.377
838.48	-72.054
838.78	-69.680
839.08	-64.099
839.39	-68.526
839.69	-64.401
839.99	-63.508
840.29	-73.245
840.59	-76.769
840.90	-85.562
841.20	-97.247
841.50	-112.063
841.80	-117.146
842.10	-105.582
842.41	-100.748
842.71	-117.131
843.01	-116.089
843.31	-108.159
843.61	-103.122
843.91	-91.898
844.21	-95.270
844.52	-74.731
844.82	-74.644
845.12	-79.452
845.42	-79.702
845.72	-73.839
846.02	-55.814
846.32	-60.086
846.62	-73.691
846.92	-75.259
847.22	-77.880
847.52	-58.239
847.83	-51.951
848.13	-35.419
848.43	-30.391
848.73	-28.430
849.03	-33.871
849.33	-39.508
849.63	-33.379
849.93	-31.714
850.23	-24.773
850.53	-28.112
850.83	-43.200
851.13	-47.273
851.43	-66.990
851.73	-72.421
852.03	-69.522
852.33	-64.672
852.63	-61.694
852.93	-65.554
853.23	-48.154
853.53	-61.588
853.83	-52.147
854.13	-43.888
854.43	-41.399
854.73	-38.682
855.03	-48.031
855.32	-52.623
855.62	-44.934
855.92	-62.479
856.22	-76.491
856.52	-99.793
856.82	-82.716
857.12	-97.183
857.42	-102.158
857.72	-118.296
858.02	-121.308
858.31	-100.000
858.61	-109.843
858.91	-140.476
859.21	-94.661
859.51	-98.864
859.81	-78.782
860.11	-62.681
860.40	-57.393
860.70	-53.010
861.00	-43.380
861.30	-31.378
861.60	-23.498
861.90	-27.654
862.19	-22.602
862.49	-34.076
862.79	-28.242
863.09	-32.194
863.39	-47.179
863.68	-53.887
863.98	-67.505
864.28	-88.793
864.58	-126.963
864.87	-183.282
865.17	-146.766
865.47	-184.756
865.77	-135.730
866.06	-180.311
866.36	-246.831
866.66	-256.207
866.96	-277.612
867.25	-248.120
867.55	-231.095
867.85	-219.310
868.14	-165.659
868.44	-196.029
868.74	-159.875
869.03	-144.667
869.33	-105.814
869.63	-87.886
869.92	-93.716
870.22	-117.473
870.52	-115.802
870.81	-101.199
871.11	-85.714
871.41	-90.488
871.70	-94.533
872.00	-114.568
872.30	-144.063
872.59	-140.683
872.89	-174.729
873.18	-119.726
873.48	-75.495
873.78	-72.099
874.07	-101.869
874.37	-115.751
874.66	-109.524
874.96	-85.971
875.25	-71.841
875.55	-85.284
875.85	-84.083
876.14	-64.375
876.44	-83.665
876.73	-85.308
877.03	-112.727
877.32	-83.019
877.62	-106.531
877.91	-133.766
878.21	-133.333
878.50	-116.382
878.80	-132.453
879.09	-88.919
879.39	-82.512
879.68	-68.330
879.98	-70.956
880.27	-65.696
880.57	-71.098
880.86	-61.007
881.16	-54.147
881.45	-57.808
881.74	-65.762
882.04	-61.114
882.33	-69.112
882.63	-67.931
882.92	-69.348
883.22	-64.389
883.51	-68.773
883.80	-67.138
884.10	-69.083
884.39	-74.448
884.69	-72.114
884.98	-71.815
885.27	-77.009
885.57	-76.371
885.86	-87.660
886.15	-108.059
886.45	-128.275
886.74	-121.108
887.03	-176.103
887.33	-216.667
887.62	-222.619
887.91	-37.234
888.21	-103.488
888.50	187.671
888.79	-300.000
889.09	-291.667
