190.56	171.429
190.94	171.429
191.32	171.429
191.70	-150.000
192.08	84.091
192.46	171.053
192.84	-152.381
193.22	124.390
193.60	57.377
193.98	108.197
194.36	116.667
194.74	59.434
195.13	95.413
195.51	121.698
195.89	224.528
196.27	79.675
196.65	130.000
197.03	119.231
197.40	-71.429
197.78	139.535
198.16	51.020
198.54	125.333
198.92	137.097
199.30	38.462
199.68	16.216
200.06	26.027
200.44	17.647
200.82	36.257
201.20	40.417
201.58	38.855
201.96	23.894
202.34	30.986
202.72	-10.354
203.10	4.235
203.48	6.598
203.86	18.716
204.24	15.607
204.62	20.359
205.00	13.136
205.38	0.536
205.76	-6.333
206.13	-25.080
206.51	-15.502
206.89	10.625
207.27	-13.546
207.65	10.363
208.03	19.583
208.41	25.914
208.79	33.000
209.17	32.771
209.55	42.275
209.93	50.952
210.30	71.461
210.68	66.416
211.06	62.617
211.44	67.265
211.82	49.417
212.20	30.925
212.58	31.152
212.96	23.285
213.33	2.806
213.71	14.988
214.09	13.005
214.47	-6.801
214.85	-5.827
215.23	-0.585
215.61	2.276
215.98	7.110
216.36	4.279
216.74	7.059
217.12	5.389
217.50	13.242
217.88	15.035
218.25	19.567
218.63	23.448
219.01	30.909
219.39	32.309
219.77	34.514
220.14	35.910
220.52	35.949
220.90	38.856
221.28	37.510
221.66	33.780
222.03	25.708
222.41	16.983
222.79	18.605
223.17	10.571
223.55	6.527
223.92	3.525
224.30	1.685
224.68	2.767
225.06	-0.529
225.43	0.198
225.81	2.650
226.19	3.853
226.57	4.695
226.95	4.815
227.32	3.151
227.70	2.731
228.08	2.473
228.46	1.758
228.83	1.296
229.21	0.575
229.59	0.520
229.96	0.072
230.34	-0.840
230.72	-1.302
231.10	-2.013
231.47	-1.032
231.85	-1.070
232.23	-1.194
232.60	-0.774
232.98	-1.343
233.36	-0.833
233.74	-1.100
234.11	-0.670
234.49	0.186
234.87	0.686
235.24	0.411
235.62	0.122
236.00	0.027
236.37	0.578
236.75	0.252
237.13	1.744
237.50	2.219
237.88	1.763
238.26	1.220
238.63	0.457
239.01	-0.197
239.39	-0.394
239.76	0.334
240.14	0.313
240.52	0.173
240.89	0.733
241.27	0.668
241.65	0.136
242.02	0.274
242.40	0.679
242.77	0.982
243.15	1.366
243.53	1.897
243.90	1.773
244.28	1.679
244.66	1.788
245.03	2.045
245.41	1.737
245.78	2.115
246.16	2.174
246.54	1.962
246.91	1.891
247.29	1.818
247.66	1.572
248.04	1.588
248.41	1.560
248.79	1.633
249.17	1.624
249.54	1.833
249.92	1.735
250.29	1.591
250.67	1.662
251.04	1.741
251.42	1.872
251.80	1.877
252.17	1.610
252.55	1.872
252.92	1.373
253.30	0.804
253.67	0.421
254.05	0.174
254.42	0.824
254.80	0.666
255.17	0.835
255.55	1.047
255.92	1.579
256.30	1.662
256.67	1.674
257.05	2.134
257.42	2.098
257.80	2.239
258.17	2.127
258.55	2.176
258.92	2.089
259.30	1.845
259.67	1.702
260.05	1.502
260.42	1.415
260.80	1.431
261.17	1.200
261.55	1.315
261.92	1.159
262.30	1.292
262.67	1.073
263.05	1.094
263.42	1.108
263.79	1.274
264.17	1.234
264.54	1.525
264.92	1.313
265.29	1.434
265.67	1.469
266.04	1.497
266.42	1.126
266.79	0.736
267.16	0.901
267.54	1.079
267.91	0.839
268.29	0.949
268.66	0.640
269.03	0.691
269.41	0.786
269.78	0.648
270.16	0.787
270.53	1.023
270.90	1.116
271.28	0.924
271.65	0.757
272.03	0.829
272.40	0.695
272.77	0.724
273.15	0.920
273.52	0.915
273.89	1.055
274.27	0.928
274.64	1.026
275.01	1.088
275.39	1.191
275.76	1.241
276.14	1.233
276.51	1.483
276.88	1.606
277.26	1.303
277.63	1.080
278.00	0.866
278.38	0.909
278.75	0.822
279.12	0.856
279.49	0.934
279.87	1.038
280.24	1.043
280.61	0.853
280.99	0.816
281.36	0.855
281.73	0.945
282.11	1.136
282.48	1.194
282.85	1.277
283.22	1.241
283.60	1.222
283.97	1.312
284.34	1.280
284.71	1.459
285.09	1.438
285.46	1.475
285.83	1.560
286.21	1.584
286.58	1.606
286.95	1.655
287.32	1.682
287.70	1.826
288.07	1.832
288.44	1.930
288.81	2.006
289.18	2.170
289.56	2.249
289.93	2.313
290.30	2.434
290.67	2.546
291.05	2.422
291.42	2.552
291.79	2.404
292.16	2.335
292.53	2.476
292.91	2.473
293.28	2.595
293.65	2.850
294.02	2.978
294.39	2.955
294.76	2.943
295.14	3.213
295.51	3.315
295.88	3.516
296.25	3.617
296.62	3.781
297.00	3.832
297.37	4.035
297.74	4.158
298.11	4.318
298.48	4.463
298.85	4.605
299.22	4.700
299.60	4.845
299.97	5.001
300.34	5.232
300.71	5.102
301.08	5.313
301.45	5.309
301.82	5.226
302.19	5.401
302.56	5.498
302.94	5.736
303.31	5.884
303.68	6.077
304.05	6.220
304.42	6.437
304.79	6.717
305.16	6.916
305.53	7.144
305.90	7.355
306.27	7.311
306.64	7.676
307.02	7.870
307.39	8.092
307.76	8.156
308.13	8.124
308.50	8.297
308.87	8.348
309.24	8.420
309.61	8.467
309.98	8.643
310.35	8.818
310.72	8.758
311.09	8.888
311.46	8.903
311.83	9.243
312.20	9.470
312.57	9.573
312.94	9.852
313.31	10.009
313.68	10.297
314.05	10.574
314.42	10.658
314.79	10.935
315.16	11.121
315.53	11.310
315.90	11.384
316.27	11.704
316.64	11.931
317.01	12.138
317.38	12.340
317.75	12.551
318.12	12.694
318.49	13.162
318.86	13.309
319.23	13.487
319.60	13.787
319.97	14.026
320.34	14.103
320.71	14.152
321.08	14.372
321.45	14.430
321.82	14.615
322.19	14.829
322.55	14.664
322.92	14.660
323.29	14.635
323.66	14.808
324.03	14.667
324.40	14.813
324.77	14.954
325.14	15.097
325.51	15.169
325.88	15.232
326.25	15.274
326.61	15.655
326.98	15.942
327.35	16.188
327.72	16.124
328.09	16.545
328.46	16.652
328.83	16.835
329.20	17.028
329.56	17.343
329.93	17.449
330.30	17.584
330.67	17.662
331.04	17.690
331.41	17.869
331.78	18.118
332.14	18.178
332.51	18.422
332.88	18.558
333.25	18.692
333.62	18.794
333.99	18.979
334.35	19.180
334.72	19.258
335.09	19.399
335.46	19.442
335.83	19.342
336.19	19.287
336.56	19.221
336.93	19.305
337.30	19.190
337.67	19.293
338.03	19.125
338.40	19.071
338.77	19.056
339.14	19.288
339.50	19.356
339.87	19.611
340.24	19.685
340.61	19.668
340.97	19.621
341.34	19.717
341.71	19.632
342.08	19.856
342.44	19.799
342.81	19.734
343.18	19.636
343.55	19.525
343.91	19.552
344.28	19.619
344.65	19.625
345.02	19.601
345.38	19.629
345.75	19.729
346.12	19.622
346.48	19.743
346.85	19.825
347.22	19.913
347.59	20.108
347.95	20.063
348.32	20.047
348.69	20.270
349.05	20.360
349.42	20.528
349.79	20.430
350.15	20.360
350.52	20.250
350.89	20.261
351.25	20.325
351.62	20.118
351.99	20.115
352.35	20.087
352.72	19.874
353.09	19.822
353.45	19.539
353.82	19.540
354.18	19.451
354.55	19.540
354.92	19.553
355.28	19.344
355.65	19.349
356.02	19.329
356.38	19.346
356.75	19.427
357.11	19.404
357.48	19.511
357.85	19.484
358.21	19.655
358.58	19.607
358.94	19.594
359.31	19.714
359.67	19.787
360.04	19.735
360.41	19.678
360.77	19.661
361.14	19.660
361.50	19.691
361.87	19.744
362.23	19.732
362.60	19.774
362.97	19.803
363.33	19.757
363.70	19.806
364.06	19.808
364.43	19.880
364.79	19.963
365.16	20.059
365.52	20.058
365.89	20.172
366.25	20.098
366.62	20.054
366.98	20.053
367.35	20.113
367.71	20.049
368.08	20.263
368.44	20.270
368.81	20.155
369.17	20.185
369.54	20.145
369.90	20.037
370.27	20.046
370.63	20.041
371.00	20.022
371.36	20.000
371.73	20.052
372.09	19.924
372.45	20.076
372.82	20.215
373.18	20.278
373.55	20.242
373.91	20.429
374.28	20.681
374.64	20.723
375.01	20.881
375.37	20.887
375.73	21.034
376.10	21.152
376.46	21.129
376.83	21.159
377.19	21.212
377.55	21.406
377.92	21.425
378.28	21.359
378.65	21.541
379.01	21.546
379.37	21.643
379.74	21.573
380.10	21.648
380.47	21.813
380.83	21.921
381.19	21.883
381.56	21.901
381.92	21.872
382.28	21.910
382.65	21.891
383.01	21.931
383.37	22.023
383.74	22.118
384.10	22.116
384.46	21.984
384.83	21.957
385.19	22.021
385.55	22.079
385.92	22.186
386.28	22.238
386.64	22.284
387.01	22.314
387.37	22.347
387.73	22.436
388.10	22.472
388.46	22.512
388.82	22.494
389.18	22.643
389.55	22.776
389.91	22.837
390.27	22.986
390.64	22.998
391.00	23.012
391.36	22.973
391.72	22.947
392.09	23.106
392.45	23.205
392.81	23.339
393.17	23.387
393.54	23.372
393.90	23.404
394.26	23.443
394.62	23.510
394.99	23.652
395.35	23.836
395.71	23.939
396.07	23.849
396.43	23.889
396.80	23.931
397.16	23.971
397.52	23.938
397.88	23.941
398.24	24.071
398.61	24.171
398.97	24.331
399.33	24.407
399.69	24.467
400.05	24.683
400.42	24.777
400.78	24.839
401.14	24.793
401.50	24.927
401.86	25.059
402.22	24.969
402.59	25.058
402.95	25.008
403.31	25.054
403.67	25.139
404.03	25.065
404.39	25.031
404.75	25.188
405.12	25.391
405.48	25.374
405.84	25.329
406.20	25.384
406.56	25.287
406.92	25.322
407.28	25.254
407.64	25.273
408.00	25.361
408.36	25.476
408.73	25.374
409.09	25.298
409.45	25.391
409.81	25.402
410.17	25.425
410.53	25.491
410.89	25.466
411.25	25.530
411.61	25.572
411.97	25.555
412.33	25.545
412.69	25.550
413.05	25.580
413.41	25.570
413.77	25.606
414.13	25.617
414.50	25.732
414.86	25.693
415.22	25.724
415.58	25.757
415.94	25.821
416.30	25.893
416.66	25.976
417.02	26.022
417.38	26.018
417.74	26.084
418.10	26.039
418.46	26.100
418.82	26.236
419.18	26.217
419.54	26.187
419.90	26.220
420.26	26.255
420.61	26.263
420.97	26.324
421.33	26.384
421.69	26.388
422.05	26.547
422.41	26.513
422.77	26.493
423.13	26.577
423.49	26.760
423.85	26.829
424.21	26.883
424.57	26.906
424.93	26.876
425.29	26.888
425.65	27.021
426.01	27.070
426.36	27.122
426.72	27.219
427.08	27.261
427.44	27.223
427.80	27.271
428.16	27.326
428.52	27.364
428.88	27.440
429.24	27.540
429.59	27.532
429.95	27.614
430.31	27.660
430.67	27.663
431.03	27.699
431.39	27.654
431.75	27.587
432.10	27.599
432.46	27.616
432.82	27.604
433.18	27.670
433.54	27.703
433.90	27.729
434.25	27.773
434.61	27.867
434.97	27.895
435.33	27.975
435.69	28.103
436.04	28.159
436.40	28.389
436.76	28.469
437.12	28.478
437.48	28.510
437.83	28.476
438.19	28.601
438.55	28.662
438.91	28.770
439.27	28.849
439.62	28.911
439.98	29.020
440.34	29.036
440.70	29.182
441.05	29.312
441.41	29.444
441.77	29.530
442.13	29.597
442.48	29.663
442.84	29.810
443.20	29.907
443.56	30.053
443.91	30.192
444.27	30.244
444.63	30.303
444.98	30.349
445.34	30.485
445.70	30.588
446.05	30.685
446.41	30.723
446.77	30.749
447.13	30.852
447.48	30.865
447.84	30.879
448.20	30.951
448.55	31.102
448.91	31.192
449.27	31.225
449.62	31.255
449.98	31.350
450.34	31.531
450.69	31.631
451.05	31.753
451.40	31.885
451.76	32.003
452.12	32.125
452.47	32.112
452.83	32.206
453.19	32.267
453.54	32.429
453.90	32.565
454.25	32.647
454.61	32.734
454.97	32.734
455.32	32.760
455.68	32.756
456.03	32.885
456.39	32.946
456.75	32.984
457.10	33.009
457.46	32.980
457.81	32.871
458.17	32.918
458.52	32.849
458.88	32.849
459.24	32.877
459.59	32.937
459.95	32.942
460.30	32.999
460.66	33.015
461.01	33.064
461.37	33.170
461.72	33.265
462.08	33.231
462.43	33.301
462.79	33.416
463.14	33.512
463.50	33.545
463.85	33.579
464.21	33.512
464.56	33.556
464.92	33.603
465.27	33.594
465.63	33.689
465.98	33.689
466.34	33.674
466.69	33.570
467.05	33.557
467.40	33.519
467.76	33.445
468.11	33.521
468.47	33.576
468.82	33.639
469.18	33.578
469.53	33.486
469.88	33.534
470.24	33.604
470.59	33.694
470.95	33.695
471.30	33.814
471.66	33.854
472.01	33.774
472.36	33.749
472.72	33.781
473.07	33.890
473.43	33.882
473.78	33.877
474.13	33.941
474.49	34.024
474.84	33.992
475.19	33.985
475.55	34.043
475.90	34.104
476.26	34.082
476.61	33.970
476.96	33.984
477.32	33.978
477.67	34.060
478.02	34.134
478.38	34.138
478.73	34.201
479.08	34.160
479.44	34.150
479.79	34.202
480.14	34.274
480.50	34.269
480.85	34.328
481.20	34.377
481.56	34.444
481.91	34.511
482.26	34.568
482.62	34.656
482.97	34.702
483.32	34.747
483.67	34.728
484.03	34.734
484.38	34.758
484.73	34.761
485.08	34.791
485.44	34.762
485.79	34.675
486.14	34.650
486.49	34.603
486.85	34.662
487.20	34.694
487.55	34.737
487.90	34.783
488.26	34.866
488.61	34.842
488.96	34.852
489.31	34.902
489.67	34.996
490.02	35.068
490.37	35.162
490.72	35.098
491.07	35.109
491.43	35.129
491.78	35.082
492.13	35.057
492.48	35.101
492.83	35.151
493.19	35.165
493.54	35.199
493.89	35.230
494.24	35.206
494.59	35.321
494.94	35.332
495.29	35.442
495.65	35.499
496.00	35.552
496.35	35.631
496.70	35.606
497.05	35.646
497.40	35.730
497.75	35.665
498.11	35.718
498.46	35.682
498.81	35.800
499.16	35.821
499.51	35.950
499.86	36.002
500.21	36.066
500.56	36.233
500.91	36.317
501.26	36.321
501.62	36.460
501.97	36.514
502.32	36.705
502.67	36.651
503.02	36.700
503.37	36.706
503.72	36.773
504.07	36.814
504.42	36.864
504.77	36.900
505.12	36.954
505.47	36.992
505.82	36.995
506.17	36.881
506.52	36.886
506.87	36.848
507.22	36.938
507.57	36.948
507.92	37.067
508.27	37.039
508.62	37.004
508.97	37.026
509.32	37.004
509.67	37.070
510.02	37.219
510.37	37.281
510.72	37.328
511.07	37.330
511.42	37.283
511.77	37.163
512.12	37.159
512.47	37.250
512.82	37.305
513.17	37.289
513.52	37.257
513.87	37.141
514.22	37.071
514.57	37.147
514.91	37.155
515.26	37.199
515.61	37.173
515.96	37.194
516.31	37.154
516.66	37.126
517.01	37.214
517.36	37.235
517.71	37.224
518.06	37.271
518.41	37.267
518.75	37.284
519.10	37.307
519.45	37.336
519.80	37.340
520.15	37.387
520.50	37.405
520.85	37.416
521.19	37.451
521.54	37.493
521.89	37.492
522.24	37.465
522.59	37.424
522.94	37.425
523.28	37.389
523.63	37.276
523.98	37.187
524.33	37.112
524.68	36.989
525.03	36.893
525.37	36.930
525.72	36.874
526.07	36.853
526.42	36.775
526.76	36.712
527.11	36.779
527.46	36.831
527.81	36.857
528.16	36.859
528.50	36.860
528.85	36.826
529.20	36.752
529.55	36.754
529.89	36.749
530.24	36.751
530.59	36.715
530.94	36.583
531.28	36.503
531.63	36.423
531.98	36.381
532.32	36.347
532.67	36.365
533.02	36.414
533.37	36.377
533.71	36.326
534.06	36.314
534.41	36.360
534.75	36.336
535.10	36.356
535.45	36.318
535.79	36.300
536.14	36.323
536.49	36.293
536.83	36.271
537.18	36.293
537.53	36.305
537.87	36.261
538.22	36.154
538.57	36.220
538.91	36.110
539.26	36.067
539.61	36.052
539.95	35.988
540.30	35.978
540.64	35.901
540.99	35.882
541.34	35.853
541.68	35.881
542.03	35.946
542.37	35.933
542.72	35.992
543.07	36.069
543.41	36.065
543.76	36.038
544.10	36.102
544.45	36.162
544.80	36.166
545.14	36.246
545.49	36.242
545.83	36.241
546.18	36.250
546.52	36.281
546.87	36.272
547.21	36.294
547.56	36.401
547.90	36.270
548.25	36.311
548.59	36.364
548.94	36.357
549.29	36.387
549.63	36.401
549.98	36.428
550.32	36.465
550.67	36.515
551.01	36.515
551.35	36.563
551.70	36.729
552.04	36.706
552.39	36.721
552.73	36.663
553.08	36.753
553.42	36.737
553.77	36.759
554.11	36.692
554.46	36.597
554.80	36.649
555.15	36.611
555.49	36.626
555.83	36.608
556.18	36.599
556.52	36.686
556.87	36.605
557.21	36.674
557.56	36.652
557.90	36.674
558.24	36.707
558.59	36.753
558.93	36.713
559.28	36.738
559.62	36.697
559.96	36.712
560.31	36.584
560.65	36.672
560.99	36.670
561.34	36.647
561.68	36.739
562.02	36.788
562.37	36.779
562.71	36.781
563.06	36.716
563.40	36.748
563.74	36.742
564.09	36.744
564.43	36.709
564.77	36.663
565.11	36.680
565.46	36.668
565.80	36.643
566.14	36.569
566.49	36.559
566.83	36.591
567.17	36.688
567.52	36.714
567.86	36.790
568.20	36.804
568.54	36.775
568.89	36.810
569.23	36.827
569.57	36.808
569.91	36.843
570.26	36.885
570.60	36.849
570.94	36.786
571.28	36.786
571.63	36.773
571.97	36.731
572.31	36.733
572.65	36.709
573.00	36.628
573.34	36.710
573.68	36.732
574.02	36.676
574.36	36.737
574.71	36.697
575.05	36.711
575.39	36.707
575.73	36.744
576.07	36.781
576.42	36.753
576.76	36.777
577.10	36.741
577.44	36.790
577.78	36.874
578.12	36.759
578.46	36.858
578.81	36.858
579.15	36.984
579.49	36.972
579.83	37.049
580.17	37.127
580.51	37.095
580.85	37.146
581.20	37.079
581.54	37.101
581.88	37.200
582.22	37.245
582.56	37.276
582.90	37.279
583.24	37.351
583.58	37.336
583.92	37.404
584.26	37.542
584.60	37.646
584.95	37.816
585.29	37.970
585.63	38.061
585.97	38.113
586.31	38.125
586.65	38.166
586.99	38.229
587.33	38.332
587.67	38.422
588.01	38.460
588.35	38.414
588.69	38.469
589.03	38.480
589.37	38.531
589.71	38.553
590.05	38.656
590.39	38.754
590.73	38.789
591.07	38.814
591.41	38.860
591.75	38.967
592.09	39.063
592.43	38.989
592.77	39.187
593.11	39.281
593.45	39.363
593.79	39.486
594.13	39.498
594.47	39.603
594.81	39.747
595.14	39.900
595.48	40.004
595.82	40.184
596.16	40.355
596.50	40.328
596.84	40.387
597.18	40.546
597.52	40.715
597.86	40.912
598.20	41.062
598.54	41.164
598.87	41.241
599.21	41.329
599.55	41.424
599.89	41.650
600.23	41.914
600.57	42.156
600.91	42.249
601.25	42.333
601.58	42.411
601.92	42.537
602.26	42.704
602.60	42.931
602.94	43.177
603.28	43.245
603.61	43.326
603.95	43.412
604.29	43.539
604.63	43.747
604.97	43.854
605.30	43.998
605.64	44.180
605.98	44.273
606.32	44.389
606.66	44.426
606.99	44.698
607.33	44.790
607.67	44.920
608.01	44.971
608.34	45.030
608.68	45.215
609.02	45.427
609.36	45.406
609.69	45.586
610.03	45.626
610.37	45.788
610.71	45.835
611.04	45.905
611.38	45.975
611.72	46.250
612.06	46.387
612.39	46.422
612.73	46.478
613.07	46.524
613.40	46.613
613.74	46.667
614.08	46.683
614.41	46.695
614.75	46.937
615.09	47.142
615.42	47.138
615.76	47.173
616.10	47.201
616.43	47.219
616.77	47.259
617.11	47.231
617.44	47.262
617.78	47.488
618.12	47.451
618.45	47.548
618.79	47.462
619.13	47.489
619.46	47.593
619.80	47.713
620.13	47.742
620.47	47.945
620.81	48.014
621.14	48.128
621.48	48.055
621.81	48.286
622.15	48.080
622.48	48.144
622.82	48.222
623.16	48.204
623.49	48.229
623.83	48.199
624.16	48.340
624.50	48.506
624.83	48.615
625.17	48.774
625.50	48.755
625.84	48.868
626.18	48.866
626.51	48.793
626.85	48.912
627.18	48.914
627.52	48.961
627.85	48.929
628.19	48.908
628.52	48.888
628.86	48.874
629.19	48.843
629.53	48.954
629.86	49.126
630.19	49.209
630.53	49.234
630.86	49.332
631.20	49.412
631.53	49.414
631.87	49.372
632.20	49.268
632.54	49.227
632.87	49.392
633.20	49.413
633.54	49.224
633.87	49.289
634.21	49.338
634.54	49.438
634.88	49.531
635.21	49.555
635.54	49.712
635.88	49.877
636.21	49.773
636.55	49.645
636.88	49.756
637.21	50.013
637.55	49.982
637.88	49.921
638.21	49.815
638.55	49.590
638.88	49.669
639.21	49.607
639.55	49.689
639.88	49.837
640.21	49.983
640.55	49.697
640.88	49.637
641.21	49.544
641.55	49.590
641.88	49.596
642.21	49.864
642.55	49.873
642.88	50.010
643.21	49.890
643.55	49.856
643.88	49.905
644.21	49.965
644.54	49.870
644.88	49.965
645.21	49.965
645.54	49.861
645.87	49.780
646.21	49.788
646.54	49.683
646.87	49.693
647.20	49.766
647.54	49.921
647.87	49.827
648.20	49.932
648.53	50.064
648.87	49.924
649.20	49.875
649.53	49.875
649.86	49.944
650.19	49.994
650.53	50.038
650.86	50.030
651.19	49.697
651.52	50.032
651.85	49.846
652.18	49.705
652.52	49.787
652.85	49.909
653.18	49.893
653.51	49.661
653.84	49.524
654.17	49.626
654.51	49.635
654.84	49.649
655.17	49.405
655.50	49.397
655.83	49.421
656.16	49.511
656.49	49.533
656.82	49.676
657.15	49.534
657.49	49.657
657.82	49.425
658.15	49.494
658.48	49.609
658.81	49.643
659.14	49.694
659.47	49.769
659.80	49.730
660.13	49.573
660.46	49.367
660.79	49.389
661.12	49.257
661.45	49.348
661.78	49.236
662.11	49.176
662.44	49.079
662.77	49.267
663.10	49.059
663.43	48.925
663.76	49.134
664.09	49.083
664.42	49.445
664.75	49.653
665.08	49.685
665.41	49.523
665.74	49.129
666.07	48.845
666.40	48.467
666.73	48.561
667.06	48.448
667.39	48.316
667.72	48.309
668.05	47.918
668.38	47.573
668.71	47.224
669.04	47.272
669.37	47.590
669.70	47.996
670.03	48.001
670.36	47.828
670.69	47.845
671.01	47.673
671.34	47.803
671.67	47.985
672.00	48.103
672.33	48.016
672.66	47.773
672.99	47.483
673.32	47.221
673.64	47.283
673.97	47.235
674.30	47.159
674.63	47.125
674.96	46.565
675.29	46.385
675.62	46.120
675.94	46.328
676.27	46.344
676.60	46.408
676.93	46.452
677.26	46.461
677.58	46.411
677.91	46.228
678.24	46.101
678.57	46.247
678.90	46.030
679.22	46.363
679.55	46.114
679.88	45.905
680.21	46.037
680.54	45.962
680.86	45.465
681.19	45.237
681.52	45.246
681.85	45.230
682.17	45.171
682.50	45.011
682.83	44.666
683.16	44.615
683.48	44.533
683.81	44.337
684.14	44.046
684.46	44.050
684.79	43.739
685.12	43.616
685.45	43.418
685.77	43.199
686.10	43.105
686.43	42.818
686.75	42.545
687.08	42.609
687.41	41.963
687.73	41.692
688.06	41.566
688.39	41.461
688.71	40.949
689.04	40.664
689.36	40.391
689.69	40.097
690.02	40.007
690.34	39.905
690.67	39.692
691.00	39.887
691.32	39.798
691.65	39.689
691.97	39.879
692.30	39.669
692.63	39.773
692.95	40.188
693.28	40.258
693.60	39.655
693.93	39.423
694.26	38.963
694.58	38.607
694.91	38.657
695.23	38.199
695.56	37.736
695.88	38.014
696.21	37.686
696.53	37.154
696.86	36.996
697.18	36.974
697.51	37.041
697.83	37.189
698.16	37.058
698.48	36.969
698.81	36.939
699.13	36.869
699.46	36.650
699.78	36.136
700.11	35.844
700.43	35.390
700.76	35.202
701.08	35.056
701.41	34.685
701.73	34.257
702.06	33.960
702.38	33.818
702.71	33.559
703.03	32.683
703.35	32.755
703.68	32.427
704.00	32.384
704.33	32.019
704.65	31.508
704.98	31.075
705.30	31.127
705.62	30.385
705.95	30.208
706.27	29.574
706.60	30.079
706.92	29.569
707.24	29.539
707.57	29.915
707.89	29.784
708.21	29.721
708.54	29.690
708.86	29.058
709.18	29.044
709.51	29.018
709.83	29.140
710.15	28.873
710.48	29.066
710.80	29.108
711.12	28.446
711.45	28.094
711.77	27.898
712.09	27.725
712.42	28.583
712.74	28.523
713.06	28.010
713.38	27.783
713.71	27.463
714.03	27.114
714.35	26.615
714.68	26.413
715.00	26.965
715.32	26.642
715.64	26.529
715.97	25.912
716.29	25.975
716.61	25.001
716.93	24.777
717.25	24.687
717.58	24.550
717.90	24.394
718.22	24.794
718.54	24.263
718.87	24.352
719.19	24.081
719.51	23.348
719.83	22.503
720.15	23.918
720.47	24.189
720.80	24.006
721.12	24.309
721.44	24.348
721.76	23.243
722.08	22.682
722.40	21.988
722.73	22.379
723.05	22.114
723.37	22.802
723.69	22.691
724.01	22.208
724.33	22.124
724.65	21.687
724.97	20.976
725.30	21.515
725.62	21.868
725.94	22.265
726.26	21.662
726.58	22.335
726.90	21.364
727.22	20.754
727.54	20.473
727.86	20.909
728.18	20.792
728.50	20.842
728.82	20.849
729.14	20.793
729.46	20.784
729.78	20.635
730.10	20.452
730.42	20.695
730.74	20.863
731.07	21.027
731.39	20.592
731.71	20.972
732.03	21.137
732.35	20.520
732.66	20.676
732.98	19.880
733.30	19.610
733.62	19.678
733.94	19.113
734.26	19.247
734.58	19.414
734.90	19.590
735.22	19.723
735.54	19.860
735.86	19.661
736.18	18.996
736.50	19.721
736.82	20.434
737.14	19.696
737.46	19.469
737.78	19.062
738.10	19.187
738.41	18.779
738.73	17.910
739.05	18.062
739.37	18.037
739.69	17.803
740.01	16.894
740.33	15.849
740.65	15.821
740.96	16.400
741.28	16.948
741.60	16.735
741.92	17.408
742.24	16.500
742.56	15.365
742.88	15.877
743.19	16.202
743.51	17.072
743.83	17.868
744.15	18.556
744.47	18.154
744.78	18.260
745.10	18.554
745.42	18.250
745.74	19.875
746.06	19.488
746.37	20.125
746.69	19.473
747.01	19.028
747.33	19.244
747.64	18.253
747.96	18.623
748.28	17.844
748.60	17.319
748.91	16.494
749.23	15.949
749.55	16.009
749.87	15.145
750.18	15.461
750.50	15.222
750.82	14.124
751.13	15.124
751.45	13.622
751.77	13.055
752.08	11.897
752.40	11.629
752.72	10.585
753.03	10.619
753.35	9.433
753.67	10.197
753.98	10.674
754.30	11.824
754.62	11.364
754.93	12.628
755.25	12.569
755.57	13.910
755.88	14.858
756.20	15.193
756.51	14.591
756.83	15.344
757.15	15.683
757.46	13.928
757.78	13.070
758.09	12.126
758.41	11.456
758.73	11.430
759.04	10.638
759.36	8.936
759.67	9.184
759.99	9.006
760.30	10.477
760.62	8.652
760.94	8.455
761.25	7.852
761.57	8.660
761.88	9.655
762.20	9.973
762.51	11.834
762.83	12.341
763.14	12.477
763.46	13.187
763.77	11.958
764.09	12.738
764.40	13.910
764.72	14.752
765.03	14.290
765.35	15.382
765.66	14.805
765.98	13.440
766.29	13.652
766.61	14.049
766.92	14.355
767.23	13.206
767.55	11.907
767.86	11.471
768.18	10.562
768.49	10.830
768.81	9.410
769.12	8.662
769.43	8.777
769.75	9.712
770.06	8.801
770.38	9.250
770.69	10.374
771.00	11.053
771.32	10.921
771.63	10.109
771.94	9.785
772.26	9.536
772.57	10.608
772.89	8.826
773.20	8.880
773.51	10.320
773.83	8.392
774.14	8.267
774.45	9.198
774.77	9.880
775.08	10.965
775.39	10.274
775.70	9.523
776.02	9.495
776.33	9.706
776.64	8.175
776.96	5.214
777.27	5.946
777.58	4.971
777.89	2.102
778.21	0.619
778.52	0.692
778.83	2.070
779.14	1.656
779.46	0.205
779.77	0.669
780.08	0.736
780.39	3.524
780.71	2.754
781.02	4.000
781.33	6.100
781.64	7.935
781.95	9.457
782.27	9.638
782.58	11.183
782.89	13.400
783.20	15.146
783.51	15.407
783.83	14.149
784.14	15.106
784.45	15.504
784.76	15.116
785.07	13.641
785.38	10.498
785.70	10.790
786.01	10.274
786.32	9.490
786.63	7.874
786.94	8.664
787.25	9.533
787.56	10.072
787.87	11.285
788.18	11.802
788.50	12.116
788.81	12.625
789.12	12.665
789.43	12.928
789.74	14.296
790.05	12.785
790.36	12.102
790.67	9.173
790.98	7.383
791.29	6.253
791.60	4.761
791.91	5.037
792.22	6.243
792.53	4.079
792.84	5.028
793.15	3.382
793.46	4.509
793.77	4.581
794.08	6.568
794.39	8.820
794.70	9.853
795.01	11.907
795.32	13.853
795.63	12.411
795.94	14.735
796.25	13.815
796.56	16.850
796.87	17.915
797.18	16.088
797.49	15.071
797.80	13.820
798.11	14.374
798.42	15.763
798.73	13.387
799.04	15.097
799.35	13.394
799.65	11.171
799.96	7.547
800.27	5.811
800.58	8.352
800.89	10.067
801.20	13.290
801.51	8.541
801.82	7.169
802.13	7.205
802.43	7.516
802.74	6.795
803.05	10.457
803.36	10.141
803.67	11.767
803.98	9.078
804.28	7.613
804.59	7.145
804.90	9.231
805.21	9.976
805.52	10.129
805.83	8.286
806.13	9.182
806.44	5.578
806.75	7.428
807.06	4.829
807.36	7.010
807.67	8.973
807.98	7.557
808.29	10.624
808.60	8.733
808.90	9.814
809.21	9.112
809.52	8.068
809.83	9.915
810.13	7.125
810.44	12.924
810.75	14.015
811.05	13.182
811.36	10.272
811.67	4.805
811.98	5.440
812.28	3.406
812.59	2.757
812.90	8.705
813.20	8.941
813.51	10.393
813.82	7.376
814.12	2.911
814.43	3.055
814.74	5.558
815.04	12.908
815.35	11.473
815.65	12.731
815.96	10.888
816.27	7.515
816.57	6.094
816.88	4.645
817.19	5.258
817.49	10.437
817.80	11.271
818.10	11.111
818.41	7.962
818.72	10.238
819.02	9.941
819.33	12.222
819.63	11.737
819.94	10.583
820.24	9.356
820.55	10.209
820.85	10.613
821.16	8.641
821.47	8.897
821.77	7.927
822.08	7.668
822.38	7.504
822.69	8.115
822.99	8.210
823.30	9.270
823.60	9.992
823.91	9.540
824.21	8.952
824.52	9.725
824.82	9.787
825.13	10.172
825.43	10.868
825.73	11.413
826.04	11.865
826.34	12.514
826.65	11.897
826.95	12.007
827.26	12.841
827.56	12.492
827.87	12.393
828.17	12.202
828.47	13.200
828.78	13.206
829.08	14.028
829.39	13.510
829.69	11.965
829.99	10.815
830.30	8.187
830.60	5.991
830.90	6.113
831.21	2.681
831.51	1.272
831.82	-1.716
832.12	0.406
832.42	-0.414
832.73	-1.871
833.03	1.105
833.33	1.807
833.64	4.650
833.94	4.198
834.24	2.983
834.54	4.246
834.85	4.542
835.15	4.894
835.45	2.677
835.76	1.393
836.06	1.691
836.36	0.786
836.66	2.209
836.97	0.039
837.27	2.610
837.57	3.991
837.87	4.789
838.18	4.731
838.48	4.759
838.78	6.632
839.08	3.765
839.39	2.716
839.69	-0.985
839.99	0.600
840.29	5.367
840.59	6.807
840.90	4.936
841.20	7.800
841.50	6.506
841.80	2.375
842.10	0.068
842.41	3.523
842.71	6.738
843.01	9.671
843.31	12.121
843.61	11.041
843.91	4.630
844.21	10.640
844.52	12.409
844.82	16.188
845.12	22.662
845.42	25.339
845.72	25.916
846.02	23.557
846.32	29.826
846.62	31.695
846.92	24.826
847.22	29.120
847.52	30.384
847.83	31.669
848.13	28.825
848.43	22.520
848.73	7.682
849.03	6.694
849.33	12.667
849.63	9.404
849.93	-0.850
850.23	15.198
850.53	15.183
850.83	1.225
851.13	-6.171
851.43	-3.379
851.73	4.275
852.03	17.935
852.33	17.414
852.63	17.292
852.93	23.700
853.23	21.352
853.53	13.384
853.83	9.387
854.13	14.962
854.43	15.068
854.73	21.802
855.03	16.539
855.32	-0.308
855.62	-0.904
855.92	-21.013
856.22	-33.659
856.52	-35.409
856.82	-32.673
857.12	-16.667
857.42	-17.989
857.72	-21.326
858.02	-26.326
858.31	-15.203
858.61	-17.017
858.91	-19.859
859.21	-1.625
859.51	-4.262
859.81	2.711
860.11	-2.311
860.40	-0.302
860.70	2.143
861.00	16.123
861.30	-1.239
861.60	-11.306
861.90	2.703
862.19	20.233
862.49	14.865
862.79	18.235
863.09	-14.791
863.39	5.296
863.68	-26.333
863.98	-1.064
864.28	-4.208
864.58	5.592
864.87	-3.945
865.17	-4.848
865.47	-21.905
865.77	-12.966
866.06	-11.634
866.36	-6.492
866.66	-15.713
866.96	-8.333
867.25	-20.940
867.55	-37.387
867.85	-42.517
868.14	-30.203
868.44	-23.794
868.74	-19.027
869.03	-19.810
869.33	-20.164
869.63	-19.007
869.92	-15.038
870.22	-10.775
870.52	-5.273
870.81	20.654
871.11	33.269
871.41	51.868
871.70	43.238
872.00	62.844
872.30	58.108
872.59	51.885
872.89	57.042
873.18	65.066
873.48	61.205
873.78	53.465
874.07	16.667
874.37	2.454
874.66	-7.993
874.96	-15.888
875.25	-17.128
875.55	-5.958
875.85	-14.095
876.14	-10.039
876.44	-19.262
876.73	-30.022
877.03	-40.402
877.32	-13.465
877.62	-27.027
877.91	-27.481
878.21	-10.149
878.50	-37.313
878.80	-79.197
879.09	-42.000
879.39	-49.409
879.68	-50.641
879.98	-23.145
880.27	-5.739
880.57	-5.202
880.86	-0.561
881.16	3.534
881.45	5.457
881.74	9.994
882.04	11.418
882.33	12.381
882.63	12.465
882.92	13.779
883.22	11.206
883.51	7.735
883.80	7.629
884.10	9.340
884.39	9.802
884.69	8.672
884.98	8.000
885.27	6.784
885.57	6.324
885.86	5.664
886.15	7.469
886.45	6.796
886.74	15.554
887.03	8.960
887.33	9.791
887.62	11.881
887.91	-19.048
888.21	26.573
888.50	-64.384
888.79	23.077
889.09	61.404
