190.56	0.000
190.94	0.000
191.32	0.000
191.70	-224.138
192.08	207.895
192.46	-504.762
192.84	-6033.333
193.22	422.581
193.60	404.950
193.98	369.149
194.36	672.727
194.74	906.977
195.13	4270.000
195.51	1457.692
195.89	-1430.769
196.27	-273.171
196.65	-182.317
197.03	-185.714
197.40	-201.911
197.78	-337.931
198.16	-258.273
198.54	-237.423
198.92	-232.738
199.30	-242.466
199.68	-143.704
200.06	-113.576
200.44	-116.288
200.82	-79.012
201.20	-48.866
201.58	-24.786
201.96	-8.836
202.34	-30.556
202.72	-34.808
203.10	-4.178
203.48	-2.257
203.86	4.179
204.24	-5.903
204.62	-6.349
205.00	-29.707
205.38	-76.889
205.76	-110.857
206.13	-121.277
206.51	-132.227
206.89	-75.000
207.27	-80.793
207.65	-92.388
208.03	-74.854
208.41	-64.691
208.79	-74.750
209.17	-66.594
209.55	-92.120
209.93	-81.266
210.30	-70.101
210.68	-23.276
211.06	-15.272
211.44	-16.972
211.82	-15.165
212.20	-18.105
212.58	-13.877
212.96	-16.790
213.33	-18.987
213.71	-8.994
214.09	-21.784
214.47	-22.593
214.85	-51.452
215.23	-69.464
215.61	-62.368
215.98	-43.233
216.36	-44.055
216.74	-50.301
217.12	-43.645
217.50	-36.081
217.88	-25.887
218.25	-21.717
218.63	-13.737
219.01	-11.915
219.39	-12.725
219.77	-13.082
220.14	-17.135
220.52	-19.737
220.90	-14.760
221.28	-11.075
221.66	-8.642
222.03	-6.216
222.41	2.260
222.79	1.923
223.17	0.527
223.55	-1.737
223.92	-2.024
224.30	-4.422
224.68	-4.316
225.06	-6.256
225.43	-6.373
225.81	-8.729
226.19	-6.289
226.57	-5.954
226.95	-5.324
227.32	-1.942
227.70	-0.836
228.08	-0.547
228.46	0.186
228.83	0.850
229.21	1.631
229.59	1.596
229.96	2.784
230.34	2.656
230.72	2.115
231.10	3.064
231.47	3.168
231.85	4.334
232.23	4.169
232.60	3.940
232.98	4.482
233.36	4.623
233.74	3.757
234.11	2.802
234.49	2.267
234.87	2.545
235.24	1.800
235.62	0.779
236.00	-0.296
236.37	0.323
236.75	-0.059
237.13	-0.739
237.50	-0.359
237.88	0.757
238.26	1.423
238.63	1.247
239.01	1.487
239.39	0.565
239.76	1.089
240.14	1.345
240.52	0.933
240.89	1.145
241.27	1.190
241.65	0.655
242.02	0.922
242.40	0.673
242.77	0.274
243.15	-0.017
243.53	0.507
243.90	0.109
244.28	0.296
244.66	0.470
245.03	0.100
245.41	0.131
245.78	0.354
246.16	-0.105
246.54	-0.343
246.91	-0.044
247.29	0.032
247.66	-0.301
248.04	-0.055
248.41	-0.236
248.79	-0.366
249.17	-0.091
249.54	0.065
249.92	0.083
250.29	0.386
250.67	0.951
251.04	1.532
251.42	1.368
251.80	1.773
252.17	1.301
252.55	1.045
252.92	0.988
253.30	1.482
253.67	1.151
254.05	0.656
254.42	0.773
254.80	0.336
255.17	-0.538
255.55	-0.099
255.92	-0.291
256.30	0.151
256.67	0.170
257.05	0.112
257.42	-0.121
257.80	0.192
258.17	0.246
258.55	0.408
258.92	0.390
259.30	0.638
259.67	0.525
260.05	0.405
260.42	0.264
260.80	0.453
261.17	0.510
261.55	0.343
261.92	0.259
262.30	0.235
262.67	-0.067
263.05	-0.051
263.42	-0.200
263.79	-0.202
264.17	-0.128
264.54	0.423
264.92	0.493
265.29	0.763
265.67	0.713
266.04	0.450
266.42	0.722
266.79	0.728
267.16	0.786
267.54	0.480
267.91	0.403
268.29	0.461
268.66	0.385
269.03	0.375
269.41	0.089
269.78	0.376
270.16	0.632
270.53	0.609
270.90	0.621
271.28	0.736
271.65	1.002
272.03	1.243
272.40	1.384
272.77	1.284
273.15	1.296
273.52	1.418
273.89	1.284
274.27	1.054
274.64	1.068
275.01	1.099
275.39	0.882
275.76	0.604
276.14	0.243
276.51	0.024
276.88	-0.223
277.26	-0.149
277.63	-0.208
278.00	-0.137
278.38	0.053
278.75	0.053
279.12	0.139
279.49	0.246
279.87	0.296
280.24	0.348
280.61	0.334
280.99	0.503
281.36	0.393
281.73	0.514
282.11	0.665
282.48	0.808
282.85	0.716
283.22	0.704
283.60	0.600
283.97	0.837
284.34	1.006
284.71	1.202
285.09	1.281
285.46	1.315
285.83	1.254
286.21	1.106
286.58	1.034
286.95	0.975
287.32	1.050
287.70	1.112
288.07	0.901
288.44	0.837
288.81	0.807
289.18	0.823
289.56	0.773
289.93	0.814
290.30	0.935
290.67	0.944
291.05	1.040
291.42	0.815
291.79	0.801
292.16	1.021
292.53	1.118
292.91	1.119
293.28	1.065
293.65	1.036
294.02	1.172
294.39	1.061
294.76	0.971
295.14	1.021
295.51	1.229
295.88	1.311
296.25	1.094
296.62	1.178
297.00	1.134
297.37	1.170
297.74	1.305
298.11	1.272
298.48	1.211
298.85	1.293
299.22	1.143
299.60	0.966
299.97	0.782
300.34	0.966
300.71	0.808
301.08	0.827
301.45	0.847
301.82	0.727
302.19	0.653
302.56	0.789
302.94	0.814
303.31	0.914
303.68	1.086
304.05	1.232
304.42	1.017
304.79	1.056
305.16	1.133
305.53	1.157
305.90	1.233
306.27	1.285
306.64	1.327
307.02	1.413
307.39	1.630
307.76	1.640
308.13	1.670
308.50	1.980
308.87	2.023
309.24	2.097
309.61	2.048
309.98	2.053
310.35	2.093
310.72	2.189
311.09	2.224
311.46	2.211
311.83	2.038
312.20	1.929
312.57	1.683
312.94	1.558
313.31	1.646
313.68	1.647
314.05	1.675
314.42	1.406
314.79	1.330
315.16	1.070
315.53	1.058
315.90	1.222
316.27	1.436
316.64	1.518
317.01	1.687
317.38	1.565
317.75	1.528
318.12	1.466
318.49	1.838
318.86	2.024
319.23	2.142
319.60	2.121
319.97	2.282
320.34	2.204
320.71	2.310
321.08	2.469
321.45	2.501
321.82	2.863
322.19	3.066
322.55	2.980
322.92	3.016
323.29	3.366
323.66	3.442
324.03	3.515
324.40	3.684
324.77	3.869
325.14	3.733
325.51	4.144
325.88	4.324
326.25	4.715
326.61	5.055
326.98	5.414
327.35	5.733
327.72	6.286
328.09	6.692
328.46	7.174
328.83	7.610
329.20	8.127
329.56	8.401
329.93	8.629
330.30	8.820
330.67	9.378
331.04	9.638
331.41	9.784
331.78	9.961
332.14	10.132
332.51	10.435
332.88	10.813
333.25	11.080
333.62	11.276
333.99	11.514
334.35	11.605
334.72	11.414
335.09	11.512
335.46	11.770
335.83	11.970
336.19	12.125
336.56	12.052
336.93	11.902
337.30	11.984
337.67	12.006
338.03	11.956
338.40	11.972
338.77	12.227
339.14	12.375
339.50	12.221
339.87	12.187
340.24	12.249
340.61	12.376
340.97	12.478
341.34	12.531
341.71	12.470
342.08	12.658
342.44	12.790
342.81	12.896
343.18	12.690
343.55	12.728
343.91	12.612
344.28	12.745
344.65	12.762
345.02	12.818
345.38	12.671
345.75	12.731
346.12	12.715
346.48	12.620
346.85	12.601
347.22	12.585
347.59	12.643
347.95	12.891
348.32	12.746
348.69	12.720
349.05	12.561
349.42	12.829
349.79	12.839
350.15	12.763
350.52	12.865
350.89	12.694
351.25	12.710
351.62	12.728
351.99	12.495
352.35	12.606
352.72	12.622
353.09	12.631
353.45	12.495
353.82	12.506
354.18	12.493
354.55	12.417
354.92	12.488
355.28	12.535
355.65	12.413
356.02	12.370
356.38	12.253
356.75	12.201
357.11	12.214
357.48	12.293
357.85	12.287
358.21	12.393
358.58	12.398
358.94	12.396
359.31	12.474
359.67	12.599
360.04	12.681
360.41	12.648
360.77	12.597
361.14	12.639
361.50	12.664
361.87	12.657
362.23	12.575
362.60	12.665
362.97	12.678
363.33	12.631
363.70	12.545
364.06	12.515
364.43	12.572
364.79	12.666
365.16	12.614
365.52	12.503
365.89	12.570
366.25	12.624
366.62	12.598
366.98	12.768
367.35	12.856
367.71	13.063
368.08	13.198
368.44	13.295
368.81	13.415
369.17	13.506
369.54	13.612
369.90	13.569
370.27	13.549
370.63	13.684
371.00	13.623
371.36	13.668
371.73	13.674
372.09	13.658
372.45	13.632
372.82	13.664
373.18	13.665
373.55	13.783
373.91	13.868
374.28	14.016
374.64	13.983
375.01	14.027
375.37	14.097
375.73	14.181
376.10	14.193
376.46	14.373
376.83	14.503
377.19	14.762
377.55	14.739
377.92	14.818
378.28	14.852
378.65	14.977
379.01	15.193
379.37	15.354
379.74	15.527
380.10	15.946
380.47	16.047
380.83	16.207
381.19	16.164
381.56	16.380
381.92	16.658
382.28	16.825
382.65	17.020
383.01	17.158
383.37	17.297
383.74	17.365
384.10	17.327
384.46	17.526
384.83	17.709
385.19	17.914
385.55	18.126
385.92	18.158
386.28	18.287
386.64	18.397
387.01	18.474
387.37	18.632
387.73	18.819
388.10	19.059
388.46	19.272
388.82	19.328
389.18	19.481
389.55	19.658
389.91	19.868
390.27	20.032
390.64	20.188
391.00	20.463
391.36	20.606
391.72	20.774
392.09	20.777
392.45	20.852
392.81	21.114
393.17	21.325
393.54	21.457
393.90	21.591
394.26	21.887
394.62	22.110
394.99	22.263
395.35	22.551
395.71	22.774
396.07	23.132
396.43	23.413
396.80	23.564
397.16	23.823
397.52	23.992
397.88	24.228
398.24	24.445
398.61	24.747
398.97	24.910
399.33	25.024
399.69	25.224
400.05	25.430
400.42	25.747
400.78	25.943
401.14	26.144
401.50	26.499
401.86	26.821
402.22	26.946
402.59	27.005
402.95	27.153
403.31	27.417
403.67	27.605
404.03	27.818
404.39	27.912
404.75	28.240
405.12	28.541
405.48	28.666
405.84	28.838
406.20	29.047
406.56	29.290
406.92	29.484
407.28	29.715
407.64	29.907
408.00	30.106
408.36	30.252
408.73	30.480
409.09	30.577
409.45	30.777
409.81	31.027
410.17	31.310
410.53	31.558
410.89	31.943
411.25	32.189
411.61	32.476
411.97	32.653
412.33	32.849
412.69	32.996
413.05	33.230
413.41	33.514
413.77	33.687
414.13	33.803
414.50	34.090
414.86	34.159
415.22	34.252
415.58	34.410
415.94	34.700
416.30	34.941
416.66	35.117
417.02	35.329
417.38	35.447
417.74	35.682
418.10	35.907
418.46	36.073
418.82	36.294
419.18	36.495
419.54	36.634
419.90	36.803
420.26	36.960
420.61	37.056
420.97	37.133
421.33	37.285
421.69	37.368
422.05	37.546
422.41	37.582
422.77	37.755
423.13	37.873
423.49	37.986
423.85	38.191
424.21	38.304
424.57	38.490
424.93	38.641
425.29	38.743
425.65	38.876
426.01	39.059
426.36	39.263
426.72	39.283
427.08	39.387
427.44	39.550
427.80	39.562
428.16	39.766
428.52	39.922
428.88	40.103
429.24	40.272
429.59	40.379
429.95	40.450
430.31	40.607
430.67	40.799
431.03	40.921
431.39	41.072
431.75	41.231
432.10	41.336
432.46	41.490
432.82	41.669
433.18	41.802
433.54	42.012
433.90	42.123
434.25	42.185
434.61	42.377
434.97	42.508
435.33	42.564
435.69	42.669
436.04	42.800
436.40	42.867
436.76	42.974
437.12	43.030
437.48	43.098
437.83	43.193
438.19	43.348
438.55	43.416
438.91	43.550
439.27	43.696
439.62	43.800
439.98	43.878
440.34	43.960
440.70	43.991
441.05	44.185
441.41	44.227
441.77	44.181
442.13	44.276
442.48	44.287
442.84	44.386
443.20	44.541
443.56	44.624
443.91	44.673
444.27	44.833
444.63	45.024
444.98	45.087
445.34	45.184
445.70	45.308
446.05	45.394
446.41	45.447
446.77	45.479
447.13	45.537
447.48	45.658
447.84	45.842
448.20	45.828
448.55	45.871
448.91	45.897
449.27	45.947
449.62	46.111
449.98	46.189
450.34	46.366
450.69	46.390
451.05	46.430
451.40	46.341
451.76	46.243
452.12	46.279
452.47	46.299
452.83	46.356
453.19	46.458
453.54	46.463
453.90	46.493
454.25	46.528
454.61	46.573
454.97	46.613
455.32	46.763
455.68	46.831
456.03	46.873
456.39	46.950
456.75	46.990
457.10	47.015
457.46	47.105
457.81	47.095
458.17	47.107
458.52	47.172
458.88	47.238
459.24	47.212
459.59	47.278
459.95	47.347
460.30	47.251
460.66	47.238
461.01	47.145
461.37	47.148
461.72	47.151
462.08	47.092
462.43	47.183
462.79	47.072
463.14	47.141
463.50	47.136
463.85	47.120
464.21	47.155
464.56	47.357
464.92	47.441
465.27	47.397
465.63	47.404
465.98	47.432
466.34	47.424
466.69	47.493
467.05	47.543
467.40	47.532
467.76	47.534
468.11	47.540
468.47	47.314
468.82	47.465
469.18	47.582
469.53	47.670
469.88	47.755
470.24	47.793
470.59	47.808
470.95	47.794
471.30	47.951
471.66	47.985
472.01	48.055
472.36	48.186
472.72	48.059
473.07	47.979
473.43	47.965
473.78	47.976
474.13	47.983
474.49	48.071
474.84	48.146
475.19	48.090
475.55	48.135
475.90	48.192
476.26	48.167
476.61	48.327
476.96	48.406
477.32	48.501
477.67	48.493
478.02	48.496
478.38	48.519
478.73	48.420
479.08	48.440
479.44	48.466
479.79	48.420
480.14	48.484
480.50	48.414
480.85	48.354
481.20	48.415
481.56	48.497
481.91	48.605
482.26	48.656
482.62	48.714
482.97	48.686
483.32	48.620
483.67	48.563
484.03	48.507
484.38	48.498
484.73	48.541
485.08	48.539
485.44	48.551
485.79	48.484
486.14	48.383
486.49	48.302
486.85	48.324
487.20	48.364
487.55	48.416
487.90	48.450
488.26	48.485
488.61	48.475
488.96	48.448
489.31	48.451
489.67	48.488
490.02	48.598
490.37	48.673
490.72	48.699
491.07	48.718
491.43	48.767
491.78	48.866
492.13	48.859
492.48	48.919
492.83	48.915
493.19	48.932
493.54	48.919
493.89	48.950
494.24	48.991
494.59	49.111
494.94	49.189
495.29	49.305
495.65	49.312
496.00	49.479
496.35	49.491
496.70	49.620
497.05	49.732
497.40	49.850
497.75	49.879
498.11	49.967
498.46	50.055
498.81	50.148
499.16	50.184
499.51	50.315
499.86	50.379
500.21	50.548
500.56	50.630
500.91	50.644
501.26	50.733
501.62	50.837
501.97	50.922
502.32	50.872
502.67	50.949
503.02	50.966
503.37	50.979
503.72	51.022
504.07	51.005
504.42	51.061
504.77	51.065
505.12	51.179
505.47	51.154
505.82	51.245
506.17	51.418
506.52	51.576
506.87	51.806
507.22	51.882
507.57	52.009
507.92	52.132
508.27	52.166
508.62	52.338
508.97	52.334
509.32	52.555
509.67	52.646
510.02	52.681
510.37	52.704
510.72	52.669
511.07	52.725
511.42	52.654
511.77	52.645
512.12	52.745
512.47	52.839
512.82	52.922
513.17	52.970
513.52	53.025
513.87	53.081
514.22	53.145
514.57	53.307
514.91	53.486
515.26	53.710
515.61	53.907
515.96	54.072
516.31	54.246
516.66	54.447
517.01	54.515
517.36	54.578
517.71	54.672
518.06	54.787
518.41	54.910
518.75	55.019
519.10	55.098
519.45	55.164
519.80	55.237
520.15	55.239
520.50	55.256
520.85	55.349
521.19	55.469
521.54	55.527
521.89	55.640
522.24	55.688
522.59	55.800
522.94	56.004
523.28	56.215
523.63	56.364
523.98	56.502
524.33	56.742
524.68	56.847
525.03	57.039
525.37	57.286
525.72	57.487
526.07	57.672
526.42	57.919
526.76	58.118
527.11	58.300
527.46	58.444
527.81	58.547
528.16	58.575
528.50	58.682
528.85	58.734
529.20	58.743
529.55	58.793
529.89	58.913
530.24	58.923
530.59	58.920
530.94	59.003
531.28	59.113
531.63	59.274
531.98	59.431
532.32	59.502
532.67	59.675
533.02	59.801
533.37	59.980
533.71	60.032
534.06	60.113
534.41	60.263
534.75	60.330
535.10	60.421
535.45	60.513
535.79	60.672
536.14	60.891
536.49	60.975
536.83	61.143
537.18	61.251
537.53	61.410
537.87	61.538
538.22	61.727
538.57	61.932
538.91	62.179
539.26	62.476
539.61	62.741
539.95	62.989
540.30	63.140
540.64	63.242
540.99	63.350
541.34	63.480
541.68	63.634
542.03	63.739
542.37	63.781
542.72	63.782
543.07	63.817
543.41	63.795
543.76	63.803
544.10	63.919
544.45	64.065
544.80	64.168
545.14	64.303
545.49	64.445
545.83	64.550
546.18	64.709
546.52	64.865
546.87	65.027
547.21	65.243
547.56	65.368
547.90	65.598
548.25	65.813
548.59	65.896
548.94	66.019
549.29	66.185
549.63	66.434
549.98	66.651
550.32	66.931
550.67	67.038
551.01	67.121
551.35	67.379
551.70	67.330
552.04	67.345
552.39	67.546
552.73	67.723
553.08	67.878
553.42	67.830
553.77	67.851
554.11	67.909
554.46	67.991
554.80	68.147
555.15	68.128
555.49	68.376
555.83	68.496
556.18	68.565
556.52	68.714
556.87	68.727
557.21	68.840
557.56	68.971
557.90	69.030
558.24	69.208
558.59	69.208
558.93	69.262
559.28	69.347
559.62	69.566
559.96	69.621
560.31	69.662
560.65	69.744
560.99	69.785
561.34	69.814
561.68	69.886
562.02	69.904
562.37	69.995
562.71	70.102
563.06	70.198
563.40	70.168
563.74	70.422
564.09	70.532
564.43	70.472
564.77	70.640
565.11	70.934
565.46	70.977
565.80	70.989
566.14	71.053
566.49	71.141
566.83	71.188
567.17	71.287
567.52	71.229
567.86	71.103
568.20	71.307
568.54	71.381
568.89	71.425
569.23	71.698
569.57	71.834
569.91	72.005
570.26	72.092
570.60	72.198
570.94	72.286
571.28	72.448
571.63	72.566
571.97	72.631
572.31	72.658
572.65	72.574
573.00	72.463
573.34	72.548
573.68	72.515
574.02	72.581
574.36	72.428
574.71	72.404
575.05	72.390
575.39	72.485
575.73	72.497
576.07	72.505
576.42	72.553
576.76	72.689
577.10	72.648
577.44	72.553
577.78	72.620
578.12	72.662
578.46	72.795
578.81	72.701
579.15	72.655
579.49	72.639
579.83	72.740
580.17	72.790
580.51	72.836
580.85	72.883
581.20	73.102
581.54	72.964
581.88	73.219
582.22	73.161
582.56	73.287
582.90	73.458
583.24	73.540
583.58	73.515
583.92	73.508
584.26	73.476
584.60	73.550
584.95	73.446
585.29	73.654
585.63	73.647
585.97	73.758
586.31	73.885
586.65	73.912
586.99	74.032
587.33	74.092
587.67	74.186
588.01	74.145
588.35	74.282
588.69	74.283
589.03	74.306
589.37	74.378
589.71	74.329
590.05	74.275
590.39	74.172
590.73	74.144
591.07	74.169
591.41	74.080
591.75	74.099
592.09	74.008
592.43	74.304
592.77	74.362
593.11	74.308
593.45	74.398
593.79	74.395
594.13	74.676
594.47	74.878
594.81	75.030
595.14	75.048
595.48	75.147
595.82	75.119
596.16	74.982
596.50	74.912
596.84	74.975
597.18	75.000
597.52	75.084
597.86	74.885
598.20	74.607
598.54	74.537
598.87	74.620
599.21	74.590
599.55	74.562
599.89	74.611
600.23	74.738
600.57	74.697
600.91	74.857
601.25	74.782
601.58	74.913
601.92	74.992
602.26	75.027
602.60	75.003
602.94	75.077
603.28	75.179
603.61	75.238
603.95	75.182
604.29	75.227
604.63	75.079
604.97	75.162
605.30	75.173
605.64	75.274
605.98	75.345
606.32	75.473
606.66	75.394
606.99	75.434
607.33	75.498
607.67	75.490
608.01	75.565
608.34	75.467
608.68	75.467
609.02	75.318
609.36	75.147
609.69	75.013
610.03	74.838
610.37	74.886
610.71	74.772
611.04	74.841
611.38	74.907
611.72	74.822
612.06	75.005
612.39	75.084
612.73	75.178
613.07	75.503
613.40	75.411
613.74	75.645
614.08	75.630
614.41	75.785
614.75	75.657
615.09	75.711
615.42	75.969
615.76	75.990
616.10	75.866
616.43	76.039
616.77	75.947
617.11	76.292
617.44	76.173
617.78	76.232
618.12	76.248
618.45	76.212
618.79	76.287
619.13	76.137
619.46	76.345
619.80	76.338
620.13	76.306
620.47	76.270
620.81	76.173
621.14	76.205
621.48	76.302
621.81	76.384
622.15	76.523
622.48	76.427
622.82	76.346
623.16	76.219
623.49	76.313
623.83	76.368
624.16	76.541
624.50	76.463
624.83	76.694
625.17	76.463
625.50	76.510
625.84	76.553
626.18	76.628
626.51	76.717
626.85	76.785
627.18	76.821
627.52	76.636
627.85	76.582
628.19	76.533
628.52	76.484
628.86	76.606
629.19	76.565
629.53	76.420
629.86	76.276
630.19	76.186
630.53	76.061
630.86	76.199
631.20	76.367
631.53	76.357
631.87	76.496
632.20	76.407
632.54	76.382
632.87	76.315
633.20	76.480
633.54	76.472
633.87	76.576
634.21	76.783
634.54	76.593
634.88	76.594
635.21	76.540
635.54	76.456
635.88	76.417
636.21	76.255
636.55	76.114
636.88	75.992
637.21	75.995
637.55	76.020
637.88	75.721
638.21	75.773
638.55	75.683
638.88	75.871
639.21	75.978
639.55	76.103
639.88	76.453
640.21	76.617
640.55	76.665
640.88	76.793
641.21	76.761
641.55	76.838
641.88	76.804
642.21	76.778
642.55	76.622
642.88	76.652
643.21	76.484
643.55	76.373
643.88	76.333
644.21	76.197
644.54	76.198
644.88	76.298
645.21	76.454
645.54	76.545
645.87	76.585
646.21	76.328
646.54	76.358
646.87	76.550
647.20	76.729
647.54	77.007
647.87	77.213
648.20	77.333
648.53	77.258
648.87	77.145
649.20	77.049
649.53	77.156
649.86	77.508
650.19	77.584
650.53	77.481
650.86	77.460
651.19	77.284
651.52	77.168
651.85	77.020
652.18	76.988
652.52	77.090
652.85	77.162
653.18	77.186
653.51	77.091
653.84	76.775
654.17	76.988
654.51	76.859
654.84	76.898
655.17	76.952
655.50	76.712
655.83	76.762
656.16	76.567
656.49	76.451
656.82	76.323
657.15	76.381
657.49	76.694
657.82	76.528
658.15	76.656
658.48	76.509
658.81	76.445
659.14	76.686
659.47	76.593
659.80	76.752
660.13	76.532
660.46	76.635
660.79	76.732
661.12	76.577
661.45	76.513
661.78	76.413
662.11	76.528
662.44	76.806
662.77	76.706
663.10	76.686
663.43	76.465
663.76	76.786
664.09	76.888
664.42	76.883
664.75	77.253
665.08	77.328
665.41	77.312
665.74	77.133
666.07	76.963
666.40	76.914
666.73	76.826
667.06	77.154
667.39	77.147
667.72	76.829
668.05	76.821
668.38	76.456
668.71	76.568
669.04	76.686
669.37	76.613
669.70	76.652
670.03	76.648
670.36	77.005
670.69	76.742
671.01	76.590
671.34	76.845
671.67	76.834
672.00	76.741
672.33	76.633
672.66	76.443
672.99	76.916
673.32	76.713
673.64	77.069
673.97	76.804
674.30	76.704
674.63	76.598
674.96	76.200
675.29	76.202
675.62	76.358
675.94	76.202
676.27	76.199
676.60	75.737
676.93	76.081
677.26	75.662
677.58	75.755
677.91	75.806
678.24	76.122
678.57	76.504
678.90	75.855
679.22	75.796
679.55	76.026
679.88	76.107
680.21	76.402
680.54	76.278
680.86	76.462
681.19	76.365
681.52	76.413
681.85	76.375
682.17	76.098
682.50	76.359
682.83	76.165
683.16	76.027
683.48	75.831
683.81	75.736
684.14	75.513
684.46	75.525
684.79	75.480
685.12	75.494
685.45	75.398
685.77	75.455
686.10	75.355
686.43	75.680
686.75	75.434
687.08	75.593
687.41	75.480
687.73	75.465
688.06	75.243
688.39	75.254
688.71	75.253
689.04	75.174
689.36	75.205
689.69	75.291
690.02	74.933
690.34	74.869
690.67	74.613
691.00	74.541
691.32	74.700
691.65	75.047
691.97	74.906
692.30	74.649
692.63	74.965
692.95	74.702
693.28	74.980
693.60	74.907
693.93	75.152
694.26	75.114
694.58	74.877
694.91	74.659
695.23	74.286
695.56	74.364
695.88	74.385
696.21	74.178
696.53	74.297
696.86	74.180
697.18	74.484
697.51	74.454
697.83	74.437
698.16	74.468
698.48	74.164
698.81	74.077
699.13	73.825
699.46	73.660
699.78	73.165
700.11	73.394
700.43	73.115
700.76	72.724
701.08	72.840
701.41	72.830
701.73	72.754
702.06	72.945
702.38	72.788
702.71	72.941
703.03	73.209
703.35	73.597
703.68	73.107
704.00	73.280
704.33	73.196
704.65	72.971
704.98	72.932
705.30	72.983
705.62	72.609
705.95	72.500
706.27	72.528
706.60	72.222
706.92	72.047
707.24	72.060
707.57	72.437
707.89	72.367
708.21	72.263
708.54	72.312
708.86	72.219
709.18	72.573
709.51	72.700
709.83	72.355
710.15	72.453
710.48	72.485
710.80	71.762
711.12	70.945
711.45	71.142
711.77	70.758
712.09	70.642
712.42	70.673
712.74	70.714
713.06	70.985
713.38	70.583
713.71	70.103
714.03	70.095
714.35	70.500
714.68	70.567
715.00	69.875
715.32	69.722
715.64	69.623
715.97	68.884
716.29	68.171
716.61	67.480
716.93	67.920
717.25	68.224
717.58	68.082
717.90	68.583
718.22	68.563
718.54	69.122
718.87	69.296
719.19	69.220
719.51	69.688
719.83	70.202
720.15	70.333
720.47	69.645
720.80	69.323
721.12	69.033
721.44	68.375
721.76	68.656
722.08	68.017
722.40	67.463
722.73	67.189
723.05	66.812
723.37	66.534
723.69	66.174
724.01	66.787
724.33	67.112
724.65	66.664
724.97	66.622
725.30	65.319
725.62	65.284
725.94	65.640
726.26	65.894
726.58	65.952
726.90	65.204
727.22	65.623
727.54	64.605
727.86	64.146
728.18	64.117
728.50	64.278
728.82	64.676
729.14	64.122
729.46	63.197
729.78	62.785
730.10	62.398
730.42	62.965
730.74	62.264
731.07	62.671
731.39	62.579
731.71	62.417
732.03	61.813
732.35	62.104
732.66	63.019
732.98	63.877
733.30	64.215
733.62	64.613
733.94	64.022
734.26	63.933
734.58	64.090
734.90	63.168
735.22	62.791
735.54	62.869
735.86	62.442
736.18	62.440
736.50	62.178
736.82	61.452
737.14	61.109
737.46	61.716
737.78	61.532
738.10	61.260
738.41	61.347
738.73	61.403
739.05	60.442
739.37	59.993
739.69	59.610
740.01	59.474
740.33	59.377
740.65	59.006
740.96	58.087
741.28	58.426
741.60	58.047
741.92	58.561
742.24	59.321
742.56	59.908
742.88	60.343
743.19	59.346
743.51	58.561
743.83	58.210
744.15	59.108
744.47	59.891
744.78	59.593
745.10	60.610
745.42	60.928
745.74	60.035
746.06	60.617
746.37	60.669
746.69	61.792
747.01	62.904
747.33	63.792
747.64	63.727
747.96	62.671
748.28	63.347
748.60	62.148
748.91	62.126
749.23	62.405
749.55	61.815
749.87	61.278
750.18	61.433
750.50	60.298
750.82	59.130
751.13	58.002
751.45	57.852
751.77	56.936
752.08	57.572
752.40	57.035
752.72	56.876
753.03	56.789
753.35	57.204
753.67	57.049
753.98	57.412
754.30	58.133
754.62	59.173
754.93	59.792
755.25	60.081
755.57	59.658
755.88	59.186
756.20	58.934
756.51	59.836
756.83	59.882
757.15	59.715
757.46	58.690
757.78	57.894
758.09	57.342
758.41	57.130
758.73	56.222
759.04	56.101
759.36	56.689
759.67	56.824
759.99	54.956
760.30	53.688
760.62	52.579
760.94	53.058
761.25	53.732
761.57	54.074
761.88	53.637
762.20	54.192
762.51	54.187
762.83	55.016
763.14	54.465
763.46	55.342
763.77	55.075
764.09	54.894
764.40	55.348
764.72	54.873
765.03	54.273
765.35	54.258
765.66	54.226
765.98	54.827
766.29	53.430
766.61	54.133
766.92	53.583
767.23	55.067
767.55	56.651
767.86	56.739
768.18	56.807
768.49	56.415
768.81	57.115
769.12	57.673
769.43	57.214
769.75	56.999
770.06	57.323
770.38	57.211
770.69	56.869
771.00	54.901
771.32	55.053
771.63	54.733
771.94	54.460
772.26	53.329
772.57	52.455
772.89	50.081
773.20	49.918
773.51	48.464
773.83	48.307
774.14	46.707
774.45	46.921
774.77	45.563
775.08	46.659
775.39	46.994
775.70	48.038
776.02	47.199
776.33	49.127
776.64	48.872
776.96	48.509
777.27	48.528
777.58	48.759
777.89	49.194
778.21	48.925
778.52	48.280
778.83	48.872
779.14	47.070
779.46	46.281
779.77	45.961
780.08	46.655
780.39	47.808
780.71	47.983
781.02	47.484
781.33	46.947
781.64	47.390
781.95	46.878
782.27	45.716
782.58	46.450
782.89	46.807
783.20	46.712
783.51	47.050
783.83	46.941
784.14	46.891
784.45	49.141
784.76	49.290
785.07	49.610
785.38	49.887
785.70	51.180
786.01	52.185
786.32	52.745
786.63	53.965
786.94	53.877
787.25	51.685
787.56	49.975
787.87	47.981
788.18	48.268
788.50	49.614
788.81	49.678
789.12	49.197
789.43	49.977
789.74	50.842
790.05	48.129
790.36	47.484
790.67	48.161
790.98	50.567
791.29	52.135
791.60	51.846
791.91	49.291
792.22	47.739
792.53	49.502
792.84	47.548
793.15	47.553
793.46	48.767
793.77	48.009
794.08	47.330
794.39	47.164
794.70	46.685
795.01	45.888
795.32	44.710
795.63	45.847
795.94	44.084
796.25	44.671
796.56	46.590
796.87	46.239
797.18	45.869
797.49	44.760
797.80	43.788
798.11	43.528
798.42	42.393
798.73	43.516
799.04	41.406
799.35	40.000
799.65	37.771
799.96	34.664
800.27	34.111
800.58	36.483
800.89	38.819
801.20	36.823
801.51	33.937
801.82	35.509
802.13	34.662
802.43	37.404
802.74	37.156
803.05	38.600
803.36	39.565
803.67	38.577
803.98	37.583
804.28	37.451
804.59	39.598
804.90	42.664
805.21	39.661
805.52	41.980
805.83	42.324
806.13	44.963
806.44	47.038
806.75	48.317
807.06	49.636
807.36	50.885
807.67	50.586
807.98	50.254
808.29	48.763
808.60	52.424
808.90	50.389
809.21	46.929
809.52	44.647
809.83	44.487
810.13	42.830
810.44	43.341
810.75	42.038
811.05	42.464
811.36	42.404
811.67	42.288
811.98	38.860
812.28	38.840
812.59	41.975
812.90	39.317
813.20	32.548
813.51	30.477
813.82	29.401
814.12	26.895
814.43	27.835
814.74	25.680
815.04	25.110
815.35	27.579
815.65	27.208
815.96	24.419
816.27	27.158
816.57	28.910
816.88	28.784
817.19	29.809
817.49	31.341
817.80	29.244
818.10	31.255
818.41	35.465
818.72	36.588
819.02	39.277
819.33	43.979
819.63	44.573
819.94	46.191
820.24	46.595
820.55	45.446
820.85	43.684
821.16	44.778
821.47	46.211
821.77	46.060
822.08	46.447
822.38	45.490
822.69	44.370
822.99	43.722
823.30	43.970
823.60	43.621
823.91	44.196
824.21	44.567
824.52	44.484
824.82	42.964
825.13	40.785
825.43	39.164
825.73	39.552
826.04	39.833
826.34	40.716
826.65	40.081
826.95	41.422
827.26	41.083
827.56	41.931
827.87	41.048
828.17	40.578
828.47	42.879
828.78	41.884
829.08	41.569
829.39	41.612
829.69	39.927
829.99	37.271
830.30	34.715
830.60	32.434
830.90	30.000
831.21	29.542
831.51	31.288
831.82	27.838
832.12	32.167
832.42	32.334
832.73	30.852
833.03	34.307
833.33	37.778
833.64	38.051
833.94	38.801
834.24	38.143
834.54	37.768
834.85	36.144
835.15	37.527
835.45	34.919
835.76	33.258
836.06	31.808
836.36	28.946
836.66	27.818
836.97	26.524
837.27	25.421
837.57	25.000
837.87	26.279
838.18	27.434
838.48	28.498
838.78	26.326
839.08	26.818
839.39	32.081
839.69	32.700
839.99	32.045
840.29	31.777
840.59	29.873
840.90	30.242
841.20	31.091
841.50	30.351
841.80	29.169
842.10	30.136
842.41	28.713
842.71	23.849
843.01	20.139
843.31	20.802
843.61	18.495
843.91	23.026
844.21	20.652
844.52	17.271
844.82	14.930
845.12	10.417
845.42	18.095
845.72	20.328
846.02	22.915
846.32	21.796
846.62	17.683
846.92	23.092
847.22	15.805
847.52	17.417
847.83	10.256
848.13	18.900
848.43	18.829
848.73	13.365
849.03	18.620
849.33	16.253
849.63	12.201
849.93	9.170
850.23	-1.482
850.53	-3.836
850.83	-8.174
851.13	3.209
851.43	-2.113
851.73	3.148
852.03	1.627
852.33	-1.002
852.63	-3.226
852.93	14.516
853.23	25.420
853.53	36.937
853.83	34.127
854.13	35.270
854.43	39.170
854.73	35.063
855.03	37.990
855.32	42.718
855.62	44.539
855.92	42.835
856.22	34.918
856.52	28.551
856.82	25.615
857.12	29.353
857.42	36.022
857.72	36.070
858.02	35.044
858.31	37.343
858.61	33.898
858.91	29.524
859.21	28.485
859.51	28.571
859.81	30.845
860.11	34.129
860.40	33.651
860.70	24.721
861.00	16.942
861.30	14.777
861.60	-1.593
861.90	4.070
862.19	-0.452
862.49	2.070
862.79	-11.835
863.09	-8.775
863.39	-14.151
863.68	-5.360
863.98	-3.082
864.28	-9.380
864.58	-11.791
864.87	0.000
865.17	-8.346
865.47	-10.606
865.77	-22.741
866.06	-21.238
866.36	-19.041
866.66	-20.978
866.96	-27.514
867.25	-31.774
867.55	-16.667
867.85	-14.022
868.14	-24.891
868.44	-20.755
868.74	-24.308
869.03	-25.926
869.33	-12.398
869.63	-26.540
869.92	-15.217
870.22	-32.095
870.52	-32.176
870.81	-42.664
871.11	-58.221
871.41	-110.385
871.70	-124.590
872.00	-127.604
872.30	-44.772
872.59	-50.559
872.89	-51.253
873.18	-53.501
873.48	-28.764
873.78	-24.390
874.07	-18.980
874.37	-12.531
874.66	12.190
874.96	11.377
875.25	-12.102
875.55	-19.149
875.85	-17.403
876.14	-3.937
876.44	-13.613
876.73	-43.506
877.03	-47.671
877.32	-67.714
877.62	-45.995
877.91	-48.810
878.21	-50.256
878.50	-10.565
878.80	-31.439
879.09	-45.772
879.39	-33.443
879.68	-19.369
879.98	-4.839
880.27	4.033
880.57	9.950
880.86	15.253
881.16	17.437
881.45	16.097
881.74	21.278
882.04	27.520
882.33	28.918
882.63	27.024
882.92	27.243
883.22	25.400
883.51	25.922
883.80	28.822
884.10	24.395
884.39	23.764
884.69	26.039
884.98	23.203
885.27	20.368
885.57	19.561
885.86	17.225
886.15	12.000
886.45	19.498
886.74	8.908
887.03	-2.222
887.33	5.138
887.62	4.387
887.91	49.505
888.21	-50.000
888.50	23.810
888.79	-7.368
889.09	-9.231
