190.56	100.005
190.94	100.005
191.32	100.005
191.70	350.000
192.08	81.818
192.46	99.986
192.84	100.046
193.22	100.093
193.60	-7.353
193.98	66.923
194.36	73.377
194.74	132.653
195.13	276.744
195.51	-420.000
195.89	2766.667
196.27	185.714
196.65	689.474
197.03	-239.286
197.40	-326.471
197.78	411.111
198.16	201.449
198.54	482.609
198.92	88.050
199.30	93.210
199.68	69.314
200.06	36.728
200.44	25.952
200.82	15.159
201.20	-28.349
201.58	-6.702
201.96	-7.769
202.34	-36.918
202.72	-75.248
203.10	-151.799
203.48	-111.050
203.86	-249.057
204.24	-369.512
204.62	-947.368
205.00	-481.538
205.38	-86.857
205.76	-100.685
206.13	-92.793
206.51	-132.143
206.89	-114.953
207.27	-128.926
207.65	-125.385
208.03	-40.116
208.41	-10.194
208.79	9.091
209.17	16.532
209.55	-19.328
209.93	-28.626
210.30	-22.630
210.68	-16.190
211.06	6128.947
211.44	6636.256
211.82	6969.077
212.20	6228.571
212.58	7249.870
212.96	7319.685
213.33	8982.258
213.71	7471.123
214.09	8004.871
214.47	7964.957
214.85	8534.756
215.23	-2.601
215.61	-3.820
215.98	-3.636
216.36	2.455
216.74	5.916
217.12	9.452
217.50	17.278
217.88	20.104
218.25	22.872
218.63	20.820
219.01	28.088
219.39	27.089
219.77	22.239
220.14	25.515
220.52	20.767
220.90	14.362
221.28	9.363
221.66	1.820
222.03	1.974
222.41	6.434
222.79	9.938
223.17	4.714
223.55	0.848
223.92	3.877
224.30	3.651
224.68	4.693
225.06	9.618
225.43	10.928
225.81	12.494
226.19	11.206
226.57	5.910
226.95	4.090
227.32	1.516
227.70	2.455
228.08	3.127
228.46	3.175
228.83	3.681
229.21	3.624
229.59	3.878
229.96	4.435
230.34	4.598
230.72	5.181
231.10	4.460
231.47	5.449
231.85	5.626
232.23	4.568
232.60	5.072
232.98	4.922
233.36	3.455
233.74	2.903
234.11	1.841
234.49	0.667
234.87	1.900
235.24	2.692
235.62	3.741
236.00	3.522
236.37	4.377
236.75	4.728
237.13	4.129
237.50	3.399
237.88	5.815
238.26	6.405
238.63	6.752
239.01	4.778
239.39	4.140
239.76	3.476
240.14	4.440
240.52	3.764
240.89	3.444
241.27	3.233
241.65	3.954
242.02	3.140
242.40	2.451
242.77	2.460
243.15	3.151
243.53	3.094
243.90	3.847
244.28	3.511
244.66	4.137
245.03	3.833
245.41	4.029
245.78	3.692
246.16	3.534
246.54	3.350
246.91	3.395
247.29	3.228
247.66	3.454
248.04	3.054
248.41	2.720
248.79	2.343
249.17	2.305
249.54	2.261
249.92	2.477
250.29	2.554
250.67	2.973
251.04	3.091
251.42	3.001
251.80	3.134
252.17	3.068
252.55	3.898
252.92	3.572
253.30	3.529
253.67	3.909
254.05	3.940
254.42	3.605
254.80	3.670
255.17	3.264
255.55	3.501
255.92	3.268
256.30	3.493
256.67	3.507
257.05	3.756
257.42	3.485
257.80	2.731
258.17	2.388
258.55	2.302
258.92	2.186
259.30	2.499
259.67	2.550
260.05	2.153
260.42	2.168
260.80	1.982
261.17	1.708
261.55	1.877
261.92	1.918
262.30	1.772
262.67	1.845
263.05	1.975
263.42	1.549
263.79	1.361
264.17	1.890
264.54	1.470
264.92	1.528
265.29	1.793
265.67	1.585
266.04	1.698
266.42	1.580
266.79	1.398
267.16	1.340
267.54	1.757
267.91	1.724
268.29	1.582
268.66	1.703
269.03	1.356
269.41	1.259
269.78	1.411
270.16	1.370
270.53	1.425
270.90	1.468
271.28	1.416
271.65	1.051
272.03	1.191
272.40	1.184
272.77	1.360
273.15	1.542
273.52	1.385
273.89	1.395
274.27	1.331
274.64	1.351
275.01	1.340
275.39	1.108
275.76	1.070
276.14	0.969
276.51	1.048
276.88	0.854
277.26	0.940
277.63	1.290
278.00	1.137
278.38	1.226
278.75	1.401
279.12	1.611
279.49	1.726
279.87	1.698
280.24	1.619
280.61	1.427
280.99	1.292
281.36	1.254
281.73	1.053
282.11	1.131
282.48	0.936
282.85	0.787
283.22	0.644
283.60	0.817
283.97	0.858
284.34	0.874
284.71	0.976
285.09	0.990
285.46	1.167
285.83	1.255
286.21	1.244
286.58	1.395
286.95	1.525
287.32	1.533
287.70	1.314
288.07	1.347
288.44	1.597
288.81	1.981
289.18	2.297
289.56	2.272
289.93	2.268
290.30	2.311
290.67	2.251
291.05	2.075
291.42	1.982
291.79	2.149
292.16	2.126
292.53	1.980
292.91	1.951
293.28	1.894
293.65	1.837
294.02	1.935
294.39	1.929
294.76	2.212
295.14	2.428
295.51	2.507
295.88	2.664
296.25	2.840
296.62	2.825
297.00	2.696
297.37	2.635
297.74	2.422
298.11	2.444
298.48	2.550
298.85	2.466
299.22	2.454
299.60	2.597
299.97	2.471
300.34	2.274
300.71	2.390
301.08	2.350
301.45	2.555
301.82	2.878
302.19	2.854
302.56	2.906
302.94	2.865
303.31	2.898
303.68	2.878
304.05	3.049
304.42	3.205
304.79	3.109
305.16	3.200
305.53	3.330
305.90	3.629
306.27	3.923
306.64	4.033
307.02	4.279
307.39	4.363
307.76	4.441
308.13	4.594
308.50	5.004
308.87	5.233
309.24	5.333
309.61	5.234
309.98	5.117
310.35	5.273
310.72	5.336
311.09	5.560
311.46	5.868
311.83	6.152
312.20	6.325
312.57	6.090
312.94	6.207
313.31	6.447
313.68	6.617
314.05	6.671
314.42	6.847
314.79	7.244
315.16	7.325
315.53	7.362
315.90	7.738
316.27	7.887
316.64	8.339
317.01	8.721
317.38	8.968
317.75	9.292
318.12	9.896
318.49	9.987
318.86	10.057
319.23	10.491
319.60	10.761
319.97	10.800
320.34	10.974
320.71	11.114
321.08	11.027
321.45	11.410
321.82	11.730
322.19	11.900
322.55	12.134
322.92	12.299
323.29	12.384
323.66	12.575
324.03	12.836
324.40	13.414
324.77	13.689
325.14	14.110
325.51	14.470
325.88	14.621
326.25	14.785
326.61	14.990
326.98	15.413
327.35	15.635
327.72	15.867
328.09	16.035
328.46	15.955
328.83	16.178
329.20	16.382
329.56	16.254
329.93	16.496
330.30	16.651
330.67	16.902
331.04	17.210
331.41	17.338
331.78	17.652
332.14	17.733
332.51	17.777
332.88	17.844
333.25	17.860
333.62	18.023
333.99	18.059
334.35	18.008
334.72	18.137
335.09	17.980
335.46	18.192
335.83	18.069
336.19	18.163
336.56	18.350
336.93	18.294
337.30	18.330
337.67	18.370
338.03	18.526
338.40	18.632
338.77	18.740
339.14	18.778
339.50	18.422
339.87	18.445
340.24	18.468
340.61	18.435
340.97	18.654
341.34	18.841
341.71	18.727
342.08	18.591
342.44	18.565
342.81	18.384
343.18	18.253
343.55	18.386
343.91	18.471
344.28	18.320
344.65	18.343
345.02	18.341
345.38	18.246
345.75	18.316
346.12	18.285
346.48	18.263
346.85	18.206
347.22	18.283
347.59	18.314
347.95	18.120
348.32	18.239
348.69	17.994
349.05	17.714
349.42	17.583
349.79	17.597
350.15	17.522
350.52	17.559
350.89	17.517
351.25	17.140
351.62	16.880
351.99	16.790
352.35	16.476
352.72	16.371
353.09	16.305
353.45	16.226
353.82	16.075
354.18	16.079
354.55	15.943
354.92	15.681
355.28	15.737
355.65	15.571
356.02	15.417
356.38	15.483
356.75	15.411
357.11	15.289
357.48	15.240
357.85	15.186
358.21	15.011
358.58	14.919
358.94	14.973
359.31	14.920
359.67	14.825
360.04	14.816
360.41	14.674
360.77	14.648
361.14	14.764
361.50	14.706
361.87	14.609
362.23	14.586
362.60	14.565
362.97	14.477
363.33	14.411
363.70	14.498
364.06	14.612
364.43	14.713
364.79	14.609
365.16	14.523
365.52	14.372
365.89	14.247
366.25	14.210
366.62	14.304
366.98	14.266
367.35	14.235
367.71	14.461
368.08	14.333
368.44	14.193
368.81	14.179
369.17	13.927
369.54	14.106
369.90	14.138
370.27	14.180
370.63	13.954
371.00	14.090
371.36	14.041
371.73	13.734
372.09	13.666
372.45	13.839
372.82	13.853
373.18	13.930
373.55	13.814
373.91	13.841
374.28	13.656
374.64	13.835
375.01	13.805
375.37	13.802
375.73	13.845
376.10	13.794
376.46	13.793
376.83	13.814
377.19	13.751
377.55	13.764
377.92	13.874
378.28	13.995
378.65	13.873
379.01	13.747
379.37	13.923
379.74	14.003
380.10	14.094
380.47	13.992
380.83	13.965
381.19	14.085
381.56	14.157
381.92	14.101
382.28	14.008
382.65	14.196
383.01	14.199
383.37	14.100
383.74	14.015
384.10	14.071
384.46	14.076
384.83	14.080
385.19	14.010
385.55	14.044
385.92	14.097
386.28	14.280
386.64	14.213
387.01	14.277
387.37	14.284
387.73	14.384
388.10	14.429
388.46	14.603
388.82	14.547
389.18	14.598
389.55	14.618
389.91	14.566
390.27	14.415
390.64	14.385
391.00	14.335
391.36	14.323
391.72	14.228
392.09	13.994
392.45	13.795
392.81	13.869
393.17	13.852
393.54	13.768
393.90	13.677
394.26	13.845
394.62	13.761
394.99	13.815
395.35	13.881
395.71	13.842
396.07	13.973
396.43	14.077
396.80	14.058
397.16	14.072
397.52	14.067
397.88	14.149
398.24	13.964
398.61	14.055
398.97	14.127
399.33	14.101
399.69	14.219
400.05	14.245
400.42	14.059
400.78	14.099
401.14	13.993
401.50	13.927
401.86	13.771
402.22	13.700
402.59	13.565
402.95	13.485
403.31	13.424
403.67	13.332
404.03	13.267
404.39	13.463
404.75	13.417
405.12	13.521
405.48	13.435
405.84	13.494
406.20	13.665
406.56	13.703
406.92	13.794
407.28	13.742
407.64	13.814
408.00	13.794
408.36	13.576
408.73	13.530
409.09	13.458
409.45	13.524
409.81	13.432
410.17	13.179
410.53	13.152
410.89	13.072
411.25	13.033
411.61	12.922
411.97	12.916
412.33	12.947
412.69	12.951
413.05	13.011
413.41	13.054
413.77	13.151
414.13	13.334
414.50	13.261
414.86	13.085
415.22	13.110
415.58	13.138
415.94	13.069
416.30	13.014
416.66	12.947
417.02	12.874
417.38	12.684
417.74	12.629
418.10	12.517
418.46	12.578
418.82	12.654
419.18	12.651
419.54	12.621
419.90	12.662
420.26	12.647
420.61	12.642
420.97	12.664
421.33	12.701
421.69	12.649
422.05	12.609
422.41	12.542
422.77	12.459
423.13	12.357
423.49	12.336
423.85	12.319
424.21	12.349
424.57	12.310
424.93	12.253
425.29	12.332
425.65	12.366
426.01	12.351
426.36	12.365
426.72	12.369
427.08	12.412
427.44	12.368
427.80	12.332
428.16	12.274
428.52	12.348
428.88	12.342
429.24	12.125
429.59	12.098
429.95	12.092
430.31	12.050
430.67	12.071
431.03	12.087
431.39	12.098
431.75	12.114
432.10	12.066
432.46	12.023
432.82	11.970
433.18	12.145
433.54	12.101
433.90	12.151
434.25	12.227
434.61	12.285
434.97	12.381
435.33	12.342
435.69	12.315
436.04	12.335
436.40	12.374
436.76	12.449
437.12	12.343
437.48	12.409
437.83	12.344
438.19	12.293
438.55	12.239
438.91	12.183
439.27	12.220
439.62	12.303
439.98	12.302
440.34	12.316
440.70	12.342
441.05	12.434
441.41	12.486
441.77	12.541
442.13	12.590
442.48	12.624
442.84	12.665
443.20	12.772
443.56	12.755
443.91	12.893
444.27	12.926
444.63	12.974
444.98	13.038
445.34	13.048
445.70	13.241
446.05	13.296
446.41	13.422
446.77	13.404
447.13	13.456
447.48	13.530
447.84	13.570
448.20	13.730
448.55	13.835
448.91	13.965
449.27	14.093
449.62	14.118
449.98	14.189
450.34	14.269
450.69	14.445
451.05	14.496
451.40	14.683
451.76	14.879
452.12	14.924
452.47	15.008
452.83	15.074
453.19	15.199
453.54	15.259
453.90	15.411
454.25	15.602
454.61	15.680
454.97	15.915
455.32	16.022
455.68	15.987
456.03	16.072
456.39	16.187
456.75	16.272
457.10	16.337
457.46	16.441
457.81	16.553
458.17	16.602
458.52	16.777
458.88	16.887
459.24	16.943
459.59	17.045
459.95	17.061
460.30	17.114
460.66	17.120
461.01	17.253
461.37	17.354
461.72	17.415
462.08	17.479
462.43	17.511
462.79	17.459
463.14	17.583
463.50	17.628
463.85	17.757
464.21	17.817
464.56	17.928
464.92	17.960
465.27	18.045
465.63	18.131
465.98	18.164
466.34	18.188
466.69	18.345
467.05	18.298
467.40	18.352
467.76	18.396
468.11	18.438
468.47	18.518
468.82	18.494
469.18	18.506
469.53	18.578
469.88	18.526
470.24	18.535
470.59	18.495
470.95	18.530
471.30	18.613
471.66	18.575
472.01	18.609
472.36	18.637
472.72	18.652
473.07	18.653
473.43	18.556
473.78	18.562
474.13	18.579
474.49	18.536
474.84	18.600
475.19	18.543
475.55	18.577
475.90	18.622
476.26	18.532
476.61	18.526
476.96	18.421
477.32	18.459
477.67	18.507
478.02	18.538
478.38	18.558
478.73	18.470
479.08	18.433
479.44	18.345
479.79	18.278
480.14	18.279
480.50	18.231
480.85	18.220
481.20	18.103
481.56	18.005
481.91	17.940
482.26	17.927
482.62	17.960
482.97	17.992
483.32	18.062
483.67	18.044
484.03	18.056
484.38	18.047
484.73	18.064
485.08	18.084
485.44	18.103
485.79	18.106
486.14	18.085
486.49	18.029
486.85	18.017
487.20	17.997
487.55	17.986
487.90	17.951
488.26	17.906
488.61	17.905
488.96	17.900
489.31	17.865
489.67	17.856
490.02	17.848
490.37	17.831
490.72	17.755
491.07	17.734
491.43	17.720
491.78	17.724
492.13	17.775
492.48	17.734
492.83	17.767
493.19	17.826
493.54	17.850
493.89	17.865
494.24	17.878
494.59	17.958
494.94	17.867
495.29	17.832
495.65	17.793
496.00	17.715
496.35	17.717
496.70	17.623
497.05	17.597
497.40	17.589
497.75	17.560
498.11	17.503
498.46	17.446
498.81	17.416
499.16	17.445
499.51	17.469
499.86	17.504
500.21	17.448
500.56	17.429
500.91	17.382
501.26	17.418
501.62	17.434
501.97	17.467
502.32	17.453
502.67	17.473
503.02	17.393
503.37	17.373
503.72	17.371
504.07	17.392
504.42	17.328
504.77	17.224
505.12	17.111
505.47	17.063
505.82	17.038
506.17	16.935
506.52	16.872
506.87	16.855
507.22	16.698
507.57	16.609
507.92	16.550
508.27	16.584
508.62	16.726
508.97	16.683
509.32	16.630
509.67	16.545
510.02	16.550
510.37	16.499
510.72	16.458
511.07	16.452
511.42	16.492
511.77	16.398
512.12	16.404
512.47	16.269
512.82	16.259
513.17	16.213
513.52	16.295
513.87	16.294
514.22	16.355
514.57	16.330
514.91	16.380
515.26	16.298
515.61	16.345
515.96	16.256
516.31	16.215
516.66	16.136
517.01	16.086
517.36	16.039
517.71	16.041
518.06	15.956
518.41	15.946
518.75	15.829
519.10	15.777
519.45	15.784
519.80	15.705
520.15	15.697
520.50	15.686
520.85	15.732
521.19	15.631
521.54	15.596
521.89	15.625
522.24	15.647
522.59	15.731
522.94	15.719
523.28	15.644
523.63	15.646
523.98	15.585
524.33	15.534
524.68	15.442
525.03	15.371
525.37	15.289
525.72	15.151
526.07	14.996
526.42	14.895
526.76	14.819
527.11	14.758
527.46	14.717
527.81	14.714
528.16	14.654
528.50	14.614
528.85	14.627
529.20	14.608
529.55	14.595
529.89	14.594
530.24	14.548
530.59	14.530
530.94	14.478
531.28	14.429
531.63	14.344
531.98	14.334
532.32	14.311
532.67	14.247
533.02	14.192
533.37	14.170
533.71	14.143
534.06	14.090
534.41	14.060
534.75	13.998
535.10	13.978
535.45	13.921
535.79	13.855
536.14	13.802
536.49	13.739
536.83	13.662
537.18	13.588
537.53	13.522
537.87	13.498
538.22	13.423
538.57	13.418
538.91	13.323
539.26	13.272
539.61	13.210
539.95	13.150
540.30	13.131
540.64	13.122
540.99	13.131
541.34	13.137
541.68	13.078
542.03	13.123
542.37	13.116
542.72	13.121
543.07	13.126
543.41	13.082
543.76	13.089
544.10	13.045
544.45	12.981
544.80	12.901
545.14	12.851
545.49	12.886
545.83	12.775
546.18	12.713
546.52	12.713
546.87	12.693
547.21	12.782
547.56	12.767
547.90	12.759
548.25	12.759
548.59	12.772
548.94	12.776
549.29	12.798
549.63	12.849
549.98	12.886
550.32	12.910
550.67	12.903
551.01	12.868
551.35	12.828
551.70	12.816
552.04	12.890
552.39	12.879
552.73	12.880
553.08	12.884
553.42	12.856
553.77	12.916
554.11	12.829
554.46	12.770
554.80	12.779
555.15	12.765
555.49	12.817
555.83	12.726
556.18	12.712
556.52	12.762
556.87	12.733
557.21	12.692
557.56	12.583
557.90	12.643
558.24	12.654
558.59	12.679
558.93	12.663
559.28	12.629
559.62	12.701
559.96	12.748
560.31	12.766
560.65	12.846
560.99	12.942
561.34	13.043
561.68	13.058
562.02	13.068
562.37	13.040
562.71	13.031
563.06	13.057
563.40	13.074
563.74	13.103
564.09	13.084
564.43	13.012
564.77	12.976
565.11	12.953
565.46	12.908
565.80	12.988
566.14	12.989
566.49	13.003
566.83	12.984
567.17	12.956
567.52	12.984
567.86	12.998
568.20	12.976
568.54	12.975
568.89	12.957
569.23	12.891
569.57	12.877
569.91	12.913
570.26	12.997
570.60	13.146
570.94	13.217
571.28	13.276
571.63	13.291
571.97	13.386
572.31	13.416
572.65	13.449
573.00	13.604
573.34	13.669
573.68	13.697
574.02	13.720
574.36	13.705
574.71	13.702
575.05	13.709
575.39	13.645
575.73	13.649
576.07	13.721
576.42	13.733
576.76	13.756
577.10	13.768
577.44	13.774
577.78	13.767
578.12	13.809
578.46	13.902
578.81	13.966
579.15	14.093
579.49	14.052
579.83	14.064
580.17	14.076
580.51	14.015
580.85	13.954
581.20	14.112
581.54	14.205
581.88	14.155
582.22	14.137
582.56	14.078
582.90	14.088
583.24	14.241
583.58	14.300
583.92	14.474
584.26	14.656
584.60	14.809
584.95	14.789
585.29	14.811
585.63	14.830
585.97	14.862
586.31	14.992
586.65	15.040
586.99	15.077
587.33	15.148
587.67	15.254
588.01	15.245
588.35	15.386
588.69	15.482
589.03	15.563
589.37	15.726
589.71	15.921
590.05	16.022
590.39	16.172
590.73	16.267
591.07	16.357
591.41	16.390
591.75	16.579
592.09	16.609
592.43	16.751
592.77	16.951
593.11	16.964
593.45	17.001
593.79	17.103
594.13	17.229
594.47	17.401
594.81	17.538
595.14	17.650
595.48	17.721
595.82	17.767
596.16	17.823
596.50	17.899
596.84	18.124
597.18	18.339
597.52	18.350
597.86	18.493
598.20	18.534
598.54	18.660
598.87	18.858
599.21	19.087
599.55	19.297
599.89	19.550
600.23	19.757
600.57	19.869
600.91	19.967
601.25	20.350
601.58	20.522
601.92	20.792
602.26	20.975
602.60	21.171
602.94	21.235
603.28	21.423
603.61	21.587
603.95	21.678
604.29	21.868
604.63	22.083
604.97	22.178
605.30	22.262
605.64	22.432
605.98	22.525
606.32	22.587
606.66	22.769
606.99	22.853
607.33	22.843
607.67	23.076
608.01	23.167
608.34	23.207
608.68	23.351
609.02	23.521
609.36	23.552
609.69	23.629
610.03	23.783
610.37	23.934
610.71	24.119
611.04	24.338
611.38	24.337
611.72	24.396
612.06	24.539
612.39	24.618
612.73	24.732
613.07	24.907
613.40	25.090
613.74	25.120
614.08	25.088
614.41	25.063
614.75	25.129
615.09	25.376
615.42	25.523
615.76	25.562
616.10	25.513
616.43	25.490
616.77	25.434
617.11	25.494
617.44	25.534
617.78	25.631
618.12	25.866
618.45	25.990
618.79	25.940
619.13	26.006
619.46	25.998
619.80	26.199
620.13	26.342
620.47	26.506
620.81	26.550
621.14	26.661
621.48	26.796
621.81	26.796
622.15	26.827
622.48	26.801
622.82	26.871
623.16	27.086
623.49	27.067
623.83	27.167
624.16	27.254
624.50	27.262
624.83	27.234
625.17	27.256
625.50	27.316
625.84	27.392
626.18	27.498
626.51	27.584
626.85	27.569
627.18	27.630
627.52	27.694
627.85	27.656
628.19	27.615
628.52	27.674
628.86	27.703
629.19	27.759
629.53	27.623
629.86	27.766
630.19	27.708
630.53	27.658
630.86	27.632
631.20	27.525
631.53	27.560
631.87	27.755
632.20	27.828
632.54	27.890
632.87	27.877
633.20	28.001
633.54	27.903
633.87	27.947
634.21	27.910
634.54	27.860
634.88	27.915
635.21	27.873
635.54	27.983
635.88	28.007
636.21	27.844
636.55	27.819
636.88	27.662
637.21	27.683
637.55	27.808
637.88	27.843
638.21	28.090
638.55	27.978
638.88	27.934
639.21	27.763
639.55	27.828
639.88	28.064
640.21	28.203
640.55	28.346
640.88	28.358
641.21	28.159
641.55	28.236
641.88	28.074
642.21	28.114
642.55	28.216
642.88	28.119
643.21	28.057
643.55	27.946
643.88	27.830
644.21	27.877
644.54	27.931
644.88	28.057
645.21	27.982
645.54	27.906
645.87	28.002
646.21	27.963
646.54	28.082
646.87	27.992
647.20	28.047
647.54	27.939
647.87	27.953
648.20	28.057
648.53	27.892
648.87	28.060
649.20	28.184
649.53	28.245
649.86	28.414
650.19	28.335
650.53	28.296
650.86	28.178
651.19	28.110
651.52	28.034
651.85	27.958
652.18	28.134
652.52	28.083
652.85	28.105
653.18	28.049
653.51	27.836
653.84	27.917
654.17	27.934
654.51	28.065
654.84	28.189
655.17	28.029
655.50	27.843
655.83	27.888
656.16	27.965
656.49	27.895
656.82	27.804
657.15	27.924
657.49	28.020
657.82	28.128
658.15	28.192
658.48	28.166
658.81	28.446
659.14	28.359
659.47	28.195
659.80	28.104
660.13	28.178
660.46	28.227
660.79	28.347
661.12	28.345
661.45	28.250
661.78	28.142
662.11	28.167
662.44	27.927
662.77	28.068
663.10	28.155
663.43	28.219
663.76	28.078
664.09	28.195
664.42	28.125
664.75	28.046
665.08	28.035
665.41	27.907
665.74	27.991
666.07	28.037
666.40	27.912
666.73	27.736
667.06	27.588
667.39	27.549
667.72	27.547
668.05	27.357
668.38	27.148
668.71	27.088
669.04	27.107
669.37	27.008
669.70	27.246
670.03	27.390
670.36	27.613
670.69	27.674
671.01	27.662
671.34	27.476
671.67	27.616
672.00	27.888
672.33	28.111
672.66	28.074
672.99	28.074
673.32	27.776
673.64	27.751
673.97	27.570
674.30	27.577
674.63	27.508
674.96	27.427
675.29	27.265
675.62	26.893
675.94	26.777
676.27	26.951
676.60	26.952
676.93	26.820
677.26	26.486
677.58	26.482
677.91	26.386
678.24	26.471
678.57	26.277
678.90	26.034
679.22	25.959
679.55	25.686
679.88	25.473
680.21	25.361
680.54	25.601
680.86	25.858
681.19	25.514
681.52	25.420
681.85	25.300
682.17	25.271
682.50	25.352
682.83	25.383
683.16	25.534
683.48	25.228
683.81	24.880
684.14	24.374
684.46	24.031
684.79	24.262
685.12	23.972
685.45	23.968
685.77	24.066
686.10	23.943
686.43	23.712
686.75	23.287
687.08	23.198
687.41	23.134
687.73	23.138
688.06	23.125
688.39	22.953
688.71	22.906
689.04	22.801
689.36	22.398
689.69	22.233
690.02	22.437
690.34	22.523
690.67	22.547
691.00	22.387
691.32	22.403
691.65	22.331
691.97	22.240
692.30	22.031
692.63	21.532
692.95	21.631
693.28	21.580
693.60	21.247
693.93	20.958
694.26	20.765
694.58	21.000
694.91	20.675
695.23	20.776
695.56	20.625
695.88	20.388
696.21	20.442
696.53	20.348
696.86	20.082
697.18	19.934
697.51	19.773
697.83	19.645
698.16	18.992
698.48	19.020
698.81	18.537
699.13	18.195
699.46	18.093
699.78	17.874
700.11	17.732
700.43	17.695
700.76	17.497
701.08	17.783
701.41	17.607
701.73	17.721
702.06	17.524
702.38	17.491
702.71	17.719
703.03	17.783
703.35	17.907
703.68	17.384
704.00	16.567
704.33	16.160
704.65	15.765
704.98	15.366
705.30	14.974
705.62	14.416
705.95	14.285
706.27	13.738
706.60	13.621
706.92	13.027
707.24	13.033
707.57	13.396
707.89	12.708
708.21	11.831
708.54	11.615
708.86	11.770
709.18	12.254
709.51	11.685
709.83	11.298
710.15	10.579
710.48	10.340
710.80	10.113
711.12	9.304
711.45	9.618
711.77	9.580
712.09	9.819
712.42	9.738
712.74	8.759
713.06	8.667
713.38	8.669
713.71	8.939
714.03	8.947
714.35	8.803
714.68	8.822
715.00	8.830
715.32	8.342
715.64	8.379
715.97	7.836
716.29	8.142
716.61	7.606
716.93	7.553
717.25	7.057
717.58	6.639
717.90	6.447
718.22	6.653
718.54	6.575
718.87	6.787
719.19	5.704
719.51	5.341
719.83	5.128
720.15	5.630
720.47	4.549
720.80	3.924
721.12	3.232
721.44	2.464
721.76	2.175
722.08	1.717
722.40	1.753
722.73	0.995
723.05	0.254
723.37	-0.293
723.69	-0.490
724.01	-0.038
724.33	0.437
724.65	0.163
724.97	-0.562
725.30	-1.702
725.62	-2.537
725.94	-2.837
726.26	-1.806
726.58	-1.473
726.90	-1.198
727.22	-1.818
727.54	-2.179
727.86	-2.758
728.18	-3.262
728.50	-2.742
728.82	-2.458
729.14	-2.837
729.46	-3.645
729.78	-4.689
730.10	-4.559
730.42	-5.278
730.74	-5.300
731.07	-6.525
731.39	-7.053
731.71	-6.228
732.03	-6.320
732.35	-6.443
732.66	-6.112
732.98	-5.775
733.30	-5.922
733.62	-5.944
733.94	-6.011
734.26	-7.436
734.58	-6.655
734.90	-7.012
735.22	-6.961
735.54	-8.403
735.86	-8.525
736.18	-8.601
736.50	-9.210
736.82	-9.214
737.14	-10.884
737.46	-11.783
737.78	-11.808
738.10	-12.254
738.41	-12.183
738.73	-13.020
739.05	-12.488
739.37	-13.390
739.69	-14.368
740.01	-13.937
740.33	-14.604
740.65	-13.716
740.96	-13.642
741.28	-12.960
741.60	-13.144
741.92	-12.915
742.24	-14.051
742.56	-14.693
742.88	-14.746
743.19	-15.175
743.51	-17.155
743.83	-17.775
744.15	-18.663
744.47	-18.773
744.78	-18.588
745.10	-19.012
745.42	-18.757
745.74	-18.280
746.06	-17.556
746.37	-17.724
746.69	-18.098
747.01	-18.151
747.33	-18.388
747.64	-17.712
747.96	-19.960
748.28	-20.213
748.60	-19.853
748.91	-19.997
749.23	-20.156
749.55	-20.106
749.87	-20.158
750.18	-21.108
750.50	-20.618
750.82	-20.301
751.13	-20.810
751.45	-18.691
751.77	-21.155
752.08	-20.723
752.40	-21.129
752.72	-21.618
753.03	-22.538
753.35	-22.656
753.67	-23.053
753.98	-22.488
754.30	-24.112
754.62	-25.243
754.93	-26.589
755.25	-26.025
755.57	-26.054
755.88	-26.921
756.20	-25.663
756.51	-26.068
756.83	-26.939
757.15	-26.517
757.46	-27.148
757.78	-25.110
758.09	-23.886
758.41	-24.816
758.73	-23.747
759.04	-25.260
759.36	-24.802
759.67	-26.501
759.99	-25.718
760.30	-25.453
760.62	-22.438
760.94	-22.129
761.25	-21.383
761.57	-23.722
761.88	-21.977
762.20	-21.829
762.51	-20.715
762.83	-22.465
763.14	-22.183
763.46	-22.149
763.77	-22.337
764.09	-22.905
764.40	-22.959
764.72	-23.418
765.03	-21.903
765.35	-23.064
765.66	-23.686
765.98	-24.461
766.29	-21.817
766.61	-21.783
766.92	-23.101
767.23	-22.511
767.55	-23.453
767.86	-25.390
768.18	-25.093
768.49	-24.764
768.81	-23.738
769.12	-24.049
769.43	-25.503
769.75	-26.915
770.06	-25.476
770.38	-24.069
770.69	-22.716
771.00	-21.954
771.32	-19.319
771.63	-21.767
771.94	-22.007
772.26	-21.362
772.57	-20.976
772.89	-21.333
773.20	-21.603
773.51	-25.034
773.83	-24.627
774.14	-28.998
774.45	-29.193
774.77	-30.865
775.08	-28.282
775.39	-26.170
775.70	-27.584
776.02	-29.439
776.33	-27.291
776.64	-24.843
776.96	-21.875
777.27	-22.565
777.58	-18.117
777.89	-18.943
778.21	-17.833
778.52	-19.133
778.83	-20.250
779.14	-19.444
779.46	-17.352
779.77	-18.541
780.08	-20.500
780.39	-21.084
780.71	-21.319
781.02	-20.571
781.33	-19.734
781.64	-18.903
781.95	-18.246
782.27	-20.548
782.58	-20.714
782.89	-21.462
783.20	-18.689
783.51	-20.473
783.83	-21.788
784.14	-22.219
784.45	-25.152
784.76	-28.084
785.07	-27.874
785.38	-25.309
785.70	-25.764
786.01	-24.782
786.32	-23.778
786.63	-25.304
786.94	-23.332
787.25	-22.185
787.56	-20.143
787.87	-20.451
788.18	-17.504
788.50	-17.090
788.81	-20.170
789.12	-19.828
789.43	-22.693
789.74	-24.011
790.05	-27.251
790.36	-25.863
790.67	-25.355
790.98	-27.072
791.29	-25.143
791.60	-27.663
791.91	-32.733
792.22	-36.617
792.53	-33.668
792.84	-32.696
793.15	-30.084
793.46	-29.250
793.77	-31.958
794.08	-31.475
794.39	-31.449
794.70	-35.580
795.01	-31.097
795.32	-28.142
795.63	-23.683
795.94	-28.020
796.25	-29.114
796.56	-31.230
796.87	-28.780
797.18	-28.459
797.49	-32.366
797.80	-33.755
798.11	-26.602
798.42	-27.595
798.73	-29.226
799.04	-29.837
799.35	-27.627
799.65	-25.091
799.96	-25.209
800.27	-23.819
800.58	-21.886
800.89	-23.476
801.20	-22.617
801.51	-25.686
801.82	-30.061
802.13	-27.677
802.43	-29.499
802.74	-30.328
803.05	-31.258
803.36	-33.594
803.67	-38.670
803.98	-38.158
804.28	-34.627
804.59	-33.274
804.90	-33.947
805.21	-28.891
805.52	-30.393
805.83	-29.152
806.13	-22.727
806.44	-18.607
806.75	-15.127
807.06	-10.761
807.36	-11.602
807.67	-9.899
807.98	-12.835
808.29	-13.601
808.60	-14.859
808.90	-14.594
809.21	-10.277
809.52	-14.115
809.83	-17.735
810.13	-17.246
810.44	-18.736
810.75	-23.851
811.05	-28.204
811.36	-27.014
811.67	-29.452
811.98	-32.870
812.28	-41.953
812.59	-46.596
812.90	-47.769
813.20	-46.568
813.51	-48.732
813.82	-44.452
814.12	-37.155
814.43	-37.606
814.74	-43.266
815.04	-37.427
815.35	-32.417
815.65	-21.783
815.96	-25.195
816.27	-26.913
816.57	-29.317
816.88	-24.159
817.19	-25.812
817.49	-25.671
817.80	-21.810
818.10	-16.474
818.41	-17.653
818.72	-20.343
819.02	-26.305
819.33	-24.864
819.63	-22.151
819.94	-23.192
820.24	-27.254
820.55	-29.108
820.85	-29.768
821.16	-28.243
821.47	-28.285
821.77	-28.551
822.08	-29.816
822.38	-29.838
822.69	-29.603
822.99	-30.166
823.30	-29.971
823.60	-30.299
823.91	-30.021
824.21	-30.791
824.52	-31.967
824.82	-32.283
825.13	-32.702
825.43	-30.752
825.73	-31.763
826.04	-32.612
826.34	-32.870
826.65	-31.595
826.95	-30.531
827.26	-32.307
827.56	-30.124
827.87	-31.276
828.17	-31.788
828.47	-33.050
828.78	-35.739
829.08	-34.038
829.39	-32.117
829.69	-31.366
829.99	-33.492
830.30	-39.867
830.60	-35.652
830.90	-39.657
831.21	-37.780
831.51	-40.513
831.82	-44.383
832.12	-33.925
832.42	-31.310
832.73	-30.399
833.03	-27.611
833.33	-25.378
833.64	-21.459
833.94	-22.994
834.24	-19.069
834.54	-18.067
834.85	-16.518
835.15	-14.586
835.45	-19.440
835.76	-23.861
836.06	-27.611
836.36	-31.091
836.66	-33.972
836.97	-36.281
837.27	-38.090
837.57	-43.484
837.87	-51.104
838.18	-49.601
838.48	-51.730
838.78	-57.195
839.08	-47.688
839.39	-38.718
839.69	-42.696
839.99	-49.126
840.29	-58.227
840.59	-60.036
840.90	-66.860
841.20	-66.760
841.50	-66.926
841.80	-56.403
842.10	-45.414
842.41	-45.623
842.71	-57.987
843.01	-45.475
843.31	-44.850
843.61	-37.555
843.91	-28.350
844.21	-23.655
844.52	-24.138
844.82	-38.008
845.12	-33.806
845.42	-42.385
845.72	-28.031
846.02	-32.357
846.32	-43.368
846.62	-37.060
846.92	-31.696
847.22	-36.755
847.52	-41.694
847.83	-40.466
848.13	-40.777
848.43	-51.832
848.73	-60.878
849.03	-107.277
849.33	-99.134
849.63	-112.658
849.93	-94.943
850.23	-83.871
850.53	-83.156
850.83	-103.202
851.13	-85.158
851.43	-74.624
851.73	-79.379
852.03	-90.215
852.33	-72.584
852.63	-47.098
852.93	-69.515
853.23	-84.635
853.53	-86.053
853.83	-79.384
854.13	-49.805
854.43	-60.121
854.73	-73.362
855.03	-83.019
855.32	-63.158
855.62	-72.182
855.92	-48.270
856.22	-25.129
856.52	-9.313
856.82	-19.898
857.12	-11.223
857.42	-26.578
857.72	-30.769
858.02	-11.311
858.31	-25.783
858.61	-25.686
858.91	-17.121
859.21	-58.772
859.51	-72.034
859.81	-112.121
860.11	-67.273
860.40	-84.899
860.70	-70.608
861.00	-13.953
861.30	-9.669
861.60	18.908
861.90	-2.079
862.19	2.407
862.49	13.345
862.79	28.401
863.09	37.893
863.39	18.710
863.68	-3.908
863.98	0.431
864.28	-35.556
864.58	-44.010
864.87	-54.667
865.17	-11.530
865.47	-48.168
865.77	-128.821
866.06	-137.687
866.36	-209.375
866.66	-133.984
866.96	-123.103
867.25	-128.125
867.55	-94.488
867.85	-97.384
868.14	-124.262
868.44	-152.203
868.74	-124.306
869.03	-56.681
869.33	-78.649
869.63	-74.937
869.92	-67.978
870.22	-67.508
870.52	-53.383
870.81	-70.283
871.11	-68.545
871.41	-41.538
871.70	-64.780
872.00	-51.007
872.30	-37.931
872.59	9.396
872.89	32.479
873.18	50.192
873.48	67.093
873.78	47.604
874.07	59.610
874.37	53.985
874.66	55.079
874.96	54.817
875.25	26.339
875.55	21.594
875.85	25.926
876.14	29.099
876.44	9.346
876.73	15.385
877.03	12.766
877.32	-16.092
877.62	-36.626
877.91	-47.222
878.21	-29.787
878.50	1.127
878.80	4.072
879.09	-6.250
879.39	-22.886
879.68	-5.330
879.98	-23.760
880.27	-27.184
880.57	-12.868
880.86	-15.054
881.16	-22.222
881.45	-22.090
881.74	-29.923
882.04	-34.269
882.33	-25.170
882.63	-26.935
882.92	-29.135
883.22	-32.129
883.51	-33.397
883.80	-34.070
884.10	-30.392
884.39	-31.337
884.69	-25.314
884.98	-18.576
885.27	-16.613
885.57	-22.863
885.86	-19.350
886.15	-21.277
886.45	-11.781
886.74	-1.283
887.03	3.877
887.33	6.289
887.62	9.040
887.91	1.235
888.21	29.851
888.50	5.556
888.79	31.148
889.09	400.000
