190.56	0.020
190.94	0.020
191.32	0.020
191.70	-199778.571
192.08	54.545
192.46	-16.737
192.84	-25.177
193.22	-50.454
193.60	41344.118
193.98	112.308
194.36	107.143
194.74	43.878
195.13	-4.651
195.51	40.000
195.89	1316.667
196.27	50.893
196.65	157.895
197.03	-16.071
197.40	38.235
197.78	11.111
198.16	81.159
198.54	191.304
198.92	89.308
199.30	103.704
199.68	62.094
200.06	42.284
200.44	46.367
200.82	28.851
201.20	2.492
201.58	-2.145
201.96	-0.251
202.34	-24.731
202.72	-66.832
203.10	-125.899
203.48	-53.591
203.86	-100.000
204.24	-189.024
204.62	-336.842
205.00	-73.846
205.38	16024.571
205.76	19210.274
206.13	25291.892
206.51	33347.619
206.89	26156.075
207.27	23132.231
207.65	21496.923
208.03	16291.860
208.41	13592.718
208.79	10603.409
209.17	11279.032
209.55	-41.597
209.93	-19.084
210.30	-1.223
210.68	16.429
211.06	32.456
211.44	31.517
211.82	25.436
212.20	18.527
212.58	32.727
212.96	33.333
213.33	22.581
213.71	32.888
214.09	31.232
214.47	13.390
214.85	1.220
215.23	13.873
215.61	21.348
215.98	17.727
216.36	26.563
216.74	30.534
217.12	18.336
217.50	23.089
217.88	28.943
218.25	24.645
218.63	28.197
219.01	29.412
219.39	18.444
219.77	11.635
220.14	15.335
220.52	7.143
220.90	-10.067
221.28	-0.910
221.66	4.369
222.03	1.425
222.41	3.493
222.79	-0.976
223.17	-3.788
223.55	-3.315
223.92	0.878
224.30	3.221
224.68	4.098
225.06	8.285
225.43	6.790
225.81	3.460
226.19	4.277
226.57	1.213
226.95	2.225
227.32	1.910
227.70	2.644
228.08	1.615
228.46	0.038
228.83	-0.370
229.21	-0.249
229.59	0.112
229.96	0.582
230.34	1.889
230.72	3.038
231.10	3.325
231.47	4.352
231.85	4.296
232.23	3.858
232.60	5.032
232.98	7.077
233.36	8.084
233.74	7.057
234.11	7.302
234.49	5.835
234.87	5.865
235.24	7.027
235.62	7.282
236.00	7.284
236.37	7.242
236.75	6.494
237.13	5.958
237.50	4.195
237.88	5.536
238.26	4.836
238.63	3.825
239.01	2.772
239.39	1.332
239.76	1.665
240.14	1.284
240.52	0.926
240.89	1.076
241.27	0.056
241.65	1.072
242.02	1.068
242.40	1.253
242.77	1.924
243.15	2.098
243.53	2.273
243.90	2.570
244.28	2.767
244.66	3.367
245.03	3.208
245.41	3.172
245.78	2.974
246.16	2.431
246.54	1.981
246.91	1.821
247.29	2.056
247.66	1.870
248.04	1.486
248.41	1.033
248.79	0.724
249.17	0.937
249.54	1.030
249.92	1.000
250.29	0.963
250.67	1.566
251.04	1.113
251.42	0.441
251.80	0.704
252.17	0.781
252.55	1.587
252.92	1.623
253.30	1.162
253.67	1.817
254.05	2.208
254.42	1.906
254.80	1.643
255.17	1.664
255.55	2.920
255.92	3.183
256.30	3.131
256.67	2.494
257.05	2.493
257.42	2.316
257.80	1.826
258.17	1.151
258.55	1.450
258.92	1.643
259.30	1.997
259.67	1.754
260.05	1.649
260.42	1.628
260.80	1.723
261.17	1.767
261.55	1.913
261.92	2.087
262.30	2.103
262.67	2.115
263.05	1.886
263.42	1.668
263.79	1.705
264.17	1.522
264.54	1.228
264.92	1.381
265.29	1.267
265.67	0.963
266.04	0.715
266.42	0.931
266.79	0.732
267.16	0.911
267.54	0.985
267.91	0.803
268.29	0.513
268.66	0.839
269.03	0.819
269.41	1.077
269.78	1.350
270.16	1.286
270.53	0.992
270.90	1.281
271.28	1.193
271.65	0.898
272.03	1.191
272.40	1.419
272.77	1.334
273.15	1.370
273.52	1.144
273.89	1.186
274.27	1.252
274.64	1.612
275.01	1.431
275.39	1.171
275.76	1.298
276.14	1.011
276.51	1.037
276.88	0.979
277.26	0.780
277.63	1.028
278.00	0.885
278.38	1.088
278.75	1.299
279.12	1.581
279.49	1.577
279.87	1.590
280.24	1.542
280.61	1.626
280.99	1.528
281.36	1.614
281.73	1.269
282.11	1.183
282.48	0.927
282.85	0.470
283.22	0.219
283.60	0.277
283.97	0.284
284.34	0.138
284.71	-0.182
285.09	-0.094
285.46	0.113
285.83	0.181
286.21	0.188
286.58	0.306
286.95	0.501
287.32	0.594
287.70	0.502
288.07	0.578
288.44	0.710
288.81	1.204
289.18	1.291
289.56	1.148
289.93	1.319
290.30	1.465
290.67	1.296
291.05	1.233
291.42	1.092
291.79	1.260
292.16	1.101
292.53	1.021
292.91	0.870
293.28	0.982
293.65	0.849
294.02	0.945
294.39	1.016
294.76	1.196
295.14	1.378
295.51	1.516
295.88	1.689
296.25	1.783
296.62	1.965
297.00	1.903
297.37	1.775
297.74	1.847
298.11	1.837
298.48	1.847
298.85	1.774
299.22	1.690
299.60	1.744
299.97	1.479
300.34	1.526
300.71	1.427
301.08	1.551
301.45	1.555
301.82	1.770
302.19	1.514
302.56	1.557
302.94	1.529
303.31	1.291
303.68	1.201
304.05	1.522
304.42	1.643
304.79	1.819
305.16	1.717
305.53	1.878
305.90	1.712
306.27	2.020
306.64	2.081
307.02	2.144
307.39	2.591
307.76	2.507
308.13	2.465
308.50	2.400
308.87	2.379
309.24	2.297
309.61	2.218
309.98	2.113
310.35	2.094
310.72	1.939
311.09	2.027
311.46	1.686
311.83	1.828
312.20	1.883
312.57	1.648
312.94	1.383
313.31	1.489
313.68	1.408
314.05	1.251
314.42	1.182
314.79	1.054
315.16	1.030
315.53	1.141
315.90	0.983
316.27	0.590
316.64	0.652
317.01	0.878
317.38	0.852
317.75	0.974
318.12	1.310
318.49	1.141
318.86	1.373
319.23	1.312
319.60	1.213
319.97	1.152
320.34	1.266
320.71	1.155
321.08	0.910
321.45	0.676
321.82	0.697
322.19	0.530
322.55	0.676
322.92	0.449
323.29	0.422
323.66	0.272
324.03	0.504
324.40	0.805
324.77	1.037
325.14	1.016
325.51	1.210
325.88	0.848
326.25	0.892
326.61	0.787
326.98	0.860
327.35	0.693
327.72	0.701
328.09	0.611
328.46	0.298
328.83	0.179
329.20	0.237
329.56	0.120
329.93	0.449
330.30	0.271
330.67	0.225
331.04	0.193
331.41	0.344
331.78	0.262
332.14	0.148
332.51	0.087
332.88	-0.139
333.25	-0.115
333.62	-0.072
333.99	-0.291
334.35	-0.235
334.72	-0.297
335.09	-0.203
335.46	-0.127
335.83	-0.037
336.19	-0.137
336.56	-0.202
336.93	-0.189
337.30	-0.134
337.67	-0.378
338.03	-0.394
338.40	-0.461
338.77	-0.539
339.14	-0.654
339.50	-1.110
339.87	-1.011
340.24	-1.037
340.61	-1.184
340.97	-1.141
341.34	-1.451
341.71	-1.253
342.08	-1.336
342.44	-1.495
342.81	-1.583
343.18	-1.709
343.55	-1.788
343.91	-2.023
344.28	-2.141
344.65	-2.055
345.02	-2.056
345.38	-2.004
345.75	-2.158
346.12	-2.198
346.48	-2.121
346.85	-1.892
347.22	-1.938
347.59	-1.823
347.95	-1.881
348.32	-1.714
348.69	-1.738
349.05	-1.887
349.42	-1.895
349.79	-1.864
350.15	-1.731
350.52	-1.814
350.89	-1.953
351.25	-2.054
351.62	-1.905
351.99	-1.756
352.35	-1.912
352.72	-2.035
353.09	-1.963
353.45	-1.945
353.82	-2.113
354.18	-2.152
354.55	-2.182
354.92	-2.288
355.28	-2.212
355.65	-2.409
356.02	-2.575
356.38	-2.615
356.75	-2.752
357.11	-2.816
357.48	-2.803
357.85	-2.726
358.21	-2.900
358.58	-3.015
358.94	-2.922
359.31	-3.016
359.67	-3.010
360.04	-2.932
360.41	-3.027
360.77	-2.857
361.14	-2.877
361.50	-2.979
361.87	-3.013
362.23	-2.996
362.60	-2.869
362.97	-2.998
363.33	-2.949
363.70	-3.018
364.06	-3.035
364.43	-2.833
364.79	-2.869
365.16	-2.822
365.52	-2.814
365.89	-2.944
366.25	-2.975
366.62	-2.962
366.98	-2.935
367.35	-3.097
367.71	-2.947
368.08	-3.048
368.44	-3.144
368.81	-3.169
369.17	-3.269
369.54	-3.353
369.90	-3.102
370.27	-3.166
370.63	-3.267
371.00	-3.180
371.36	-3.144
371.73	-3.099
372.09	-3.013
372.45	-3.000
372.82	-2.954
373.18	-2.883
373.55	-2.640
373.91	-2.845
374.28	-2.730
374.64	-2.562
375.01	-2.684
375.37	-2.651
375.73	-2.700
376.10	-2.583
376.46	-2.583
376.83	-2.586
377.19	-2.623
377.55	-2.799
377.92	-2.679
378.28	-2.679
378.65	-2.772
379.01	-2.680
379.37	-2.515
379.74	-2.409
380.10	-2.507
380.47	-2.456
380.83	-2.407
381.19	-2.395
381.56	-2.256
381.92	-2.263
382.28	-2.146
382.65	-2.085
383.01	-2.050
383.37	-2.110
383.74	-2.093
384.10	-1.881
384.46	-1.717
384.83	-1.620
385.19	-1.544
385.55	-1.473
385.92	-1.336
386.28	-1.258
386.64	-1.247
387.01	-1.175
387.37	-1.191
387.73	-1.197
388.10	-1.253
388.46	-1.293
388.82	-1.370
389.18	-1.274
389.55	-1.209
389.91	-1.151
390.27	-1.133
390.64	-0.976
391.00	-0.961
391.36	-0.844
391.72	-0.793
392.09	-0.762
392.45	-0.731
392.81	-0.669
393.17	-0.654
393.54	-0.682
393.90	-0.674
394.26	-0.606
394.62	-0.666
394.99	-0.616
395.35	-0.596
395.71	-0.511
396.07	-0.483
396.43	-0.350
396.80	-0.279
397.16	-0.212
397.52	-0.089
397.88	-0.118
398.24	-0.082
398.61	-0.048
398.97	-0.033
399.33	0.099
399.69	0.054
400.05	0.150
400.42	0.018
400.78	0.040
401.14	0.005
401.50	0.030
401.86	0.108
402.22	0.044
402.59	-0.005
402.95	0.067
403.31	0.056
403.67	0.172
404.03	0.184
404.39	0.345
404.75	0.346
405.12	0.429
405.48	0.430
405.84	0.480
406.20	0.636
406.56	0.827
406.92	0.856
407.28	0.825
407.64	0.846
408.00	0.824
408.36	0.703
408.73	0.742
409.09	0.774
409.45	0.876
409.81	0.915
410.17	0.934
410.53	0.958
410.89	1.123
411.25	1.176
411.61	1.182
411.97	1.303
412.33	1.432
412.69	1.523
413.05	1.452
413.41	1.461
413.77	1.518
414.13	1.619
414.50	1.574
414.86	1.431
415.22	1.576
415.58	1.512
415.94	1.454
416.30	1.562
416.66	1.653
417.02	1.810
417.38	1.773
417.74	1.767
418.10	1.728
418.46	1.783
418.82	1.863
419.18	1.860
419.54	2.009
419.90	2.083
420.26	2.080
420.61	2.069
420.97	2.102
421.33	2.147
421.69	2.181
422.05	2.153
422.41	2.167
422.77	2.203
423.13	2.168
423.49	2.140
423.85	2.157
424.21	2.173
424.57	2.219
424.93	2.220
425.29	2.305
425.65	2.358
426.01	2.451
426.36	2.497
426.72	2.505
427.08	2.535
427.44	2.571
427.80	2.692
428.16	2.748
428.52	2.778
428.88	2.857
429.24	2.819
429.59	2.899
429.95	2.958
430.31	2.977
430.67	3.102
431.03	3.238
431.39	3.390
431.75	3.352
432.10	3.332
432.46	3.328
432.82	3.465
433.18	3.596
433.54	3.549
433.90	3.576
434.25	3.674
434.61	3.717
434.97	3.812
435.33	3.757
435.69	3.867
436.04	3.955
436.40	4.113
436.76	4.086
437.12	4.101
437.48	4.220
437.83	4.341
438.19	4.373
438.55	4.486
438.91	4.524
439.27	4.631
439.62	4.649
439.98	4.741
440.34	4.749
440.70	4.751
441.05	4.784
441.41	4.794
441.77	4.802
442.13	4.888
442.48	4.801
442.84	4.936
443.20	5.045
443.56	5.089
443.91	5.123
444.27	5.221
444.63	5.364
444.98	5.428
445.34	5.530
445.70	5.636
446.05	5.710
446.41	5.854
446.77	5.879
447.13	5.926
447.48	6.074
447.84	6.191
448.20	6.262
448.55	6.404
448.91	6.548
449.27	6.681
449.62	6.699
449.98	6.815
450.34	6.883
450.69	6.952
451.05	7.026
451.40	7.094
451.76	7.238
452.12	7.342
452.47	7.393
452.83	7.523
453.19	7.615
453.54	7.754
453.90	7.840
454.25	8.039
454.61	8.181
454.97	8.336
455.32	8.409
455.68	8.334
456.03	8.433
456.39	8.528
456.75	8.536
457.10	8.620
457.46	8.725
457.81	8.810
458.17	8.872
458.52	8.906
458.88	9.041
459.24	9.115
459.59	9.267
459.95	9.311
460.30	9.365
460.66	9.455
461.01	9.493
461.37	9.555
461.72	9.597
462.08	9.658
462.43	9.714
462.79	9.734
463.14	9.863
463.50	9.904
463.85	9.938
464.21	10.030
464.56	10.032
464.92	10.126
465.27	10.207
465.63	10.294
465.98	10.276
466.34	10.313
466.69	10.332
467.05	10.363
467.40	10.378
467.76	10.497
468.11	10.439
468.47	10.499
468.82	10.550
469.18	10.652
469.53	10.721
469.88	10.809
470.24	10.955
470.59	10.978
470.95	10.957
471.30	11.076
471.66	11.086
472.01	11.236
472.36	11.281
472.72	11.247
473.07	11.221
473.43	11.255
473.78	11.283
474.13	11.244
474.49	11.297
474.84	11.466
475.19	11.427
475.55	11.468
475.90	11.486
476.26	11.555
476.61	11.686
476.96	11.661
477.32	11.649
477.67	11.699
478.02	11.747
478.38	11.788
478.73	11.751
479.08	11.784
479.44	11.740
479.79	11.743
480.14	11.766
480.50	11.750
480.85	11.828
481.20	11.880
481.56	11.893
481.91	11.886
482.26	11.921
482.62	11.912
482.97	11.961
483.32	12.012
483.67	12.034
484.03	12.062
484.38	12.074
484.73	12.070
485.08	12.056
485.44	12.090
485.79	12.121
486.14	12.134
486.49	12.171
486.85	12.188
487.20	12.209
487.55	12.217
487.90	12.240
488.26	12.250
488.61	12.305
488.96	12.382
489.31	12.404
489.67	12.486
490.02	12.521
490.37	12.558
490.72	12.598
491.07	12.635
491.43	12.687
491.78	12.708
492.13	12.789
492.48	12.814
492.83	12.856
493.19	12.888
493.54	12.857
493.89	12.909
494.24	12.929
494.59	12.955
494.94	12.993
495.29	12.979
495.65	12.982
496.00	12.930
496.35	12.918
496.70	12.915
497.05	12.931
497.40	13.006
497.75	13.034
498.11	13.078
498.46	13.149
498.81	13.106
499.16	13.167
499.51	13.188
499.86	13.252
500.21	13.320
500.56	13.278
500.91	13.334
501.26	13.358
501.62	13.386
501.97	13.406
502.32	13.407
502.67	13.497
503.02	13.427
503.37	13.461
503.72	13.489
504.07	13.579
504.42	13.672
504.77	13.636
505.12	13.655
505.47	13.681
505.82	13.794
506.17	13.774
506.52	13.796
506.87	13.883
507.22	13.926
507.57	13.986
507.92	14.011
508.27	14.046
508.62	14.245
508.97	14.279
509.32	14.361
509.67	14.364
510.02	14.443
510.37	14.559
510.72	14.635
511.07	14.746
511.42	14.801
511.77	14.798
512.12	14.874
512.47	14.871
512.82	14.962
513.17	14.974
513.52	15.095
513.87	15.191
514.22	15.238
514.57	15.326
514.91	15.396
515.26	15.498
515.61	15.587
515.96	15.661
516.31	15.705
516.66	15.821
517.01	15.859
517.36	15.888
517.71	15.977
518.06	16.104
518.41	16.195
518.75	16.247
519.10	16.297
519.45	16.429
519.80	16.502
520.15	16.667
520.50	16.759
520.85	16.888
521.19	17.043
521.54	17.185
521.89	17.325
522.24	17.533
522.59	17.708
522.94	17.902
523.28	18.022
523.63	18.225
523.98	18.305
524.33	18.474
524.68	18.621
525.03	18.766
525.37	18.953
525.72	19.070
526.07	19.213
526.42	19.381
526.76	19.529
527.11	19.714
527.46	19.896
527.81	20.088
528.16	20.239
528.50	20.398
528.85	20.550
529.20	20.668
529.55	20.831
529.89	20.992
530.24	21.156
530.59	21.394
530.94	21.626
531.28	21.830
531.63	22.095
531.98	22.367
532.32	22.676
532.67	22.935
533.02	23.182
533.37	23.408
533.71	23.652
534.06	23.912
534.41	24.200
534.75	24.433
535.10	24.777
535.45	25.057
535.79	25.325
536.14	25.629
536.49	25.893
536.83	26.147
537.18	26.417
537.53	26.704
537.87	26.962
538.22	27.193
538.57	27.617
538.91	27.940
539.26	28.298
539.61	28.591
539.95	28.888
540.30	29.272
540.64	29.621
540.99	29.937
541.34	30.153
541.68	30.467
542.03	30.767
542.37	31.021
542.72	31.321
543.07	31.634
543.41	32.008
543.76	32.337
544.10	32.661
544.45	32.984
544.80	33.272
545.14	33.715
545.49	34.115
545.83	34.429
546.18	34.793
546.52	35.132
546.87	35.531
547.21	35.897
547.56	36.324
547.90	36.675
548.25	37.032
548.59	37.434
548.94	37.804
549.29	38.176
549.63	38.641
549.98	39.078
550.32	39.502
550.67	39.742
551.01	40.187
551.35	40.552
551.70	40.885
552.04	41.310
552.39	41.713
552.73	42.017
553.08	42.362
553.42	42.599
553.77	42.869
554.11	43.165
554.46	43.543
554.80	43.802
555.15	44.122
555.49	44.406
555.83	44.693
556.18	45.081
556.52	45.472
556.87	45.765
557.21	46.195
557.56	46.490
557.90	46.803
558.24	47.148
558.59	47.579
558.93	47.792
559.28	48.163
559.62	48.425
559.96	48.707
560.31	49.031
560.65	49.372
560.99	49.643
561.34	50.008
561.68	50.291
562.02	50.627
562.37	50.759
562.71	51.101
563.06	51.393
563.40	51.747
563.74	52.097
564.09	52.275
564.43	52.595
564.77	52.824
565.11	53.036
565.46	53.309
565.80	53.558
566.14	53.811
566.49	54.064
566.83	54.264
567.17	54.424
567.52	54.652
567.86	54.917
568.20	55.124
568.54	55.494
568.89	55.735
569.23	56.043
569.57	56.215
569.91	56.471
570.26	56.693
570.60	57.008
570.94	57.371
571.28	57.435
571.63	57.620
571.97	57.718
572.31	57.793
572.65	57.901
573.00	58.042
573.34	58.240
573.68	58.466
574.02	58.539
574.36	58.671
574.71	58.647
575.05	58.907
575.39	59.160
575.73	59.448
576.07	59.598
576.42	59.850
576.76	59.948
577.10	59.982
577.44	60.067
577.78	60.282
578.12	60.253
578.46	60.398
578.81	60.555
579.15	60.540
579.49	60.508
579.83	60.734
580.17	60.972
580.51	61.112
580.85	61.139
581.20	61.300
581.54	61.411
581.88	61.565
582.22	61.708
582.56	61.744
582.90	61.905
583.24	61.941
583.58	61.877
583.92	61.881
584.26	61.829
584.60	62.133
584.95	62.164
585.29	62.271
585.63	62.322
585.97	62.394
586.31	62.406
586.65	62.582
586.99	62.665
587.33	62.805
587.67	62.887
588.01	63.097
588.35	63.189
588.69	63.335
589.03	63.410
589.37	63.650
589.71	63.877
590.05	64.022
590.39	63.951
590.73	64.270
591.07	64.343
591.41	64.432
591.75	64.554
592.09	64.601
592.43	64.760
592.77	64.952
593.11	64.862
593.45	64.908
593.79	65.003
594.13	65.118
594.47	65.201
594.81	65.261
595.14	65.191
595.48	65.168
595.82	65.112
596.16	64.985
596.50	64.957
596.84	64.952
597.18	65.034
597.52	65.042
597.86	65.094
598.20	64.952
598.54	64.989
598.87	65.107
599.21	65.258
599.55	65.457
599.89	65.587
600.23	65.677
600.57	65.785
600.91	65.815
601.25	65.906
601.58	66.038
601.92	66.248
602.26	66.372
602.60	66.419
602.94	66.389
603.28	66.462
603.61	66.541
603.95	66.465
604.29	66.741
604.63	66.747
604.97	66.751
605.30	66.739
605.64	66.689
605.98	66.698
606.32	66.771
606.66	66.833
606.99	66.983
607.33	66.935
607.67	67.156
608.01	67.067
608.34	67.223
608.68	67.259
609.02	67.302
609.36	67.324
609.69	67.299
610.03	67.284
610.37	67.291
610.71	67.198
611.04	67.343
611.38	67.230
611.72	67.171
612.06	67.049
612.39	67.129
612.73	67.206
613.07	67.318
613.40	67.413
613.74	67.371
614.08	67.411
614.41	67.614
614.75	67.559
615.09	67.698
615.42	67.784
615.76	67.916
616.10	67.903
616.43	68.007
616.77	67.894
617.11	67.907
617.44	68.122
617.78	68.185
618.12	68.021
618.45	67.994
618.79	68.001
619.13	68.093
619.46	67.920
619.80	68.105
620.13	68.160
620.47	68.375
620.81	68.576
621.14	68.372
621.48	68.314
621.81	68.318
622.15	68.592
622.48	68.519
622.82	68.517
623.16	68.694
623.49	68.419
623.83	68.303
624.16	68.348
624.50	68.232
624.83	68.227
625.17	68.379
625.50	68.518
625.84	68.526
626.18	68.636
626.51	68.635
626.85	68.586
627.18	68.844
627.52	68.826
627.85	68.819
628.19	68.700
628.52	68.694
628.86	68.838
629.19	68.722
629.53	68.560
629.86	68.509
630.19	68.428
630.53	68.465
630.86	68.305
631.20	68.494
631.53	68.292
631.87	68.355
632.20	68.624
632.54	68.529
632.87	68.814
633.20	69.021
633.54	68.966
633.87	68.974
634.21	69.045
634.54	69.249
634.88	69.034
635.21	69.027
635.54	69.227
635.88	69.040
636.21	68.871
636.55	68.780
636.88	68.460
637.21	68.611
637.55	68.937
637.88	68.761
638.21	68.479
638.55	68.427
638.88	68.499
639.21	68.392
639.55	68.320
639.88	68.315
640.21	68.328
640.55	68.401
640.88	68.440
641.21	68.104
641.55	68.031
641.88	68.212
642.21	68.376
642.55	68.435
642.88	68.466
643.21	68.703
643.55	68.856
643.88	68.678
644.21	68.893
644.54	68.820
644.88	69.014
645.21	68.887
645.54	68.689
645.87	68.871
646.21	69.110
646.54	69.052
646.87	68.998
647.20	69.198
647.54	69.408
647.87	69.242
648.20	69.311
648.53	69.016
648.87	69.462
649.20	69.660
649.53	69.699
649.86	69.445
650.19	69.191
650.53	69.280
650.86	68.948
651.19	68.742
651.52	69.246
651.85	69.250
652.18	69.444
652.52	69.392
652.85	69.290
653.18	68.959
653.51	68.811
653.84	68.939
654.17	68.886
654.51	68.982
654.84	69.258
655.17	68.740
655.50	68.519
655.83	68.707
656.16	68.735
656.49	68.821
656.82	68.817
657.15	69.158
657.49	69.390
657.82	69.271
658.15	69.333
658.48	68.799
658.81	68.976
659.14	69.050
659.47	68.739
659.80	68.747
660.13	68.653
660.46	68.747
660.79	68.600
661.12	68.616
661.45	68.676
661.78	68.439
662.11	68.871
662.44	68.796
662.77	68.770
663.10	69.140
663.43	68.981
663.76	69.062
664.09	69.116
664.42	68.937
664.75	68.734
665.08	68.795
665.41	68.852
665.74	68.534
666.07	68.295
666.40	68.234
666.73	67.926
667.06	67.800
667.39	67.735
667.72	67.476
668.05	67.556
668.38	67.420
668.71	66.998
669.04	66.846
669.37	66.675
669.70	66.765
670.03	66.937
670.36	66.945
670.69	67.190
671.01	67.384
671.34	67.175
671.67	66.988
672.00	66.994
672.33	67.411
672.66	67.389
672.99	67.447
673.32	67.779
673.64	67.785
673.97	67.869
674.30	67.490
674.63	67.210
674.96	67.561
675.29	67.762
675.62	67.758
675.94	67.580
676.27	67.666
676.60	67.699
676.93	67.227
677.26	66.900
677.58	66.443
677.91	66.907
678.24	66.763
678.57	66.571
678.90	66.243
679.22	66.500
679.55	66.260
679.88	66.299
680.21	66.511
680.54	66.386
680.86	66.601
681.19	66.847
681.52	66.404
681.85	66.553
682.17	66.420
682.50	66.358
682.83	66.087
683.16	65.876
683.48	65.674
683.81	65.395
684.14	65.273
684.46	64.864
684.79	64.867
685.12	64.770
685.45	64.442
685.77	64.330
686.10	64.702
686.43	64.763
686.75	64.991
687.08	64.868
687.41	64.568
687.73	64.253
688.06	64.382
688.39	64.259
688.71	64.128
689.04	64.309
689.36	64.729
689.69	64.442
690.02	64.216
690.34	64.127
690.67	63.922
691.00	63.904
691.32	64.075
691.65	64.166
691.97	63.919
692.30	64.007
692.63	63.997
692.95	63.551
693.28	63.665
693.60	63.460
693.93	63.462
694.26	63.552
694.58	63.804
694.91	63.845
695.23	63.731
695.56	63.417
695.88	62.882
696.21	62.606
696.53	62.539
696.86	62.153
697.18	61.960
697.51	61.639
697.83	61.155
698.16	60.713
698.48	60.836
698.81	60.597
699.13	60.587
699.46	60.958
699.78	60.587
700.11	60.476
700.43	60.505
700.76	60.641
701.08	61.114
701.41	61.240
701.73	61.364
702.06	60.844
702.38	60.396
702.71	60.678
703.03	60.127
703.35	60.689
703.68	60.472
704.00	60.739
704.33	60.142
704.65	59.403
704.98	59.624
705.30	59.589
705.62	59.450
705.95	58.977
706.27	58.098
706.60	58.273
706.92	57.257
707.24	57.004
707.57	56.465
707.89	56.890
708.21	56.557
708.54	55.805
708.86	55.511
709.18	55.975
709.51	56.646
709.83	56.940
710.15	56.552
710.48	56.545
710.80	57.040
711.12	56.689
711.45	56.139
711.77	56.195
712.09	56.596
712.42	56.231
712.74	55.588
713.06	54.877
713.38	55.131
713.71	55.322
714.03	55.050
714.35	54.580
714.68	54.931
715.00	54.844
715.32	54.576
715.64	54.431
715.97	54.394
716.29	55.376
716.61	55.729
716.93	55.437
717.25	55.310
717.58	55.315
717.90	55.010
718.22	54.919
718.54	54.805
718.87	54.912
719.19	54.705
719.51	54.730
719.83	53.828
720.15	53.385
720.47	52.961
720.80	52.029
721.12	52.116
721.44	51.505
721.76	50.548
722.08	50.664
722.40	50.671
722.73	50.395
723.05	50.132
723.37	49.144
723.69	49.707
724.01	49.732
724.33	50.304
724.65	50.800
724.97	50.785
725.30	50.374
725.62	50.451
725.94	50.054
726.26	50.615
726.58	50.741
726.90	51.391
727.22	51.818
727.54	51.462
727.86	51.250
728.18	49.515
728.50	49.140
728.82	49.032
729.14	48.129
729.46	47.564
729.78	47.112
730.10	46.373
730.42	45.400
730.74	44.205
731.07	42.840
731.39	41.927
731.71	43.217
732.03	43.495
732.35	43.516
732.66	43.219
732.98	43.823
733.30	42.666
733.62	43.177
733.94	43.255
734.26	43.358
734.58	45.021
734.90	45.626
735.22	45.729
735.54	46.444
735.86	46.098
736.18	46.525
736.50	45.428
736.82	46.026
737.14	45.863
737.46	45.858
737.78	44.902
738.10	43.867
738.41	43.132
738.73	42.714
739.05	40.900
739.37	41.368
739.69	41.422
740.01	41.401
740.33	41.549
740.65	40.550
740.96	41.343
741.28	42.432
741.60	42.591
741.92	43.523
742.24	42.718
742.56	43.236
742.88	43.388
743.19	42.524
743.51	42.557
743.83	42.742
744.15	43.996
744.47	42.737
744.78	41.038
745.10	40.749
745.42	39.396
745.74	38.891
746.06	39.755
746.37	38.780
746.69	38.585
747.01	39.023
747.33	38.336
747.64	37.985
747.96	36.693
748.28	36.503
748.60	36.525
748.91	38.177
749.23	38.449
749.55	37.908
749.87	38.322
750.18	37.878
750.50	38.423
750.82	37.661
751.13	37.408
751.45	37.366
751.77	37.272
752.08	37.881
752.40	37.399
752.72	38.184
753.03	36.897
753.35	35.901
753.67	36.447
753.98	35.584
754.30	35.023
754.62	33.291
754.93	33.333
755.25	34.188
755.57	34.220
755.88	33.712
756.20	32.775
756.51	33.119
756.83	33.456
757.15	33.495
757.46	32.415
757.78	33.157
758.09	34.061
758.41	33.393
758.73	33.210
759.04	32.131
759.36	31.042
759.67	29.873
759.99	30.315
760.30	29.802
760.62	30.774
760.94	31.428
761.25	32.133
761.57	33.076
761.88	35.024
762.20	35.300
762.51	35.376
762.83	35.682
763.14	35.495
763.46	36.712
763.77	36.321
764.09	35.532
764.40	35.277
764.72	35.218
765.03	35.176
765.35	34.254
765.66	33.444
765.98	33.763
766.29	34.848
766.61	35.142
766.92	33.025
767.23	34.599
767.55	35.681
767.86	35.979
768.18	34.722
768.49	33.487
768.81	35.289
769.12	34.705
769.43	33.687
769.75	32.426
770.06	32.639
770.38	33.129
770.69	32.888
771.00	31.228
771.32	30.882
771.63	29.840
771.94	30.278
772.26	28.466
772.57	29.346
772.89	29.208
773.20	30.427
773.51	28.895
773.83	28.021
774.14	25.621
774.45	25.091
774.77	25.872
775.08	27.797
775.39	28.806
775.70	30.348
776.02	29.614
776.33	29.466
776.64	28.212
776.96	30.909
777.27	33.686
777.58	35.157
777.89	35.615
778.21	34.114
778.52	34.070
778.83	33.712
779.14	34.779
779.46	33.162
779.77	32.839
780.08	32.788
780.39	32.370
780.71	29.888
781.02	29.820
781.33	32.981
781.64	33.631
781.95	32.553
782.27	31.836
782.58	30.379
782.89	32.317
783.20	33.140
783.51	33.118
783.83	33.533
784.14	33.093
784.45	33.686
784.76	30.938
785.07	31.651
785.38	34.457
785.70	34.396
786.01	33.490
786.32	35.198
786.63	33.634
786.94	32.780
787.25	30.861
787.56	33.550
787.87	30.821
788.18	33.385
788.50	31.609
788.81	29.043
789.12	30.634
789.43	30.082
789.74	28.334
790.05	30.503
790.36	30.636
790.67	30.975
790.98	29.206
791.29	31.429
791.60	29.179
791.91	29.167
792.22	28.600
792.53	26.865
792.84	24.932
793.15	24.924
793.46	21.372
793.77	21.098
794.08	21.392
794.39	23.010
794.70	22.258
795.01	22.412
795.32	24.865
795.63	26.858
795.94	26.306
796.25	26.226
796.56	29.479
796.87	33.597
797.18	33.451
797.49	32.988
797.80	31.224
798.11	31.752
798.42	30.560
798.73	29.310
799.04	27.748
799.35	30.870
799.65	30.214
799.96	26.685
800.27	25.367
800.58	26.483
800.89	28.824
801.20	28.946
801.51	29.085
801.82	32.081
802.13	29.884
802.43	34.050
802.74	34.156
803.05	34.119
803.36	34.552
803.67	32.791
803.98	33.440
804.28	32.272
804.59	31.901
804.90	32.335
805.21	29.204
805.52	31.778
805.83	28.214
806.13	25.787
806.44	27.650
806.75	29.640
807.06	33.599
807.36	32.819
807.67	30.382
807.98	31.478
808.29	31.872
808.60	33.811
808.90	31.587
809.21	32.276
809.52	35.167
809.83	34.422
810.13	34.533
810.44	29.311
810.75	29.044
811.05	28.981
811.36	24.512
811.67	24.710
811.98	21.079
812.28	19.831
812.59	22.049
812.90	15.092
813.20	16.487
813.51	15.010
813.82	21.736
814.12	22.029
814.43	23.694
814.74	24.314
815.04	26.968
815.35	26.304
815.65	32.016
815.96	28.943
816.27	29.077
816.57	27.434
816.88	28.298
817.19	28.100
817.49	28.076
817.80	28.462
818.10	31.263
818.41	27.500
818.72	32.105
819.02	28.352
819.33	26.739
819.63	27.482
819.94	28.321
820.24	25.376
820.55	25.725
820.85	24.613
821.16	23.059
821.47	23.577
821.77	22.727
822.08	20.651
822.38	20.299
822.69	21.325
822.99	20.804
823.30	21.298
823.60	21.229
823.91	20.827
824.21	21.000
824.52	20.815
824.82	20.403
825.13	20.995
825.43	22.622
825.73	22.506
826.04	21.375
826.34	21.196
826.65	20.012
826.95	20.067
827.26	19.297
827.56	18.659
827.87	18.951
828.17	18.572
828.47	18.190
828.78	16.833
829.08	20.021
829.39	21.311
829.69	22.079
829.99	22.124
830.30	20.811
830.60	19.658
830.90	18.564
831.21	19.771
831.51	19.692
831.82	16.740
832.12	19.259
832.42	16.439
832.73	17.121
833.03	18.483
833.33	19.589
833.64	22.083
833.94	24.480
834.24	25.767
834.54	25.655
834.85	25.342
835.15	26.255
835.45	24.477
835.76	24.627
836.06	20.718
836.36	17.773
836.66	17.869
836.97	18.700
837.27	16.657
837.57	16.045
837.87	17.517
838.18	18.979
838.48	19.357
838.78	23.648
839.08	19.692
839.39	24.107
839.69	25.182
839.99	18.794
840.29	8.227
840.59	5.287
840.90	-0.386
841.20	-3.277
841.50	-10.214
841.80	-4.301
842.10	-4.809
842.41	-7.685
842.71	-20.241
843.01	-12.693
843.31	-7.309
843.61	3.855
843.91	9.524
844.21	14.462
844.52	14.176
844.82	16.776
845.12	12.387
845.42	14.943
845.72	25.815
846.02	26.918
846.32	19.523
846.62	22.052
846.92	14.105
847.22	12.252
847.52	7.309
847.83	4.512
848.13	-7.282
848.43	-8.726
848.73	-11.517
849.03	-42.488
849.33	-20.346
849.63	-31.139
849.93	-29.885
850.23	-15.054
850.53	-14.925
850.83	-28.571
851.13	-14.355
851.43	8.817
851.73	10.865
852.03	5.728
852.33	17.303
852.63	26.339
852.93	32.564
853.23	26.196
853.53	22.895
853.83	32.938
854.13	40.467
854.43	39.879
854.73	24.313
855.03	28.774
855.32	35.698
855.62	22.782
855.92	23.497
856.22	27.194
856.52	42.443
856.82	53.741
857.12	54.104
857.42	45.017
857.72	32.833
858.02	39.677
858.31	30.387
858.61	19.608
858.91	47.082
859.21	19.006
859.51	-2.825
859.81	-17.508
860.11	-29.870
860.40	-78.523
860.70	-68.919
861.00	-32.817
861.30	-32.570
861.60	-12.185
861.90	-10.395
862.19	-23.148
862.49	0.845
862.79	19.218
863.09	6.285
863.39	-7.527
863.68	1.379
863.98	6.250
864.28	14.722
864.58	21.094
864.87	6.667
865.17	11.973
865.47	10.471
865.77	-28.821
866.06	-35.448
866.36	-43.750
866.66	5.859
866.96	6.207
867.25	11.111
867.55	-4.199
867.85	-3.488
868.14	-16.393
868.44	-20.678
868.74	-38.194
869.03	-9.698
869.33	-15.946
869.63	-13.033
869.92	-24.157
870.22	-32.808
870.52	-37.970
870.81	-32.547
871.11	-37.559
871.41	-27.179
871.70	-21.384
872.00	-14.094
872.30	30.172
872.59	30.872
872.89	57.265
873.18	70.498
873.48	68.371
873.78	49.840
874.07	43.733
874.37	49.871
874.66	55.982
874.96	49.771
875.25	54.018
875.55	45.244
875.85	56.085
876.14	51.270
876.44	36.916
876.73	34.739
877.03	39.007
877.32	27.299
877.62	15.226
877.91	-0.000
878.21	8.815
878.50	14.930
878.80	21.267
879.09	7.759
879.39	-19.900
879.68	0.640
879.98	5.165
880.27	12.427
880.57	24.651
880.86	18.160
881.16	15.992
881.45	21.173
881.74	15.692
882.04	17.234
882.33	22.794
882.63	26.255
882.92	27.769
883.22	27.295
883.51	24.905
883.80	21.758
884.10	22.935
884.39	25.699
884.69	27.621
884.98	33.218
885.27	33.741
885.57	28.123
885.86	27.121
886.15	20.390
886.45	20.639
886.74	27.641
887.03	41.163
887.33	49.075
887.62	46.732
887.91	23.457
888.21	80.597
888.50	-288.889
888.79	75.410
889.09	257.143
