190.56	933.333
190.94	933.333
191.32	933.333
191.70	-105.882
192.08	-928.571
192.46	470.408
192.84	385.185
193.22	483.133
193.60	684.091
193.98	680.952
194.36	13750.000
194.74	429.687
195.13	793.103
195.51	2780.000
195.89	-731.579
196.27	-474.194
196.65	-281.111
197.03	-386.842
197.40	-329.167
197.78	-221.488
198.16	-136.413
198.54	-195.200
198.92	-214.724
199.30	-421.277
199.68	-351.042
200.06	-109.434
200.44	-62.332
200.82	-59.184
201.20	-39.231
201.58	-117.582
201.96	-244.828
202.34	-1579.167
202.72	-427.941
203.10	-166.923
203.48	-98.086
203.86	-57.249
204.24	-102.591
204.62	-133.333
205.00	-82.593
205.38	-80.617
205.76	-21.495
206.13	-21.277
206.51	8.051
206.89	-18.750
207.27	43.353
207.65	-6.195
208.03	-88.281
208.41	-68.456
208.79	-109.790
209.17	-414.754
209.55	-247.525
209.93	-170.056
210.30	-121.224
210.68	-87.576
211.06	-63.812
211.44	-104.179
211.82	-35.922
212.20	-39.501
212.58	-34.953
212.96	-19.412
213.33	-22.679
213.71	-12.442
214.09	-16.189
214.47	-16.580
214.85	-18.056
215.23	-23.417
215.61	-13.514
215.98	-20.559
216.36	-11.827
216.74	-9.478
217.12	-26.516
217.50	-22.142
217.88	-42.295
218.25	-36.713
218.63	-27.639
219.01	-21.585
219.39	-25.000
219.77	-21.226
220.14	-31.633
220.52	-34.854
220.90	-32.740
221.28	-19.094
221.66	-11.609
222.03	-9.003
222.41	-2.179
222.79	-6.124
223.17	-10.586
223.55	-11.263
223.92	-13.952
224.30	-10.533
224.68	-10.310
225.06	-8.118
225.43	-7.932
225.81	-4.487
226.19	-0.554
226.57	-0.722
226.95	3.529
227.32	4.414
227.70	7.109
228.08	7.613
228.46	7.322
228.83	8.791
229.21	8.842
229.59	8.818
229.96	8.101
230.34	7.065
230.72	7.680
231.10	7.361
231.47	8.556
231.85	6.839
232.23	6.213
232.60	5.522
232.98	4.866
233.36	5.241
233.74	6.256
234.11	5.779
234.49	7.338
234.87	6.126
235.24	6.425
235.62	5.608
236.00	7.203
236.37	7.849
236.75	8.488
237.13	7.915
237.50	8.430
237.88	8.330
238.26	9.226
238.63	8.263
239.01	8.337
239.39	7.450
239.76	7.395
240.14	7.499
240.52	7.497
240.89	8.484
241.27	8.188
241.65	7.589
242.02	7.405
242.40	7.429
242.77	7.257
243.15	6.471
243.53	6.496
243.90	6.645
244.28	6.341
244.66	6.209
245.03	6.067
245.41	6.217
245.78	6.515
246.16	6.697
246.54	6.526
246.91	6.818
247.29	7.202
247.66	7.341
248.04	7.147
248.41	7.035
248.79	6.856
249.17	6.499
249.54	6.427
249.92	6.200
250.29	5.914
250.67	6.137
251.04	6.300
251.42	6.664
251.80	6.013
252.17	5.772
252.55	6.132
252.92	6.002
253.30	5.815
253.67	5.717
254.05	5.833
254.42	6.166
254.80	5.763
255.17	5.374
255.55	5.279
255.92	5.884
256.30	6.135
256.67	5.796
257.05	6.260
257.42	6.622
257.80	6.640
258.17	6.672
258.55	6.410
258.92	6.445
259.30	6.585
259.67	6.463
260.05	6.448
260.42	6.330
260.80	6.586
261.17	6.760
261.55	6.728
261.92	6.567
262.30	6.450
262.67	6.564
263.05	6.485
263.42	6.289
263.79	6.424
264.17	6.364
264.54	6.462
264.92	6.289
265.29	6.084
265.67	6.021
266.04	6.442
266.42	6.354
266.79	6.286
267.16	6.305
267.54	6.296
267.91	6.375
268.29	6.498
268.66	6.846
269.03	6.668
269.41	6.597
269.78	6.461
270.16	6.578
270.53	6.744
270.90	6.580
271.28	6.602
271.65	6.589
272.03	6.547
272.40	6.668
272.77	6.483
273.15	6.612
273.52	6.602
273.89	6.751
274.27	6.530
274.64	6.487
275.01	6.817
275.39	6.797
275.76	6.841
276.14	6.807
276.51	6.683
276.88	6.750
277.26	6.804
277.63	6.937
278.00	6.948
278.38	6.710
278.75	6.572
279.12	6.520
279.49	6.354
279.87	6.448
280.24	6.277
280.61	6.231
280.99	6.073
281.36	5.962
281.73	5.987
282.11	5.891
282.48	6.130
282.85	6.263
283.22	6.192
283.60	6.434
283.97	6.443
284.34	6.672
284.71	6.934
285.09	7.255
285.46	7.286
285.83	7.384
286.21	7.607
286.58	7.671
286.95	7.736
287.32	7.828
287.70	7.712
288.07	7.603
288.44	7.701
288.81	7.565
289.18	7.412
289.56	7.320
289.93	7.185
290.30	7.148
290.67	7.216
291.05	7.296
291.42	7.236
291.79	7.248
292.16	7.321
292.53	7.314
292.91	7.387
293.28	7.367
293.65	7.510
294.02	7.507
294.39	7.619
294.76	7.722
295.14	7.713
295.51	7.984
295.88	8.150
296.25	8.564
296.62	8.682
297.00	8.997
297.37	9.333
297.74	9.754
298.11	10.195
298.48	10.520
298.85	10.900
299.22	11.408
299.60	11.736
299.97	12.523
300.34	12.864
300.71	13.345
301.08	13.812
301.45	14.388
301.82	14.858
302.19	15.408
302.56	16.019
302.94	16.675
303.31	17.445
303.68	18.474
304.05	18.893
304.42	19.623
304.79	20.457
305.16	21.064
305.53	21.659
305.90	22.281
306.27	22.831
306.64	23.351
307.02	23.850
307.39	24.319
307.76	24.560
308.13	25.227
308.50	25.634
308.87	25.993
309.24	26.527
309.61	26.913
309.98	27.344
310.35	27.906
310.72	28.310
311.09	28.760
311.46	28.984
311.83	29.465
312.20	29.634
312.57	30.084
312.94	30.475
313.31	30.601
313.68	30.988
314.05	31.164
314.42	31.444
314.79	31.949
315.16	32.153
315.53	32.415
315.90	32.348
316.27	32.494
316.64	32.677
317.01	32.954
317.38	33.036
317.75	33.274
318.12	33.485
318.49	33.389
318.86	33.239
319.23	33.272
319.60	33.362
319.97	33.672
320.34	33.740
320.71	33.805
321.08	33.715
321.45	33.884
321.82	33.769
322.19	33.662
322.55	33.506
322.92	33.413
323.29	33.452
323.66	33.338
324.03	33.382
324.40	33.401
324.77	33.096
325.14	32.948
325.51	32.882
325.88	32.757
326.25	32.807
326.61	32.900
326.98	32.861
327.35	32.828
327.72	33.077
328.09	32.823
328.46	32.896
328.83	33.100
329.20	33.289
329.56	33.229
329.93	33.036
330.30	33.001
330.67	32.826
331.04	32.432
331.41	32.324
331.78	32.070
332.14	32.252
332.51	32.155
332.88	31.866
333.25	31.694
333.62	31.625
333.99	31.751
334.35	31.909
334.72	32.253
335.09	32.762
335.46	32.749
335.83	32.608
336.19	32.440
336.56	32.461
336.93	32.780
337.30	32.811
337.67	32.912
338.03	32.850
338.40	32.559
338.77	32.169
339.14	31.826
339.50	31.674
339.87	31.870
340.24	31.837
340.61	31.590
340.97	31.564
341.34	31.745
341.71	31.583
342.08	31.663
342.44	31.666
342.81	31.696
343.18	31.891
343.55	31.827
343.91	31.718
344.28	31.722
344.65	31.820
345.02	31.754
345.38	31.410
345.75	31.475
346.12	31.395
346.48	31.347
346.85	31.399
347.22	31.037
347.59	31.171
347.95	31.119
348.32	31.043
348.69	31.143
349.05	30.965
349.42	31.026
349.79	30.861
350.15	30.861
350.52	30.802
350.89	30.642
351.25	30.747
351.62	30.678
351.99	30.692
352.35	30.596
352.72	30.463
353.09	30.420
353.45	30.301
353.82	30.330
354.18	30.266
354.55	30.222
354.92	30.180
355.28	30.033
355.65	29.919
356.02	29.788
356.38	29.589
356.75	29.416
357.11	29.306
357.48	29.217
357.85	29.068
358.21	28.875
358.58	28.644
358.94	28.555
359.31	28.577
359.67	28.596
360.04	28.594
360.41	28.638
360.77	28.620
361.14	28.664
361.50	28.664
361.87	28.648
362.23	28.732
362.60	28.892
362.97	28.940
363.33	29.069
363.70	29.065
364.06	29.109
364.43	29.066
364.79	29.014
365.16	29.008
365.52	29.016
365.89	29.118
366.25	29.181
366.62	29.069
366.98	29.022
367.35	28.950
367.71	28.828
368.08	28.680
368.44	28.686
368.81	28.770
369.17	28.704
369.54	28.751
369.90	28.594
370.27	28.283
370.63	28.264
371.00	28.181
371.36	27.914
371.73	27.782
372.09	27.691
372.45	27.470
372.82	27.381
373.18	27.291
373.55	27.284
373.91	27.304
374.28	27.339
374.64	27.108
375.01	26.954
375.37	26.966
375.73	26.935
376.10	26.870
376.46	26.937
376.83	26.852
377.19	26.865
377.55	26.690
377.92	26.591
378.28	26.540
378.65	26.572
379.01	26.543
379.37	26.482
379.74	26.387
380.10	26.290
380.47	26.152
380.83	26.223
381.19	25.979
381.56	25.880
381.92	25.620
382.28	25.419
382.65	25.327
383.01	25.201
383.37	25.134
383.74	24.944
384.10	24.785
384.46	24.636
384.83	24.224
385.19	24.099
385.55	23.944
385.92	23.991
386.28	23.995
386.64	23.876
387.01	23.859
387.37	23.700
387.73	23.671
388.10	23.715
388.46	23.655
388.82	23.668
389.18	23.627
389.55	23.513
389.91	23.353
390.27	23.288
390.64	23.242
391.00	23.077
391.36	22.960
391.72	22.862
392.09	22.687
392.45	22.586
392.81	22.510
393.17	22.380
393.54	22.244
393.90	22.066
394.26	21.744
394.62	21.596
394.99	21.461
395.35	21.332
395.71	21.272
396.07	21.213
396.43	21.104
396.80	20.963
397.16	20.864
397.52	20.802
397.88	20.841
398.24	20.878
398.61	20.760
398.97	20.733
399.33	20.667
399.69	20.482
400.05	20.286
400.42	20.299
400.78	20.249
401.14	20.155
401.50	20.088
401.86	19.901
402.22	19.879
402.59	19.803
402.95	19.687
403.31	19.538
403.67	19.460
404.03	19.417
404.39	19.166
404.75	18.965
405.12	18.890
405.48	18.894
405.84	18.866
406.20	18.751
406.56	18.665
406.92	18.523
407.28	18.466
407.64	18.436
408.00	18.329
408.36	18.347
408.73	18.336
409.09	18.187
409.45	18.032
409.81	17.924
410.17	17.811
410.53	17.784
410.89	17.741
411.25	17.725
411.61	17.707
411.97	17.666
412.33	17.652
412.69	17.721
413.05	17.695
413.41	17.610
413.77	17.574
414.13	17.516
414.50	17.380
414.86	17.331
415.22	17.247
415.58	17.109
415.94	17.111
416.30	17.036
416.66	16.844
417.02	16.841
417.38	16.845
417.74	16.751
418.10	16.748
418.46	16.697
418.82	16.641
419.18	16.568
419.54	16.505
419.90	16.412
420.26	16.344
420.61	16.338
420.97	16.266
421.33	16.186
421.69	16.196
422.05	16.227
422.41	16.182
422.77	16.204
423.13	16.151
423.49	16.155
423.85	16.190
424.21	16.176
424.57	16.218
424.93	16.278
425.29	16.351
425.65	16.377
426.01	16.330
426.36	16.428
426.72	16.447
427.08	16.562
427.44	16.599
427.80	16.569
428.16	16.684
428.52	16.642
428.88	16.633
429.24	16.677
429.59	16.679
429.95	16.684
430.31	16.670
430.67	16.656
431.03	16.739
431.39	16.793
431.75	16.895
432.10	16.831
432.46	16.858
432.82	16.892
433.18	16.903
433.54	16.985
433.90	17.056
434.25	17.173
434.61	17.281
434.97	17.329
435.33	17.410
435.69	17.484
436.04	17.671
436.40	17.757
436.76	17.873
437.12	17.959
437.48	18.109
437.83	18.229
438.19	18.260
438.55	18.341
438.91	18.406
439.27	18.461
439.62	18.541
439.98	18.627
440.34	18.780
440.70	18.854
441.05	18.907
441.41	18.899
441.77	18.921
442.13	19.012
442.48	19.060
442.84	19.110
443.20	19.190
443.56	19.245
443.91	19.190
444.27	19.176
444.63	19.219
444.98	19.221
445.34	19.238
445.70	19.308
446.05	19.267
446.41	19.312
446.77	19.332
447.13	19.362
447.48	19.343
447.84	19.368
448.20	19.338
448.55	19.339
448.91	19.373
449.27	19.398
449.62	19.363
449.98	19.429
450.34	19.442
450.69	19.402
451.05	19.429
451.40	19.397
451.76	19.462
452.12	19.577
452.47	19.563
452.83	19.638
453.19	19.651
453.54	19.681
453.90	19.646
454.25	19.531
454.61	19.520
454.97	19.501
455.32	19.537
455.68	19.584
456.03	19.529
456.39	19.593
456.75	19.562
457.10	19.559
457.46	19.546
457.81	19.621
458.17	19.705
458.52	19.778
458.88	19.802
459.24	19.851
459.59	19.829
459.95	19.840
460.30	19.842
460.66	19.898
461.01	19.957
461.37	20.031
461.72	20.029
462.08	20.076
462.43	20.196
462.79	20.233
463.14	20.273
463.50	20.333
463.85	20.361
464.21	20.365
464.56	20.418
464.92	20.435
465.27	20.406
465.63	20.539
465.98	20.629
466.34	20.695
466.69	20.696
467.05	20.731
467.40	20.781
467.76	20.831
468.11	20.922
468.47	20.988
468.82	20.998
469.18	21.105
469.53	21.080
469.88	21.122
470.24	20.948
470.59	21.037
470.95	21.078
471.30	21.110
471.66	21.163
472.01	21.235
472.36	21.153
472.72	21.233
473.07	21.214
473.43	21.254
473.78	21.248
474.13	21.287
474.49	21.197
474.84	21.157
475.19	21.060
475.55	21.097
475.90	20.995
476.26	21.009
476.61	20.955
476.96	20.930
477.32	20.875
477.67	20.875
478.02	20.872
478.38	20.915
478.73	20.977
479.08	21.021
479.44	21.012
479.79	21.026
480.14	21.005
480.50	21.016
480.85	20.901
481.20	20.866
481.56	20.824
481.91	20.825
482.26	20.775
482.62	20.714
482.97	20.731
483.32	20.732
483.67	20.692
484.03	20.671
484.38	20.658
484.73	20.672
485.08	20.677
485.44	20.651
485.79	20.634
486.14	20.647
486.49	20.659
486.85	20.635
487.20	20.647
487.55	20.686
487.90	20.692
488.26	20.673
488.61	20.723
488.96	20.689
489.31	20.693
489.67	20.697
490.02	20.760
490.37	20.741
490.72	20.731
491.07	20.717
491.43	20.759
491.78	20.747
492.13	20.749
492.48	20.792
492.83	20.897
493.19	20.961
493.54	21.010
493.89	21.040
494.24	21.171
494.59	21.300
494.94	21.377
495.29	21.359
495.65	21.442
496.00	21.582
496.35	21.580
496.70	21.644
497.05	21.704
497.40	21.789
497.75	21.792
498.11	21.882
498.46	21.913
498.81	21.941
499.16	22.043
499.51	22.182
499.86	22.204
500.21	22.319
500.56	22.333
500.91	22.391
501.26	22.447
501.62	22.553
501.97	22.567
502.32	22.643
502.67	22.746
503.02	22.823
503.37	22.873
503.72	22.933
504.07	22.992
504.42	23.050
504.77	23.102
505.12	23.174
505.47	23.219
505.82	23.323
506.17	23.369
506.52	23.374
506.87	23.374
507.22	23.459
507.57	23.570
507.92	23.600
508.27	23.608
508.62	23.707
508.97	23.752
509.32	23.761
509.67	23.689
510.02	23.718
510.37	23.820
510.72	23.899
511.07	23.859
511.42	23.886
511.77	23.937
512.12	24.009
512.47	24.069
512.82	24.083
513.17	24.130
513.52	24.288
513.87	24.288
514.22	24.260
514.57	24.309
514.91	24.293
515.26	24.289
515.61	24.322
515.96	24.350
516.31	24.324
516.66	24.374
517.01	24.345
517.36	24.307
517.71	24.385
518.06	24.413
518.41	24.414
518.75	24.446
519.10	24.421
519.45	24.391
519.80	24.420
520.15	24.428
520.50	24.352
520.85	24.360
521.19	24.345
521.54	24.275
521.89	24.265
522.24	24.211
522.59	24.195
522.94	24.202
523.28	24.180
523.63	24.134
523.98	24.080
524.33	24.040
524.68	23.992
525.03	23.972
525.37	23.907
525.72	23.825
526.07	23.743
526.42	23.699
526.76	23.669
527.11	23.667
527.46	23.624
527.81	23.603
528.16	23.613
528.50	23.593
528.85	23.564
529.20	23.523
529.55	23.485
529.89	23.514
530.24	23.488
530.59	23.445
530.94	23.350
531.28	23.255
531.63	23.210
531.98	23.128
532.32	23.088
532.67	23.057
533.02	23.056
533.37	23.096
533.71	23.065
534.06	23.103
534.41	23.080
534.75	23.053
535.10	23.061
535.45	23.007
535.79	22.980
536.14	22.956
536.49	22.882
536.83	22.866
537.18	22.786
537.53	22.721
537.87	22.625
538.22	22.552
538.57	22.482
538.91	22.427
539.26	22.322
539.61	22.319
539.95	22.327
540.30	22.296
540.64	22.258
540.99	22.219
541.34	22.234
541.68	22.206
542.03	22.192
542.37	22.223
542.72	22.248
543.07	22.319
543.41	22.305
543.76	22.270
544.10	22.261
544.45	22.271
544.80	22.306
545.14	22.287
545.49	22.301
545.83	22.331
546.18	22.345
546.52	22.301
546.87	22.255
547.21	22.227
547.56	22.204
547.90	22.143
548.25	22.165
548.59	22.189
548.94	22.173
549.29	22.196
549.63	22.175
549.98	22.204
550.32	22.249
550.67	22.283
551.01	22.343
551.35	22.414
551.70	22.498
552.04	22.516
552.39	22.460
552.73	22.432
553.08	22.397
553.42	22.429
553.77	22.481
554.11	22.431
554.46	22.464
554.80	22.478
555.15	22.438
555.49	22.451
555.83	22.384
556.18	22.426
556.52	22.484
556.87	22.445
557.21	22.468
557.56	22.396
557.90	22.437
558.24	22.386
558.59	22.365
558.93	22.330
559.28	22.320
559.62	22.322
559.96	22.301
560.31	22.287
560.65	22.333
560.99	22.297
561.34	22.222
561.68	22.205
562.02	22.218
562.37	22.155
562.71	22.183
563.06	22.129
563.40	22.158
563.74	22.120
564.09	22.123
564.43	22.139
564.77	22.148
565.11	22.205
565.46	22.150
565.80	22.122
566.14	22.152
566.49	22.122
566.83	22.150
567.17	22.175
567.52	22.202
567.86	22.071
568.20	22.019
568.54	21.927
568.89	21.871
569.23	21.930
569.57	21.860
569.91	21.815
570.26	21.809
570.60	21.840
570.94	21.758
571.28	21.731
571.63	21.753
571.97	21.693
572.31	21.735
572.65	21.706
573.00	21.676
573.34	21.695
573.68	21.681
574.02	21.631
574.36	21.501
574.71	21.468
575.05	21.378
575.39	21.373
575.73	21.463
576.07	21.448
576.42	21.394
576.76	21.364
577.10	21.405
577.44	21.404
577.78	21.471
578.12	21.567
578.46	21.589
578.81	21.614
579.15	21.657
579.49	21.591
579.83	21.611
580.17	21.684
580.51	21.730
580.85	21.815
581.20	21.951
581.54	21.947
581.88	22.056
582.22	22.074
582.56	22.107
582.90	22.135
583.24	22.118
583.58	22.147
583.92	22.194
584.26	22.228
584.60	22.158
584.95	22.073
585.29	22.122
585.63	22.115
585.97	22.256
586.31	22.419
586.65	22.479
586.99	22.672
587.33	22.719
587.67	22.822
588.01	22.900
588.35	22.985
588.69	23.092
589.03	23.175
589.37	23.276
589.71	23.310
590.05	23.477
590.39	23.505
590.73	23.566
591.07	23.673
591.41	23.732
591.75	23.783
592.09	23.852
592.43	23.917
592.77	23.935
593.11	23.948
593.45	23.991
593.79	23.904
594.13	24.059
594.47	24.147
594.81	24.213
595.14	24.233
595.48	24.293
595.82	24.299
596.16	24.274
596.50	24.357
596.84	24.425
597.18	24.487
597.52	24.500
597.86	24.525
598.20	24.595
598.54	24.669
598.87	24.708
599.21	24.739
599.55	24.860
599.89	24.995
600.23	24.955
600.57	25.006
600.91	25.030
601.25	25.179
601.58	25.253
601.92	25.194
602.26	25.177
602.60	25.215
602.94	25.218
603.28	25.279
603.61	25.390
603.95	25.504
604.29	25.473
604.63	25.541
604.97	25.562
605.30	25.510
605.64	25.569
605.98	25.612
606.32	25.631
606.66	25.730
606.99	25.755
607.33	25.711
607.67	25.651
608.01	25.723
608.34	25.770
608.68	25.725
609.02	25.756
609.36	25.727
609.69	25.697
610.03	25.741
610.37	25.768
610.71	25.737
611.04	25.750
611.38	25.942
611.72	26.007
612.06	25.982
612.39	25.968
612.73	26.092
613.07	26.161
613.40	26.200
613.74	26.078
614.08	25.998
614.41	26.010
614.75	25.981
615.09	25.838
615.42	25.804
615.76	25.751
616.10	25.796
616.43	25.707
616.77	25.673
617.11	25.636
617.44	25.870
617.78	25.847
618.12	25.826
618.45	25.959
618.79	26.055
619.13	26.046
619.46	26.097
619.80	26.158
620.13	26.252
620.47	26.297
620.81	26.331
621.14	26.292
621.48	26.358
621.81	26.568
622.15	26.526
622.48	26.445
622.82	26.489
623.16	26.509
623.49	26.523
623.83	26.445
624.16	26.398
624.50	26.572
624.83	26.542
625.17	26.561
625.50	26.349
625.84	26.316
626.18	26.252
626.51	26.289
626.85	26.276
627.18	26.242
627.52	26.261
627.85	26.186
628.19	26.049
628.52	25.994
628.86	26.108
629.19	26.086
629.53	26.008
629.86	26.051
630.19	26.017
630.53	26.046
630.86	26.029
631.20	25.937
631.53	26.053
631.87	26.049
632.20	26.097
632.54	26.010
632.87	26.002
633.20	26.071
633.54	26.086
633.87	25.957
634.21	25.851
634.54	25.868
634.88	25.927
635.21	25.912
635.54	25.942
635.88	25.980
636.21	25.911
636.55	26.090
636.88	26.071
637.21	26.106
637.55	26.262
637.88	26.281
638.21	26.348
638.55	26.362
638.88	26.498
639.21	26.589
639.55	26.498
639.88	26.504
640.21	26.483
640.55	26.319
640.88	26.191
641.21	26.122
641.55	26.243
641.88	26.144
642.21	26.187
642.55	25.828
642.88	25.589
643.21	25.568
643.55	25.506
643.88	25.272
644.21	25.421
644.54	25.649
644.88	25.522
645.21	25.451
645.54	25.354
645.87	25.288
646.21	25.367
646.54	25.569
646.87	25.611
647.20	25.636
647.54	25.616
647.87	25.502
648.20	25.300
648.53	25.477
648.87	25.321
649.20	25.349
649.53	25.334
649.86	25.467
650.19	25.363
650.53	25.311
650.86	25.343
651.19	25.541
651.52	25.584
651.85	25.749
652.18	25.696
652.52	25.830
652.85	25.831
653.18	25.767
653.51	25.577
653.84	25.478
654.17	25.547
654.51	25.469
654.84	25.381
655.17	25.466
655.50	25.476
655.83	25.414
656.16	25.263
656.49	25.337
656.82	25.236
657.15	25.204
657.49	25.323
657.82	25.138
658.15	25.175
658.48	25.070
658.81	24.914
659.14	24.826
659.47	24.854
659.80	24.763
660.13	24.681
660.46	24.797
660.79	24.660
661.12	24.544
661.45	24.498
661.78	24.291
662.11	24.448
662.44	24.455
662.77	24.293
663.10	24.179
663.43	24.376
663.76	24.140
664.09	24.014
664.42	24.215
664.75	24.010
665.08	23.978
665.41	24.029
665.74	23.859
666.07	23.743
666.40	23.800
666.73	23.610
667.06	23.453
667.39	23.752
667.72	23.902
668.05	23.826
668.38	24.047
668.71	24.084
669.04	24.057
669.37	23.929
669.70	24.011
670.03	23.967
670.36	23.992
670.69	23.928
671.01	23.788
671.34	23.556
671.67	23.641
672.00	23.342
672.33	23.264
672.66	23.328
672.99	23.357
673.32	23.230
673.64	23.066
673.97	23.025
674.30	22.867
674.63	22.652
674.96	22.697
675.29	22.526
675.62	22.549
675.94	22.603
676.27	22.347
676.60	22.135
676.93	22.188
677.26	21.950
677.58	21.768
677.91	21.744
678.24	21.571
678.57	21.395
678.90	21.454
679.22	21.377
679.55	21.131
679.88	21.179
680.21	21.110
680.54	20.936
680.86	20.834
681.19	20.792
681.52	20.932
681.85	20.799
682.17	20.630
682.50	20.395
682.83	20.370
683.16	20.327
683.48	20.060
683.81	20.009
684.14	19.713
684.46	19.808
684.79	19.704
685.12	19.450
685.45	19.410
685.77	19.446
686.10	19.154
686.43	18.690
686.75	18.386
687.08	18.421
687.41	18.195
687.73	18.114
688.06	18.076
688.39	18.211
688.71	17.905
689.04	17.865
689.36	17.691
689.69	17.669
690.02	17.926
690.34	17.984
690.67	17.997
691.00	17.855
691.32	17.952
691.65	17.946
691.97	17.675
692.30	17.488
692.63	17.150
692.95	16.926
693.28	16.946
693.60	16.348
693.93	16.217
694.26	15.497
694.58	15.116
694.91	14.782
695.23	14.252
695.56	13.938
695.88	13.746
696.21	13.527
696.53	13.054
696.86	12.512
697.18	12.512
697.51	12.299
697.83	12.326
698.16	12.431
698.48	12.310
698.81	12.252
699.13	12.031
699.46	11.946
699.78	12.059
700.11	12.305
700.43	12.437
700.76	12.544
701.08	12.382
701.41	12.399
701.73	12.175
702.06	11.832
702.38	11.554
702.71	11.219
703.03	11.207
703.35	11.154
703.68	10.315
704.00	10.000
704.33	9.551
704.65	9.406
704.98	8.899
705.30	8.422
705.62	8.337
705.95	7.945
706.27	8.172
706.60	7.639
706.92	7.485
707.24	7.802
707.57	7.644
707.89	7.383
708.21	7.114
708.54	7.007
708.86	7.253
709.18	6.925
709.51	7.096
709.83	6.777
710.15	6.495
710.48	5.681
710.80	5.077
711.12	4.681
711.45	4.598
711.77	4.669
712.09	4.360
712.42	3.662
712.74	3.374
713.06	2.907
713.38	2.392
713.71	2.068
714.03	2.066
714.35	1.695
714.68	1.656
715.00	1.038
715.32	0.490
715.64	0.155
715.97	0.247
716.29	-0.005
716.61	-0.077
716.93	-0.141
717.25	-0.142
717.58	-0.511
717.90	-0.424
718.22	-0.859
718.54	-1.164
718.87	-1.116
719.19	-1.032
719.51	-1.165
719.83	-1.376
720.15	-2.465
720.47	-3.093
720.80	-3.432
721.12	-4.026
721.44	-4.041
721.76	-4.244
722.08	-4.501
722.40	-5.019
722.73	-5.254
723.05	-5.942
723.37	-6.060
723.69	-5.045
724.01	-4.837
724.33	-5.004
724.65	-4.526
724.97	-4.449
725.30	-5.389
725.62	-5.727
725.94	-6.220
726.26	-6.881
726.58	-6.671
726.90	-7.722
727.22	-8.830
727.54	-8.951
727.86	-8.982
728.18	-9.807
728.50	-10.698
728.82	-11.058
729.14	-10.853
729.46	-11.124
729.78	-10.232
730.10	-10.808
730.42	-10.667
730.74	-10.656
731.07	-11.976
731.39	-12.424
731.71	-11.691
732.03	-11.696
732.35	-11.268
732.66	-11.926
732.98	-12.591
733.30	-14.180
733.62	-14.411
733.94	-14.964
734.26	-15.486
734.58	-14.492
734.90	-14.524
735.22	-15.191
735.54	-15.722
735.86	-15.707
736.18	-16.501
736.50	-16.152
736.82	-15.894
737.14	-15.727
737.46	-15.283
737.78	-15.684
738.10	-15.922
738.41	-16.472
738.73	-17.023
739.05	-17.323
739.37	-17.385
739.69	-16.780
740.01	-16.855
740.33	-16.996
740.65	-18.061
740.96	-18.644
741.28	-18.840
741.60	-19.744
741.92	-20.136
742.24	-20.182
742.56	-20.862
742.88	-21.529
743.19	-21.827
743.51	-21.727
743.83	-21.409
744.15	-21.454
744.47	-21.072
744.78	-20.355
745.10	-20.508
745.42	-21.400
745.74	-21.968
746.06	-21.088
746.37	-21.738
746.69	-20.840
747.01	-22.174
747.33	-21.936
747.64	-20.817
747.96	-20.869
748.28	-21.633
748.60	-21.655
748.91	-21.771
749.23	-21.835
749.55	-22.737
749.87	-22.681
750.18	-23.065
750.50	-22.838
750.82	-23.808
751.13	-25.252
751.45	-25.394
751.77	-25.626
752.08	-24.734
752.40	-22.574
752.72	-22.565
753.03	-22.621
753.35	-22.555
753.67	-24.513
753.98	-24.015
754.30	-24.515
754.62	-23.846
754.93	-23.400
755.25	-22.573
755.57	-24.263
755.88	-24.816
756.20	-25.227
756.51	-24.630
756.83	-24.836
757.15	-23.892
757.46	-23.479
757.78	-23.220
758.09	-23.726
758.41	-24.040
758.73	-25.107
759.04	-23.967
759.36	-24.029
759.67	-23.028
759.99	-23.917
760.30	-23.714
760.62	-24.259
760.94	-25.653
761.25	-26.670
761.57	-26.545
761.88	-26.684
762.20	-26.991
762.51	-28.548
762.83	-29.190
763.14	-30.493
763.46	-30.768
763.77	-30.309
764.09	-29.938
764.40	-29.629
764.72	-28.870
765.03	-29.112
765.35	-29.634
765.66	-29.708
765.98	-28.828
766.29	-28.492
766.61	-27.647
766.92	-26.513
767.23	-27.461
767.55	-28.117
767.86	-28.323
768.18	-28.456
768.49	-28.025
768.81	-27.381
769.12	-25.715
769.43	-25.940
769.75	-26.526
770.06	-26.994
770.38	-26.814
770.69	-27.165
771.00	-26.901
771.32	-27.308
771.63	-27.827
771.94	-29.537
772.26	-29.139
772.57	-31.057
772.89	-32.349
773.20	-32.962
773.51	-33.006
773.83	-34.318
774.14	-32.727
774.45	-32.629
774.77	-30.899
775.08	-30.802
775.39	-30.327
775.70	-31.377
776.02	-30.999
776.33	-30.877
776.64	-31.106
776.96	-31.948
777.27	-33.263
777.58	-34.111
777.89	-32.274
778.21	-34.490
778.52	-34.780
778.83	-32.893
779.14	-32.338
779.46	-32.835
779.77	-32.987
780.08	-34.055
780.39	-33.099
780.71	-32.556
781.02	-32.504
781.33	-33.915
781.64	-32.494
781.95	-30.736
782.27	-31.865
782.58	-33.175
782.89	-31.556
783.20	-30.165
783.51	-30.159
783.83	-30.625
784.14	-28.940
784.45	-29.193
784.76	-28.163
785.07	-30.064
785.38	-31.310
785.70	-31.529
786.01	-30.370
786.32	-30.159
786.63	-29.300
786.94	-28.417
787.25	-30.208
787.56	-32.331
787.87	-33.256
788.18	-34.639
788.50	-33.569
788.81	-35.308
789.12	-36.193
789.43	-37.639
789.74	-38.738
790.05	-39.243
790.36	-40.231
790.67	-39.457
790.98	-38.838
791.29	-37.640
791.60	-36.167
791.91	-37.215
792.22	-36.022
792.53	-33.924
792.84	-33.408
793.15	-33.655
793.46	-33.975
793.77	-32.234
794.08	-33.128
794.39	-31.209
794.70	-35.225
795.01	-35.624
795.32	-36.343
795.63	-38.247
795.94	-38.232
796.25	-38.209
796.56	-39.035
796.87	-41.026
797.18	-40.913
797.49	-38.656
797.80	-40.691
798.11	-36.300
798.42	-37.903
798.73	-36.356
799.04	-35.969
799.35	-34.291
799.65	-32.479
799.96	-30.360
800.27	-26.589
800.58	-25.336
800.89	-25.234
801.20	-24.593
801.51	-24.601
801.82	-22.656
802.13	-23.177
802.43	-21.249
802.74	-24.786
803.05	-27.014
803.36	-27.547
803.67	-31.330
803.98	-32.026
804.28	-34.779
804.59	-34.783
804.90	-37.629
805.21	-40.925
805.52	-37.538
805.83	-37.747
806.13	-34.783
806.44	-33.210
806.75	-34.603
807.06	-36.252
807.36	-37.010
807.67	-35.301
807.98	-37.930
808.29	-35.970
808.60	-32.939
808.90	-35.761
809.21	-35.363
809.52	-39.017
809.83	-40.761
810.13	-40.849
810.44	-37.653
810.75	-40.162
811.05	-40.976
811.36	-39.306
811.67	-36.226
811.98	-39.126
812.28	-40.029
812.59	-41.842
812.90	-45.562
813.20	-49.546
813.51	-47.632
813.82	-48.749
814.12	-45.869
814.43	-45.144
814.74	-43.331
815.04	-44.143
815.35	-44.161
815.65	-43.603
815.96	-41.519
816.27	-37.833
816.57	-33.431
816.88	-34.640
817.19	-34.753
817.49	-36.015
817.80	-33.648
818.10	-32.127
818.41	-33.958
818.72	-34.097
819.02	-33.844
819.33	-35.612
819.63	-36.028
819.94	-36.185
820.24	-39.359
820.55	-35.410
820.85	-34.200
821.16	-35.295
821.47	-36.177
821.77	-35.537
822.08	-33.918
822.38	-34.324
822.69	-33.775
822.99	-33.583
823.30	-34.172
823.60	-33.577
823.91	-34.515
824.21	-34.200
824.52	-34.574
824.82	-34.407
825.13	-34.820
825.43	-36.127
825.73	-36.265
826.04	-36.406
826.34	-37.080
826.65	-37.077
826.95	-38.255
827.26	-37.584
827.56	-40.692
827.87	-39.604
828.17	-40.228
828.47	-41.068
828.78	-41.996
829.08	-41.146
829.39	-42.235
829.69	-41.893
829.99	-40.734
830.30	-38.974
830.60	-39.950
830.90	-36.554
831.21	-34.894
831.51	-32.969
831.82	-32.420
832.12	-31.971
832.42	-35.327
832.73	-36.820
833.03	-37.877
833.33	-39.589
833.64	-42.078
833.94	-40.239
834.24	-39.462
834.54	-41.130
834.85	-44.003
835.15	-44.148
835.45	-42.275
835.76	-39.944
836.06	-41.175
836.36	-39.750
836.66	-39.492
836.97	-42.555
837.27	-48.473
837.57	-49.381
837.87	-53.683
838.18	-51.115
838.48	-48.495
838.78	-58.905
839.08	-60.495
839.39	-53.515
839.69	-56.812
839.99	-54.698
840.29	-45.726
840.59	-39.273
840.90	-41.020
841.20	-37.170
841.50	-35.729
841.80	-40.107
842.10	-36.088
842.41	-37.980
842.71	-40.403
843.01	-40.640
843.31	-42.482
843.61	-38.494
843.91	-44.810
844.21	-49.091
844.52	-56.057
844.82	-59.479
845.12	-60.000
845.42	-62.558
845.72	-67.565
846.02	-76.971
846.32	-76.892
846.62	-66.323
846.92	-70.617
847.22	-62.390
847.52	-53.656
847.83	-48.507
848.13	-47.323
848.43	-50.685
848.73	-42.513
849.03	-32.683
849.33	-34.579
849.63	-27.877
849.93	-36.382
850.23	-43.801
850.53	-52.555
850.83	-65.591
851.13	-73.993
851.43	-83.395
851.73	-80.579
852.03	-89.870
852.33	-92.360
852.63	-88.446
852.93	-88.348
853.23	-83.995
853.53	-85.038
853.83	-68.100
854.13	-65.304
854.43	-65.045
854.73	-56.786
855.03	-57.599
855.32	-52.396
855.62	-47.531
855.92	-48.057
856.22	-54.711
856.52	-65.947
856.82	-53.391
857.12	-68.491
857.42	-60.227
857.72	-56.554
858.02	-58.322
858.31	-64.883
858.61	-73.609
858.91	-98.137
859.21	-102.447
859.51	-104.308
859.81	-77.044
860.11	-86.850
860.40	-92.815
860.70	-98.389
861.00	-98.056
861.30	-94.293
861.60	-91.188
861.90	-86.945
862.19	-84.058
862.49	-71.224
862.79	-72.409
863.09	-98.910
863.39	-96.361
863.68	-87.982
863.98	-79.867
864.28	-55.258
864.58	-62.977
864.87	-58.403
865.17	-42.700
865.47	-33.134
865.77	-44.164
866.06	-43.942
866.36	-35.552
866.66	-33.473
866.96	-27.816
867.25	-32.386
867.55	-44.344
867.85	-38.356
868.14	-46.800
868.44	-61.991
868.74	-75.697
869.03	-75.276
869.33	-74.589
869.63	-79.111
869.92	-94.384
870.22	-100.615
870.52	-86.993
870.81	-85.474
871.11	-78.677
871.41	-70.972
871.70	-75.378
872.00	-72.876
872.30	-68.910
872.59	-57.947
872.89	-51.351
873.18	-36.364
873.48	-27.234
873.78	-35.258
874.07	-36.631
874.37	-53.263
874.66	-60.990
874.96	-53.806
875.25	-50.791
875.55	-60.848
875.85	-68.111
876.14	-65.997
876.44	-75.731
876.73	-83.618
877.03	-82.222
877.32	-80.128
877.62	-67.633
877.91	-72.657
878.21	-75.897
878.50	-64.610
878.80	-47.453
879.09	-47.920
879.39	-41.809
879.68	-46.631
879.98	-57.697
880.27	-60.292
880.57	-53.141
880.86	-49.916
881.16	-42.747
881.45	-42.093
881.74	-47.429
882.04	-47.835
882.33	-47.339
882.63	-49.018
882.92	-48.987
883.22	-47.372
883.51	-45.847
883.80	-48.446
884.10	-49.552
884.39	-47.206
884.69	-44.964
884.98	-45.690
885.27	-47.386
885.57	-47.089
885.86	-47.435
886.15	-46.769
886.45	-47.571
886.74	-44.735
887.03	-44.274
887.33	-47.809
887.62	-55.844
887.91	-121.818
888.21	27.103
888.50	-91.045
888.79	-96.825
889.09	-14.286
