190.56	-225.000
190.94	-225.000
191.32	-225.000
191.70	344.444
192.08	100.000
192.46	78.571
192.84	172.549
193.22	285.000
193.60	1209.091
193.98	286.364
194.36	-123.077
194.74	25.490
195.13	43.284
195.51	69.340
195.89	73.529
196.27	103.356
196.65	152.846
197.03	128.037
197.40	122.308
197.78	132.075
198.16	51.701
198.54	112.658
198.92	-209.091
199.30	50.000
199.68	95.745
200.06	535.714
200.44	542.857
200.82	-403.571
201.20	-194.915
201.58	-300.000
201.96	-784.375
202.34	-542.105
202.72	-429.167
203.10	-161.702
203.48	-97.222
203.86	-106.417
204.24	-68.545
204.62	-93.956
205.00	-226.613
205.38	-297.674
205.76	-248.810
206.13	-132.768
206.51	-339.560
206.89	-147.904
207.27	-124.324
207.65	-183.333
208.03	-277.477
208.41	-400.000
208.79	-183.803
209.17	-78.182
209.55	-105.909
209.93	-76.894
210.30	-87.000
210.68	-54.217
211.06	-49.265
211.44	-112.195
211.82	-137.107
212.20	-141.081
212.58	-70.037
212.96	-86.307
213.33	-111.508
213.71	-60.494
214.09	-85.714
214.47	-72.492
214.85	-63.912
215.23	-58.311
215.61	-45.626
215.98	-26.834
216.36	-24.597
216.74	-39.333
217.12	-26.136
217.50	-10.826
217.88	-15.744
218.25	-27.574
218.63	-9.180
219.01	-16.306
219.39	-46.050
219.77	-51.887
220.14	-70.204
220.52	-44.074
220.90	-29.403
221.28	-41.005
221.66	-52.560
222.03	-56.736
222.41	-21.531
222.79	-20.418
223.17	-6.294
223.55	3.981
223.92	12.177
224.30	9.796
224.68	-3.207
225.06	-5.451
225.43	1.633
225.81	1.367
226.19	-0.256
226.57	-3.800
226.95	-4.161
227.32	-3.069
227.70	-3.205
228.08	-2.124
228.46	0.457
228.83	3.304
229.21	5.320
229.59	4.975
229.96	5.765
230.34	6.924
230.72	6.716
231.10	6.456
231.47	5.356
231.85	5.583
232.23	3.915
232.60	2.028
232.98	-0.300
233.36	-4.637
233.74	-7.470
234.11	-9.221
234.49	-9.819
234.87	-8.636
235.24	-9.288
235.62	-8.768
236.00	-6.906
236.37	-6.547
236.75	-4.858
237.13	-4.811
237.50	-3.711
237.88	-1.896
238.26	-1.869
238.63	-2.410
239.01	-2.913
239.39	-0.817
239.76	0.991
240.14	1.271
240.52	1.909
240.89	1.505
241.27	1.712
241.65	2.032
242.02	2.470
242.40	2.913
242.77	3.181
243.15	2.809
243.53	2.220
243.90	2.430
244.28	2.066
244.66	1.903
245.03	1.886
245.41	2.018
245.78	1.531
246.16	1.054
246.54	1.262
246.91	0.998
247.29	0.751
247.66	0.553
248.04	-0.250
248.41	-0.138
248.79	0.100
249.17	0.251
249.54	0.252
249.92	0.758
250.29	1.041
250.67	0.693
251.04	0.815
251.42	1.184
251.80	1.004
252.17	1.166
252.55	1.072
252.92	0.859
253.30	0.388
253.67	-0.142
254.05	-0.511
254.42	0.112
254.80	0.067
255.17	0.020
255.55	-0.675
255.92	-0.459
256.30	-0.197
256.67	0.044
257.05	-0.305
257.42	0.114
257.80	0.109
258.17	0.012
258.55	-0.449
258.92	-0.471
259.30	-0.346
259.67	-0.088
260.05	-0.219
260.42	0.093
260.80	-0.148
261.17	0.063
261.55	0.335
261.92	0.368
262.30	0.183
262.67	0.173
263.05	-0.114
263.42	-0.048
263.79	0.331
264.17	0.756
264.54	0.328
264.92	0.019
265.29	-0.031
265.67	-0.595
266.04	-0.479
266.42	-0.196
266.79	0.280
267.16	0.891
267.54	0.701
267.91	0.990
268.29	0.973
268.66	1.021
269.03	1.442
269.41	1.505
269.78	1.699
270.16	1.601
270.53	1.732
270.90	1.234
271.28	0.919
271.65	0.867
272.03	0.435
272.40	0.562
272.77	0.699
273.15	0.905
273.52	1.048
273.89	0.967
274.27	0.897
274.64	0.712
275.01	0.823
275.39	0.851
275.76	0.755
276.14	0.752
276.51	0.829
276.88	0.743
277.26	0.376
277.63	0.300
278.00	0.431
278.38	0.738
278.75	1.217
279.12	1.455
279.49	1.277
279.87	1.308
280.24	1.375
280.61	0.957
280.99	0.891
281.36	0.984
281.73	0.910
282.11	0.956
282.48	0.786
282.85	0.757
283.22	0.669
283.60	0.937
283.97	0.990
284.34	1.081
284.71	1.266
285.09	1.253
285.46	1.315
285.83	1.314
286.21	1.401
286.58	1.348
286.95	1.274
287.32	1.408
287.70	1.458
288.07	1.559
288.44	1.375
288.81	1.200
289.18	1.235
289.56	1.527
289.93	1.525
290.30	1.353
290.67	1.588
291.05	1.394
291.42	1.085
291.79	1.214
292.16	1.339
292.53	1.425
292.91	1.585
293.28	1.617
293.65	1.431
294.02	1.556
294.39	1.563
294.76	1.462
295.14	1.543
295.51	1.692
295.88	1.582
296.25	1.444
296.62	1.440
297.00	1.530
297.37	1.647
297.74	1.658
298.11	1.549
298.48	1.671
298.85	1.683
299.22	1.724
299.60	1.758
299.97	1.927
300.34	1.878
300.71	1.997
301.08	1.881
301.45	1.775
301.82	1.651
302.19	1.663
302.56	1.529
302.94	1.798
303.31	1.554
303.68	1.605
304.05	1.186
304.42	1.119
304.79	1.134
305.16	1.212
305.53	1.278
305.90	1.217
306.27	1.106
306.64	0.965
307.02	0.630
307.39	0.980
307.76	0.944
308.13	1.025
308.50	1.145
308.87	1.163
309.24	1.348
309.61	1.248
309.98	1.372
310.35	1.538
310.72	1.606
311.09	1.663
311.46	1.622
311.83	1.555
312.20	1.405
312.57	1.454
312.94	1.583
313.31	1.343
313.68	1.440
314.05	1.387
314.42	1.310
314.79	1.271
315.16	1.167
315.53	1.085
315.90	1.168
316.27	1.183
316.64	1.354
317.01	0.977
317.38	0.719
317.75	0.640
318.12	0.488
318.49	0.269
318.86	0.275
319.23	0.232
319.60	0.016
319.97	-0.116
320.34	-0.083
320.71	-0.135
321.08	-0.227
321.45	0.186
321.82	0.103
322.19	0.144
322.55	0.343
322.92	0.378
323.29	0.318
323.66	0.657
324.03	0.624
324.40	0.438
324.77	0.368
325.14	0.734
325.51	0.696
325.88	1.033
326.25	1.198
326.61	1.290
326.98	1.166
327.35	1.266
327.72	1.026
328.09	1.119
328.46	1.311
328.83	1.321
329.20	0.966
329.56	0.972
329.93	0.718
330.30	0.474
330.67	0.438
331.04	0.590
331.41	0.717
331.78	1.002
332.14	0.972
332.51	1.086
332.88	0.813
333.25	0.979
333.62	0.916
333.99	0.983
334.35	1.385
334.72	1.230
335.09	1.360
335.46	1.419
335.83	1.259
336.19	1.074
336.56	1.019
336.93	1.159
337.30	0.935
337.67	0.874
338.03	0.666
338.40	0.224
338.77	0.368
339.14	0.106
339.50	0.016
339.87	-0.046
340.24	0.111
340.61	0.073
340.97	0.078
341.34	0.165
341.71	0.289
342.08	0.380
342.44	0.407
342.81	0.388
343.18	0.503
343.55	0.462
343.91	0.385
344.28	0.268
344.65	0.384
345.02	0.487
345.38	0.683
345.75	0.726
346.12	0.704
346.48	0.698
346.85	0.521
347.22	0.595
347.59	0.610
347.95	0.583
348.32	0.557
348.69	0.522
349.05	0.446
349.42	0.354
349.79	0.265
350.15	0.195
350.52	0.242
350.89	0.474
351.25	0.303
351.62	0.149
351.99	0.081
352.35	0.245
352.72	0.271
353.09	0.200
353.45	0.039
353.82	0.021
354.18	0.087
354.55	0.053
354.92	-0.134
355.28	-0.082
355.65	-0.072
356.02	-0.002
356.38	-0.042
356.75	-0.130
357.11	-0.108
357.48	-0.023
357.85	-0.170
358.21	-0.325
358.58	-0.478
358.94	-0.490
359.31	-0.625
359.67	-0.611
360.04	-0.606
360.41	-0.531
360.77	-0.437
361.14	-0.499
361.50	-0.427
361.87	-0.315
362.23	-0.200
362.60	0.000
362.97	0.029
363.33	0.146
363.70	0.137
364.06	0.317
364.43	0.283
364.79	0.094
365.16	0.095
365.52	-0.085
365.89	-0.047
366.25	-0.027
366.62	-0.177
366.98	-0.134
367.35	-0.174
367.71	-0.222
368.08	-0.435
368.44	-0.562
368.81	-0.586
369.17	-0.495
369.54	-0.475
369.90	-0.714
370.27	-0.898
370.63	-0.879
371.00	-0.940
371.36	-0.937
371.73	-0.759
372.09	-0.763
372.45	-0.674
372.82	-0.585
373.18	-0.776
373.55	-0.834
373.91	-0.597
374.28	-0.572
374.64	-0.482
375.01	-0.361
375.37	-0.392
375.73	-0.351
376.10	-0.335
376.46	-0.260
376.83	-0.216
377.19	0.104
377.55	0.220
377.92	0.222
378.28	0.287
378.65	0.240
379.01	0.228
379.37	0.379
379.74	0.398
380.10	0.422
380.47	0.358
380.83	0.361
381.19	0.199
381.56	0.239
381.92	0.253
382.28	0.366
382.65	0.402
383.01	0.463
383.37	0.397
383.74	0.326
384.10	0.266
384.46	0.286
384.83	0.402
385.19	0.363
385.55	0.479
385.92	0.416
386.28	0.374
386.64	0.427
387.01	0.505
387.37	0.466
387.73	0.486
388.10	0.640
388.46	0.729
388.82	0.633
389.18	0.709
389.55	0.662
389.91	0.726
390.27	0.787
390.64	0.899
391.00	0.854
391.36	0.898
391.72	0.961
392.09	1.028
392.45	0.953
392.81	0.974
393.17	1.029
393.54	0.964
393.90	0.852
394.26	0.865
394.62	0.752
394.99	0.718
395.35	0.735
395.71	0.753
396.07	0.789
396.43	0.838
396.80	0.954
397.16	1.029
397.52	1.130
397.88	1.271
398.24	1.302
398.61	1.305
398.97	1.362
399.33	1.398
399.69	1.423
400.05	1.326
400.42	1.338
400.78	1.299
401.14	1.268
401.50	1.244
401.86	1.365
402.22	1.413
402.59	1.520
402.95	1.518
403.31	1.456
403.67	1.339
404.03	1.395
404.39	1.430
404.75	1.523
405.12	1.451
405.48	1.448
405.84	1.357
406.20	1.320
406.56	1.336
406.92	1.419
407.28	1.612
407.64	1.774
408.00	1.765
408.36	1.842
408.73	1.885
409.09	2.008
409.45	1.969
409.81	2.133
410.17	2.167
410.53	2.206
410.89	2.269
411.25	2.152
411.61	2.103
411.97	2.107
412.33	2.067
412.69	1.907
413.05	1.861
413.41	1.960
413.77	1.955
414.13	1.943
414.50	1.892
414.86	1.768
415.22	1.740
415.58	1.855
415.94	1.921
416.30	1.931
416.66	2.019
417.02	1.977
417.38	2.012
417.74	1.982
418.10	1.964
418.46	1.965
418.82	1.981
419.18	2.069
419.54	2.023
419.90	2.073
420.26	2.130
420.61	2.044
420.97	2.073
421.33	2.134
421.69	2.112
422.05	2.116
422.41	2.212
422.77	2.265
423.13	2.272
423.49	2.292
423.85	2.271
424.21	2.253
424.57	2.426
424.93	2.535
425.29	2.507
425.65	2.633
426.01	2.722
426.36	2.728
426.72	2.671
427.08	2.683
427.44	2.749
427.80	2.856
428.16	2.869
428.52	2.815
428.88	2.797
429.24	2.779
429.59	2.645
429.95	2.615
430.31	2.599
430.67	2.707
431.03	2.714
431.39	2.717
431.75	2.552
432.10	2.526
432.46	2.594
432.82	2.621
433.18	2.655
433.54	2.688
433.90	2.703
434.25	2.655
434.61	2.583
434.97	2.572
435.33	2.499
435.69	2.527
436.04	2.654
436.40	2.511
436.76	2.445
437.12	2.434
437.48	2.428
437.83	2.486
438.19	2.519
438.55	2.522
438.91	2.579
439.27	2.630
439.62	2.610
439.98	2.561
440.34	2.627
440.70	2.655
441.05	2.649
441.41	2.671
441.77	2.655
442.13	2.521
442.48	2.622
442.84	2.558
443.20	2.556
443.56	2.618
443.91	2.577
444.27	2.541
444.63	2.516
444.98	2.559
445.34	2.640
445.70	2.617
446.05	2.762
446.41	2.751
446.77	2.744
447.13	2.764
447.48	2.789
447.84	2.830
448.20	2.882
448.55	2.893
448.91	2.863
449.27	2.750
449.62	2.688
449.98	2.616
450.34	2.582
450.69	2.662
451.05	2.656
451.40	2.649
451.76	2.615
452.12	2.603
452.47	2.635
452.83	2.627
453.19	2.736
453.54	2.832
453.90	2.903
454.25	2.923
454.61	2.972
454.97	3.000
455.32	2.907
455.68	2.949
456.03	2.985
456.39	2.931
456.75	3.005
457.10	2.945
457.46	2.948
457.81	2.934
458.17	2.882
458.52	2.827
458.88	2.800
459.24	2.862
459.59	2.849
459.95	2.813
460.30	2.850
460.66	2.834
461.01	2.784
461.37	2.698
461.72	2.726
462.08	2.710
462.43	2.668
462.79	2.657
463.14	2.665
463.50	2.631
463.85	2.650
464.21	2.582
464.56	2.544
464.92	2.566
465.27	2.656
465.63	2.652
465.98	2.727
466.34	2.780
466.69	2.806
467.05	2.741
467.40	2.769
467.76	2.773
468.11	2.778
468.47	2.828
468.82	2.877
469.18	2.796
469.53	2.751
469.88	2.710
470.24	2.648
470.59	2.630
470.95	2.658
471.30	2.633
471.66	2.679
472.01	2.643
472.36	2.563
472.72	2.641
473.07	2.700
473.43	2.663
473.78	2.673
474.13	2.719
474.49	2.729
474.84	2.792
475.19	2.892
475.55	2.858
475.90	2.845
476.26	2.895
476.61	2.804
476.96	2.754
477.32	2.731
477.67	2.730
478.02	2.643
478.38	2.562
478.73	2.553
479.08	2.512
479.44	2.488
479.79	2.584
480.14	2.560
480.50	2.520
480.85	2.637
481.20	2.706
481.56	2.713
481.91	2.732
482.26	2.754
482.62	2.726
482.97	2.743
483.32	2.780
483.67	2.775
484.03	2.800
484.38	2.822
484.73	2.792
485.08	2.759
485.44	2.762
485.79	2.778
486.14	2.798
486.49	2.829
486.85	2.838
487.20	2.818
487.55	2.822
487.90	2.793
488.26	2.794
488.61	2.793
488.96	2.829
489.31	2.825
489.67	2.800
490.02	2.774
490.37	2.743
490.72	2.672
491.07	2.690
491.43	2.710
491.78	2.758
492.13	2.789
492.48	2.777
492.83	2.754
493.19	2.749
493.54	2.791
493.89	2.823
494.24	2.804
494.59	2.848
494.94	2.813
495.29	2.779
495.65	2.782
496.00	2.797
496.35	2.809
496.70	2.841
497.05	2.885
497.40	2.898
497.75	2.923
498.11	2.983
498.46	2.989
498.81	2.954
499.16	2.957
499.51	2.872
499.86	2.779
500.21	2.757
500.56	2.733
500.91	2.696
501.26	2.714
501.62	2.702
501.97	2.651
502.32	2.692
502.67	2.678
503.02	2.690
503.37	2.704
503.72	2.730
504.07	2.815
504.42	2.813
504.77	2.830
505.12	2.818
505.47	2.815
505.82	2.853
506.17	2.786
506.52	2.822
506.87	2.784
507.22	2.774
507.57	2.756
507.92	2.696
508.27	2.729
508.62	2.751
508.97	2.737
509.32	2.723
509.67	2.696
510.02	2.727
510.37	2.788
510.72	2.800
511.07	2.831
511.42	2.903
511.77	2.951
512.12	2.962
512.47	2.966
512.82	2.959
513.17	2.963
513.52	3.002
513.87	3.005
514.22	2.914
514.57	2.926
514.91	2.916
515.26	2.849
515.61	2.809
515.96	2.771
516.31	2.782
516.66	2.759
517.01	2.785
517.36	2.798
517.71	2.816
518.06	2.876
518.41	2.854
518.75	2.832
519.10	2.838
519.45	2.847
519.80	2.855
520.15	2.817
520.50	2.938
520.85	2.887
521.19	2.838
521.54	2.809
521.89	2.772
522.24	2.805
522.59	2.821
522.94	2.793
523.28	2.780
523.63	2.826
523.98	2.851
524.33	2.755
524.68	2.810
525.03	2.819
525.37	2.819
525.72	2.810
526.07	2.849
526.42	2.868
526.76	2.847
527.11	2.850
527.46	2.815
527.81	2.809
528.16	2.830
528.50	2.810
528.85	2.856
529.20	2.902
529.55	2.934
529.89	2.939
530.24	2.957
530.59	3.043
530.94	3.057
531.28	3.091
531.63	3.100
531.98	3.097
532.32	3.079
532.67	3.055
533.02	3.031
533.37	3.016
533.71	2.999
534.06	3.002
534.41	3.001
534.75	3.011
535.10	3.033
535.45	3.012
535.79	3.005
536.14	3.070
536.49	3.044
536.83	3.044
537.18	3.030
537.53	3.004
537.87	2.980
538.22	2.944
538.57	2.966
538.91	2.960
539.26	2.990
539.61	3.020
539.95	3.010
540.30	3.015
540.64	2.991
540.99	3.034
541.34	3.025
541.68	3.046
542.03	3.074
542.37	3.072
542.72	3.069
543.07	3.081
543.41	3.097
543.76	3.066
544.10	3.125
544.45	3.145
544.80	3.153
545.14	3.194
545.49	3.243
545.83	3.197
546.18	3.213
546.52	3.209
546.87	3.211
547.21	3.193
547.56	3.255
547.90	3.247
548.25	3.340
548.59	3.311
548.94	3.382
549.29	3.304
549.63	3.341
549.98	3.281
550.32	3.303
550.67	3.299
551.01	3.329
551.35	3.266
551.70	3.223
552.04	3.172
552.39	3.275
552.73	3.206
553.08	3.222
553.42	3.212
553.77	3.279
554.11	3.259
554.46	3.302
554.80	3.292
555.15	3.312
555.49	3.363
555.83	3.464
556.18	3.389
556.52	3.422
556.87	3.431
557.21	3.451
557.56	3.452
557.90	3.492
558.24	3.516
558.59	3.523
558.93	3.559
559.28	3.627
559.62	3.541
559.96	3.515
560.31	3.476
560.65	3.479
560.99	3.554
561.34	3.638
561.68	3.664
562.02	3.645
562.37	3.631
562.71	3.653
563.06	3.639
563.40	3.548
563.74	3.645
564.09	3.654
564.43	3.653
564.77	3.549
565.11	3.455
565.46	3.494
565.80	3.551
566.14	3.552
566.49	3.575
566.83	3.538
567.17	3.635
567.52	3.622
567.86	3.733
568.20	3.692
568.54	3.812
568.89	3.814
569.23	3.758
569.57	3.736
569.91	3.751
570.26	3.703
570.60	3.748
570.94	3.707
571.28	3.699
571.63	3.688
571.97	3.752
572.31	3.714
572.65	3.700
573.00	3.694
573.34	3.668
573.68	3.652
574.02	3.656
574.36	3.579
574.71	3.648
575.05	3.596
575.39	3.538
575.73	3.481
576.07	3.519
576.42	3.567
576.76	3.690
577.10	3.706
577.44	3.689
577.78	3.791
578.12	3.857
578.46	3.848
578.81	3.905
579.15	3.999
579.49	4.096
579.83	4.158
580.17	4.155
580.51	4.074
580.85	4.123
581.20	4.159
581.54	3.987
581.88	3.971
582.22	4.002
582.56	3.947
582.90	3.904
583.24	3.942
583.58	3.856
583.92	3.968
584.26	4.048
584.60	3.942
584.95	3.977
585.29	4.113
585.63	4.177
585.97	4.148
586.31	4.279
586.65	4.214
586.99	4.241
587.33	4.180
587.67	4.150
588.01	4.061
588.35	4.099
588.69	4.105
589.03	4.095
589.37	4.059
589.71	4.037
590.05	4.052
590.39	4.130
590.73	4.116
591.07	4.180
591.41	4.127
591.75	4.210
592.09	4.226
592.43	4.227
592.77	4.275
593.11	4.224
593.45	4.082
593.79	4.045
594.13	4.018
594.47	4.045
594.81	4.117
595.14	4.111
595.48	4.063
595.82	4.125
596.16	4.176
596.50	4.156
596.84	4.256
597.18	4.451
597.52	4.451
597.86	4.368
598.20	4.259
598.54	4.189
598.87	4.210
599.21	4.228
599.55	4.169
599.89	4.224
600.23	4.258
600.57	4.268
600.91	4.214
601.25	4.194
601.58	4.203
601.92	4.262
602.26	4.273
602.60	4.245
602.94	4.227
603.28	4.287
603.61	4.216
603.95	4.246
604.29	4.245
604.63	4.216
604.97	4.169
605.30	4.230
605.64	4.300
605.98	4.277
606.32	4.356
606.66	4.335
606.99	4.277
607.33	4.254
607.67	4.234
608.01	4.127
608.34	4.190
608.68	4.331
609.02	4.384
609.36	4.405
609.69	4.487
610.03	4.420
610.37	4.453
610.71	4.596
611.04	4.625
611.38	4.570
611.72	4.537
612.06	4.507
612.39	4.339
612.73	4.242
613.07	4.133
613.40	4.049
613.74	4.123
614.08	4.154
614.41	4.073
614.75	4.211
615.09	4.291
615.42	4.402
615.76	4.450
616.10	4.523
616.43	4.668
616.77	4.603
617.11	4.568
617.44	4.509
617.78	4.454
618.12	4.262
618.45	4.121
618.79	3.998
619.13	3.955
619.46	3.927
619.80	3.894
620.13	3.834
620.47	3.922
620.81	4.026
621.14	4.081
621.48	4.245
621.81	4.376
622.15	4.323
622.48	4.490
622.82	4.708
623.16	4.755
623.49	4.890
623.83	4.886
624.16	4.904
624.50	4.812
624.83	4.753
625.17	4.553
625.50	4.651
625.84	4.655
626.18	4.616
626.51	4.400
626.85	4.377
627.18	4.423
627.52	4.330
627.85	4.308
628.19	4.358
628.52	4.475
628.86	4.527
629.19	4.470
629.53	4.500
629.86	4.471
630.19	4.530
630.53	4.413
630.86	4.239
631.20	4.263
631.53	4.207
631.87	4.068
632.20	3.879
632.54	3.833
632.87	3.824
633.20	3.800
633.54	3.774
633.87	3.752
634.21	3.924
634.54	3.878
634.88	3.901
635.21	3.925
635.54	4.169
635.88	4.239
636.21	4.190
636.55	4.222
636.88	4.178
637.21	4.152
637.55	4.156
637.88	4.114
638.21	4.317
638.55	4.365
638.88	4.471
639.21	4.375
639.55	4.523
639.88	4.710
640.21	4.729
640.55	4.800
640.88	4.791
641.21	4.960
641.55	4.938
641.88	4.783
642.21	4.772
642.55	4.625
642.88	4.539
643.21	4.256
643.55	4.341
643.88	4.302
644.21	4.566
644.54	4.739
644.88	4.634
645.21	4.521
645.54	4.570
645.87	4.442
646.21	4.546
646.54	4.718
646.87	4.821
647.20	4.685
647.54	4.594
647.87	4.290
648.20	4.186
648.53	4.096
648.87	4.198
649.20	4.067
649.53	4.323
649.86	4.241
650.19	4.220
650.53	4.236
650.86	4.142
651.19	4.180
651.52	4.288
651.85	4.326
652.18	4.521
652.52	4.416
652.85	4.441
653.18	4.283
653.51	4.204
653.84	4.000
654.17	3.875
654.51	3.938
654.84	3.906
655.17	3.745
655.50	3.627
655.83	3.333
656.16	3.409
656.49	3.777
656.82	3.631
657.15	3.774
657.49	3.946
657.82	3.917
658.15	4.110
658.48	4.012
658.81	4.164
659.14	4.220
659.47	4.248
659.80	4.280
660.13	4.050
660.46	4.056
660.79	4.030
661.12	3.959
661.45	3.990
661.78	3.683
662.11	3.646
662.44	3.448
662.77	3.331
663.10	3.417
663.43	3.265
663.76	3.091
664.09	3.045
664.42	3.010
664.75	2.928
665.08	2.928
665.41	2.937
665.74	3.055
666.07	3.277
666.40	3.482
666.73	3.297
667.06	3.391
667.39	3.603
667.72	3.670
668.05	3.459
668.38	3.349
668.71	3.548
669.04	3.558
669.37	3.347
669.70	2.938
670.03	2.778
670.36	2.544
670.69	2.361
671.01	2.185
671.34	2.101
671.67	2.270
672.00	2.157
672.33	1.904
672.66	1.586
672.99	1.699
673.32	1.801
673.64	1.604
673.97	1.895
674.30	1.751
674.63	1.680
674.96	1.349
675.29	1.187
675.62	1.349
675.94	1.287
676.27	1.400
676.60	1.142
676.93	1.116
677.26	1.138
677.58	0.790
677.91	0.655
678.24	0.426
678.57	0.539
678.90	0.320
679.22	0.154
679.55	-0.236
679.88	-0.223
680.21	-0.325
680.54	-0.221
680.86	-0.273
681.19	-0.131
681.52	-0.247
681.85	-0.161
682.17	-0.233
682.50	-0.253
682.83	-0.698
683.16	-0.644
683.48	-0.790
683.81	-0.722
684.14	-1.219
684.46	-1.664
684.79	-1.791
685.12	-1.748
685.45	-1.726
685.77	-1.930
686.10	-1.864
686.43	-1.571
686.75	-1.612
687.08	-2.027
687.41	-2.357
687.73	-2.449
688.06	-2.770
688.39	-3.181
688.71	-3.465
689.04	-3.801
689.36	-4.185
689.69	-4.997
690.02	-5.267
690.34	-5.489
690.67	-5.566
691.00	-5.852
691.32	-5.948
691.65	-5.559
691.97	-5.761
692.30	-5.841
692.63	-6.279
692.95	-5.896
693.28	-5.456
693.60	-5.574
693.93	-5.644
694.26	-5.727
694.58	-5.572
694.91	-5.544
695.23	-6.089
695.56	-5.995
695.88	-5.946
696.21	-6.211
696.53	-6.779
696.86	-7.526
697.18	-7.684
697.51	-7.939
697.83	-8.327
698.16	-8.787
698.48	-9.032
698.81	-9.363
699.13	-9.565
699.46	-9.836
699.78	-9.962
700.11	-10.147
700.43	-9.910
700.76	-10.150
701.08	-10.597
701.41	-10.583
701.73	-10.748
702.06	-11.182
702.38	-11.054
702.71	-11.822
703.03	-12.226
703.35	-12.509
703.68	-12.796
704.00	-13.310
704.33	-13.723
704.65	-13.745
704.98	-13.986
705.30	-14.107
705.62	-14.445
705.95	-14.937
706.27	-14.858
706.60	-15.089
706.92	-15.264
707.24	-15.161
707.57	-15.194
707.89	-15.333
708.21	-15.197
708.54	-15.598
708.86	-15.923
709.18	-16.093
709.51	-16.839
709.83	-16.752
710.15	-17.443
710.48	-17.700
710.80	-18.109
711.12	-18.680
711.45	-19.127
711.77	-19.584
712.09	-20.195
712.42	-20.416
712.74	-20.456
713.06	-20.104
713.38	-20.541
713.71	-20.473
714.03	-20.959
714.35	-20.898
714.68	-21.265
715.00	-21.764
715.32	-22.066
715.64	-22.064
715.97	-22.023
716.29	-22.504
716.61	-22.476
716.93	-22.698
717.25	-23.361
717.58	-23.273
717.90	-23.486
718.22	-23.356
718.54	-22.978
718.87	-23.445
719.19	-23.406
719.51	-24.631
719.83	-24.829
720.15	-24.708
720.47	-25.587
720.80	-25.074
721.12	-26.064
721.44	-26.971
721.76	-26.987
722.08	-27.637
722.40	-28.319
722.73	-28.658
723.05	-28.534
723.37	-28.092
723.69	-30.748
724.01	-30.080
724.33	-31.058
724.65	-30.755
724.97	-30.364
725.30	-30.725
725.62	-31.292
725.94	-30.558
726.26	-30.623
726.58	-30.525
726.90	-31.577
727.22	-30.742
727.54	-30.704
727.86	-30.925
728.18	-31.204
728.50	-31.551
728.82	-31.839
729.14	-31.386
729.46	-32.306
729.78	-32.211
730.10	-32.249
730.42	-32.561
730.74	-31.680
731.07	-32.633
731.39	-32.265
731.71	-32.545
732.03	-32.694
732.35	-33.188
732.66	-33.926
732.98	-34.110
733.30	-35.839
733.62	-36.733
733.94	-37.034
734.26	-37.592
734.58	-38.127
734.90	-38.615
735.22	-39.368
735.54	-39.663
735.86	-40.862
736.18	-40.653
736.50	-40.276
736.82	-38.973
737.14	-38.738
737.46	-39.008
737.78	-39.756
738.10	-39.674
738.41	-39.462
738.73	-39.429
739.05	-39.846
739.37	-38.563
739.69	-40.238
740.01	-41.878
740.33	-42.083
740.65	-41.405
740.96	-41.603
741.28	-41.611
741.60	-41.622
741.92	-43.073
742.24	-42.835
742.56	-44.198
742.88	-44.410
743.19	-43.510
743.51	-41.445
743.83	-41.815
744.15	-43.718
744.47	-44.564
744.78	-44.301
745.10	-45.374
745.42	-45.267
745.74	-44.740
746.06	-44.891
746.37	-45.334
746.69	-44.181
747.01	-44.711
747.33	-44.264
747.64	-43.402
747.96	-42.113
748.28	-42.031
748.60	-40.817
748.91	-40.307
749.23	-41.614
749.55	-39.896
749.87	-40.508
750.18	-40.675
750.50	-40.820
750.82	-40.818
751.13	-41.174
751.45	-42.002
751.77	-41.842
752.08	-42.568
752.40	-42.690
752.72	-42.246
753.03	-43.683
753.35	-44.387
753.67	-44.908
753.98	-44.933
754.30	-44.918
754.62	-45.599
754.93	-44.363
755.25	-46.550
755.57	-47.326
755.88	-47.434
756.20	-46.486
756.51	-45.759
756.83	-45.225
757.15	-47.715
757.46	-48.961
757.78	-49.299
758.09	-47.997
758.41	-48.479
758.73	-46.950
759.04	-46.602
759.36	-45.324
759.67	-45.860
759.99	-47.684
760.30	-48.089
760.62	-47.669
760.94	-48.724
761.25	-48.884
761.57	-50.206
761.88	-50.922
762.20	-50.411
762.51	-50.535
762.83	-52.667
763.14	-53.220
763.46	-52.256
763.77	-51.775
764.09	-51.379
764.40	-50.924
764.72	-50.895
765.03	-51.414
765.35	-51.125
765.66	-52.925
765.98	-52.480
766.29	-51.657
766.61	-52.176
766.92	-51.829
767.23	-51.962
767.55	-50.357
767.86	-49.129
768.18	-48.594
768.49	-47.947
768.81	-50.082
769.12	-48.152
769.43	-48.125
769.75	-47.198
770.06	-46.213
770.38	-45.667
770.69	-48.193
771.00	-50.770
771.32	-48.835
771.63	-49.689
771.94	-50.083
772.26	-47.774
772.57	-47.797
772.89	-47.304
773.20	-50.549
773.51	-51.539
773.83	-51.824
774.14	-48.939
774.45	-47.963
774.77	-49.044
775.08	-48.872
775.39	-48.674
775.70	-46.133
776.02	-47.032
776.33	-46.087
776.64	-44.705
776.96	-45.968
777.27	-47.121
777.58	-47.405
777.89	-47.140
778.21	-48.805
778.52	-48.662
778.83	-50.534
779.14	-54.351
779.46	-56.014
779.77	-57.518
780.08	-57.207
780.39	-53.019
780.71	-53.644
781.02	-52.056
781.33	-54.649
781.64	-55.632
781.95	-60.532
782.27	-56.303
782.58	-55.758
782.89	-53.491
783.20	-54.741
783.51	-54.369
783.83	-57.669
784.14	-56.562
784.45	-59.799
784.76	-56.604
785.07	-54.828
785.38	-51.011
785.70	-49.442
786.01	-50.818
786.32	-51.513
786.63	-50.059
786.94	-48.249
787.25	-45.778
787.56	-47.645
787.87	-46.503
788.18	-45.972
788.50	-44.798
788.81	-42.089
789.12	-42.289
789.43	-39.843
789.74	-39.929
790.05	-40.551
790.36	-39.450
790.67	-41.028
790.98	-38.323
791.29	-38.625
791.60	-37.593
791.91	-40.993
792.22	-44.260
792.53	-47.110
792.84	-48.645
793.15	-49.862
793.46	-49.720
793.77	-50.203
794.08	-48.623
794.39	-49.749
794.70	-50.799
795.01	-54.573
795.32	-51.682
795.63	-49.093
795.94	-48.236
796.25	-48.255
796.56	-47.149
796.87	-45.696
797.18	-44.462
797.49	-44.105
797.80	-45.779
798.11	-44.126
798.42	-42.413
798.73	-42.366
799.04	-45.751
799.35	-50.698
799.65	-50.787
799.96	-52.308
800.27	-58.551
800.58	-59.305
800.89	-55.623
801.20	-56.309
801.51	-54.457
801.82	-52.124
802.13	-54.669
802.43	-55.721
802.74	-48.950
803.05	-51.236
803.36	-49.028
803.67	-46.214
803.98	-49.867
804.28	-55.795
804.59	-50.449
804.90	-54.418
805.21	-57.881
805.52	-57.572
805.83	-55.827
806.13	-56.227
806.44	-53.627
806.75	-51.040
807.06	-52.329
807.36	-50.360
807.67	-47.430
807.98	-53.438
808.29	-54.180
808.60	-50.458
808.90	-50.663
809.21	-50.745
809.52	-48.710
809.83	-51.340
810.13	-56.924
810.44	-56.628
810.75	-58.226
811.05	-64.908
811.36	-61.542
811.67	-57.331
811.98	-67.404
812.28	-61.502
812.59	-61.191
812.90	-67.885
813.20	-63.254
813.51	-56.530
813.82	-55.201
814.12	-54.747
814.43	-50.046
814.74	-50.834
815.04	-48.108
815.35	-44.803
815.65	-47.557
815.96	-49.300
816.27	-49.738
816.57	-55.454
816.88	-61.271
817.19	-58.665
817.49	-63.260
817.80	-68.096
818.10	-65.025
818.41	-67.406
818.72	-65.527
819.02	-68.129
819.33	-63.878
819.63	-59.864
819.94	-55.145
820.24	-53.917
820.55	-53.543
820.85	-49.367
821.16	-46.275
821.47	-45.518
821.77	-45.339
822.08	-45.281
822.38	-44.676
822.69	-45.287
822.99	-45.138
823.30	-44.364
823.60	-43.470
823.91	-43.487
824.21	-44.244
824.52	-44.584
824.82	-45.150
825.13	-47.126
825.43	-47.541
825.73	-47.339
826.04	-45.648
826.34	-45.403
826.65	-47.925
826.95	-50.784
827.26	-50.269
827.56	-50.641
827.87	-51.379
828.17	-52.464
828.47	-49.380
828.78	-48.917
829.08	-50.813
829.39	-52.103
829.69	-54.038
829.99	-56.771
830.30	-56.643
830.60	-61.280
830.90	-62.244
831.21	-60.866
831.51	-60.666
831.82	-60.035
832.12	-63.067
832.42	-58.016
832.73	-65.372
833.03	-64.343
833.33	-64.908
833.64	-62.573
833.94	-59.256
834.24	-58.752
834.54	-59.011
834.85	-56.708
835.15	-54.931
835.45	-56.069
835.76	-59.743
836.06	-57.305
836.36	-55.977
836.66	-46.290
836.97	-47.201
837.27	-48.621
837.57	-46.269
837.87	-51.158
838.18	-57.406
838.48	-71.163
838.78	-72.821
839.08	-70.948
839.39	-66.419
839.69	-69.970
839.99	-83.909
840.29	-81.367
840.59	-87.195
840.90	-79.869
841.20	-67.549
841.50	-69.474
841.80	-52.202
842.10	-50.394
842.41	-49.137
842.71	-48.966
843.01	-51.312
843.31	-54.836
843.61	-51.796
843.91	-45.647
844.21	-47.677
844.52	-51.512
844.82	-45.951
845.12	-64.543
845.42	-65.717
845.72	-67.230
846.02	-71.030
846.32	-53.728
846.62	-46.732
846.92	-50.168
847.22	-42.516
847.52	-46.522
847.83	-49.942
848.13	-46.163
848.43	-41.170
848.73	-40.861
849.03	-43.590
849.33	-36.813
849.63	-49.105
849.93	-48.035
850.23	-62.176
850.53	-63.526
850.83	-74.962
851.13	-49.481
851.43	-46.379
851.73	-46.183
852.03	-36.905
852.33	-33.055
852.63	-40.000
852.93	-34.582
853.23	-40.770
853.53	-28.784
853.83	-34.887
854.13	-25.256
854.43	-51.818
854.73	-87.928
855.03	-120.361
855.32	-142.571
855.62	-175.421
855.92	-173.885
856.22	-252.610
856.52	-204.483
856.82	-221.033
857.12	-298.095
857.42	-303.349
857.72	-147.778
858.02	-91.268
858.31	-80.392
858.61	-63.070
858.91	-45.219
859.21	-35.060
859.51	-35.497
859.81	-35.059
860.11	-32.540
860.40	-30.149
860.70	-33.245
861.00	-45.412
861.30	-43.799
861.60	-43.594
861.90	-58.687
862.19	-82.495
862.49	-105.189
862.79	-88.076
863.09	-73.643
863.39	-67.867
863.68	-69.670
863.98	-70.833
864.28	-65.693
864.58	-70.510
864.87	-48.161
865.17	-38.409
865.47	-33.282
865.77	-37.500
866.06	-34.522
866.36	-29.945
866.66	-32.614
866.96	-42.081
867.25	-48.184
867.55	-58.682
867.85	-74.184
868.14	-101.864
868.44	-101.171
868.74	-118.713
869.03	-115.105
869.33	-145.934
869.63	-237.742
869.92	-265.035
870.22	-242.955
870.52	-192.537
870.81	-151.233
871.11	-103.738
871.41	-116.031
871.70	-149.687
872.00	-108.929
872.30	-72.768
872.59	-52.692
872.89	-41.558
873.18	-33.692
873.48	-23.688
873.78	-26.348
874.07	-36.198
874.37	-66.286
874.66	-59.075
874.96	-51.299
875.25	-67.232
875.55	-80.871
875.85	-108.454
876.14	-125.926
876.44	-123.691
876.73	-124.725
877.03	-120.896
877.32	-142.236
877.62	-74.217
877.91	-50.000
878.21	-50.000
878.50	-40.760
878.80	-38.514
879.09	-41.421
879.39	-58.509
879.68	-68.966
879.98	-86.179
880.27	-61.201
880.57	-59.065
880.86	-65.217
881.16	-60.000
881.45	-61.883
881.74	-62.262
882.04	-65.660
882.33	-58.360
882.63	-50.934
882.92	-51.361
883.22	-50.225
883.51	-55.058
883.80	-56.120
884.10	-57.348
884.39	-58.269
884.69	-57.468
884.98	-61.130
885.27	-62.521
885.57	-61.533
885.86	-70.981
886.15	-69.513
886.45	-67.236
886.74	-61.993
887.03	-51.196
887.33	-55.267
887.62	-55.756
887.91	-47.059
888.21	-14.130
888.50	-34.000
888.79	-193.023
889.09	3.797
