190.56	156.250
190.94	156.250
191.32	156.250
191.70	444.444
192.08	142.857
192.46	247.959
192.84	400.000
193.22	527.500
193.60	1218.182
193.98	322.727
194.36	19.231
194.74	73.203
195.13	92.040
195.51	97.642
195.89	58.235
196.27	67.785
196.65	99.187
197.03	79.439
197.40	76.154
197.78	22.642
198.16	-21.088
198.54	-97.468
198.92	312.121
199.30	241.489
199.68	534.043
200.06	1225.000
200.44	1260.714
200.82	-1392.857
201.20	-671.186
201.58	-673.016
201.96	-1506.250
202.34	-1176.316
202.72	-1127.083
203.10	-368.085
203.48	-256.111
203.86	-245.455
204.24	-179.343
204.62	-217.033
205.00	-381.452
205.38	-548.837
205.76	-567.857
206.13	-214.124
206.51	-530.769
206.89	-228.743
207.27	-150.000
207.65	-191.358
208.03	-261.261
208.41	-382.051
208.79	-134.507
209.17	-21.364
209.55	-6.364
209.93	17.424
210.30	5.500
210.68	9.639
211.06	7.721
211.44	-63.415
211.82	-106.289
212.20	-143.784
212.58	-71.536
212.96	-110.373
213.33	-139.286
213.71	-104.321
214.09	-139.194
214.47	-139.806
214.85	-88.154
215.23	-54.617
215.61	-25.532
215.98	-8.805
216.36	9.476
216.74	-4.222
217.12	-3.598
217.50	2.569
217.88	1.211
218.25	1.471
218.63	22.951
219.01	7.321
219.39	-11.946
219.77	-29.057
220.14	-49.592
220.52	-44.259
220.90	-35.220
221.28	-37.925
221.66	-44.369
222.03	-50.854
222.41	-38.278
222.79	-45.659
223.17	-25.175
223.55	-21.311
223.92	-18.966
224.30	-16.295
224.68	-26.822
225.06	-25.290
225.43	-18.274
225.81	-18.273
226.19	-17.978
226.57	-13.518
226.95	-10.945
227.32	-10.648
227.70	-10.456
228.08	-7.826
228.46	-5.760
228.83	-1.386
229.21	1.015
229.59	0.128
229.96	1.243
230.34	1.558
230.72	1.050
231.10	0.454
231.47	-0.806
231.85	-0.919
232.23	-0.627
232.60	-2.950
232.98	-5.342
233.36	-9.331
233.74	-9.554
234.11	-9.192
234.49	-9.120
234.87	-8.466
235.24	-8.120
235.62	-6.697
236.00	-4.483
236.37	-5.295
236.75	-1.164
237.13	-0.907
237.50	-0.418
237.88	0.744
238.26	-0.166
238.63	-0.230
239.01	0.221
239.39	0.776
239.76	2.611
240.14	1.786
240.52	2.288
240.89	0.403
241.27	0.036
241.65	0.353
242.02	0.319
242.40	0.968
242.77	1.439
243.15	0.977
243.53	1.247
243.90	0.689
244.28	1.175
244.66	1.460
245.03	1.618
245.41	2.476
245.78	2.440
246.16	2.189
246.54	2.088
246.91	1.464
247.29	1.572
247.66	0.786
248.04	0.125
248.41	-0.246
248.79	-0.404
249.17	-0.331
249.54	-0.769
249.92	-0.993
250.29	-0.456
250.67	-0.827
251.04	-0.194
251.42	-0.522
251.80	-0.295
252.17	0.315
252.55	0.575
252.92	0.018
253.30	0.388
253.67	-0.027
254.05	-0.009
254.42	-0.242
254.80	-0.318
255.17	-1.097
255.55	-1.251
255.92	-1.035
256.30	-0.253
256.67	-0.710
257.05	-0.536
257.42	-0.797
257.80	-0.388
258.17	-0.300
258.55	0.086
258.92	0.097
259.30	0.446
259.67	0.714
260.05	0.729
260.42	0.894
260.80	1.042
261.17	1.020
261.55	1.186
261.92	1.359
262.30	1.516
262.67	1.065
263.05	1.011
263.42	0.733
263.79	1.281
264.17	1.399
264.54	1.097
264.92	0.816
265.29	1.269
265.67	1.419
266.04	1.152
266.42	0.915
266.79	1.097
267.16	1.358
267.54	1.408
267.91	1.115
268.29	1.030
268.66	1.154
269.03	1.167
269.41	1.244
269.78	1.090
270.16	1.018
270.53	1.436
270.90	1.147
271.28	1.097
271.65	1.002
272.03	0.928
272.40	0.937
272.77	0.828
273.15	0.867
273.52	0.819
273.89	0.823
274.27	0.848
274.64	0.563
275.01	0.572
275.39	0.310
275.76	0.524
276.14	0.214
276.51	0.586
276.88	0.560
277.26	0.438
277.63	0.361
278.00	0.577
278.38	0.612
278.75	0.673
279.12	0.839
279.49	1.325
279.87	1.377
280.24	1.600
280.61	1.275
280.99	1.189
281.36	1.550
281.73	1.408
282.11	1.481
282.48	1.444
282.85	1.567
283.22	1.614
283.60	1.423
283.97	1.306
284.34	1.387
284.71	1.623
285.09	1.597
285.46	1.454
285.83	1.764
286.21	1.783
286.58	1.791
286.95	1.785
287.32	1.821
287.70	2.021
288.07	2.282
288.44	2.157
288.81	1.880
289.18	1.950
289.56	2.261
289.93	2.017
290.30	1.772
290.67	1.646
291.05	1.513
291.42	1.356
291.79	1.532
292.16	1.405
292.53	1.324
292.91	1.501
293.28	1.447
293.65	1.311
294.02	1.485
294.39	1.674
294.76	1.852
295.14	1.983
295.51	2.026
295.88	1.880
296.25	1.906
296.62	1.871
297.00	1.936
297.37	1.995
297.74	1.996
298.11	1.999
298.48	1.858
298.85	1.881
299.22	1.935
299.60	2.077
299.97	2.018
300.34	2.114
300.71	2.191
301.08	1.953
301.45	1.907
301.82	1.932
302.19	1.873
302.56	2.153
302.94	2.059
303.31	1.832
303.68	1.764
304.05	1.675
304.42	1.394
304.79	1.418
305.16	1.704
305.53	1.943
305.90	1.992
306.27	2.036
306.64	1.828
307.02	1.955
307.39	2.151
307.76	2.174
308.13	2.192
308.50	2.271
308.87	2.499
309.24	2.175
309.61	2.114
309.98	2.126
310.35	2.005
310.72	2.062
311.09	2.050
311.46	2.062
311.83	2.230
312.20	2.299
312.57	2.209
312.94	2.277
313.31	2.539
313.68	2.461
314.05	2.345
314.42	2.602
314.79	2.458
315.16	2.336
315.53	2.219
315.90	2.023
316.27	1.950
316.64	2.235
317.01	2.066
317.38	2.129
317.75	2.152
318.12	2.130
318.49	1.972
318.86	2.142
319.23	2.376
319.60	2.524
319.97	2.502
320.34	2.686
320.71	2.846
321.08	3.085
321.45	3.241
321.82	3.768
322.19	4.102
322.55	4.383
322.92	4.573
323.29	4.685
323.66	5.011
324.03	5.309
324.40	5.496
324.77	5.757
325.14	6.234
325.51	6.634
325.88	6.925
326.25	7.511
326.61	7.822
326.98	8.386
327.35	9.029
327.72	9.510
328.09	10.373
328.46	10.925
328.83	11.686
329.20	12.161
329.56	12.676
329.93	13.055
330.30	13.512
330.67	14.259
331.04	15.008
331.41	15.389
331.78	15.932
332.14	16.268
332.51	16.989
332.88	17.388
333.25	17.819
333.62	18.405
333.99	19.094
334.35	19.540
334.72	19.913
335.09	20.366
335.46	20.897
335.83	21.399
336.19	21.702
336.56	21.957
336.93	22.229
337.30	22.557
337.67	22.660
338.03	22.597
338.40	22.597
338.77	22.889
339.14	22.921
339.50	23.087
339.87	23.114
340.24	23.571
340.61	23.825
340.97	23.973
341.34	24.024
341.71	24.371
342.08	24.900
342.44	25.340
342.81	25.666
343.18	25.855
343.55	26.070
343.91	26.361
344.28	26.396
344.65	26.514
345.02	26.668
345.38	26.922
345.75	27.024
346.12	27.019
346.48	27.000
346.85	26.686
347.22	26.679
347.59	26.739
347.95	26.889
348.32	26.756
348.69	26.737
349.05	26.786
349.42	26.878
349.79	27.033
350.15	27.106
350.52	27.118
350.89	27.546
351.25	27.813
351.62	28.009
351.99	28.017
352.35	28.251
352.72	28.351
353.09	28.380
353.45	28.369
353.82	28.495
354.18	28.512
354.55	28.593
354.92	28.571
355.28	28.382
355.65	28.404
356.02	28.391
356.38	28.489
356.75	28.518
357.11	28.681
357.48	28.750
357.85	28.625
358.21	28.535
358.58	28.503
358.94	28.516
359.31	28.534
359.67	28.483
360.04	28.476
360.41	28.559
360.77	28.682
361.14	28.590
361.50	28.706
361.87	28.774
362.23	29.041
362.60	29.241
362.97	29.372
363.33	29.558
363.70	29.738
364.06	29.878
364.43	29.935
364.79	30.017
365.16	30.166
365.52	30.000
365.89	30.351
366.25	30.416
366.62	30.378
366.98	30.522
367.35	30.526
367.71	30.682
368.08	30.612
368.44	30.615
368.81	30.693
369.17	30.925
369.54	31.341
369.90	31.116
370.27	31.058
370.63	31.154
371.00	31.052
371.36	31.120
371.73	31.193
372.09	31.566
372.45	31.812
372.82	31.899
373.18	31.858
373.55	31.828
373.91	31.971
374.28	32.060
374.64	32.170
375.01	32.453
375.37	32.574
375.73	32.615
376.10	32.671
376.46	32.724
376.83	32.744
377.19	32.893
377.55	33.025
377.92	33.303
378.28	33.503
378.65	33.752
379.01	33.722
379.37	33.980
379.74	34.128
380.10	34.201
380.47	34.298
380.83	34.419
381.19	34.469
381.56	34.683
381.92	34.764
382.28	34.823
382.65	35.017
383.01	35.418
383.37	35.526
383.74	35.808
384.10	36.130
384.46	36.449
384.83	36.799
385.19	36.944
385.55	37.106
385.92	37.176
386.28	37.413
386.64	37.445
387.01	37.518
387.37	37.762
387.73	37.785
388.10	37.942
388.46	38.049
388.82	38.031
389.18	38.272
389.55	38.297
389.91	38.622
390.27	38.829
390.64	39.129
391.00	39.230
391.36	39.258
391.72	39.519
392.09	39.658
392.45	39.625
392.81	39.869
393.17	40.016
393.54	40.228
393.90	40.328
394.26	40.536
394.62	40.575
394.99	40.728
395.35	40.976
395.71	41.014
396.07	41.254
396.43	41.513
396.80	41.766
397.16	42.101
397.52	42.419
397.88	42.640
398.24	42.734
398.61	42.928
398.97	43.266
399.33	43.470
399.69	43.767
400.05	43.755
400.42	44.159
400.78	44.221
401.14	44.439
401.50	44.502
401.86	44.663
402.22	44.886
402.59	45.183
402.95	45.209
403.31	45.401
403.67	45.429
404.03	45.711
404.39	45.694
404.75	45.972
405.12	46.010
405.48	46.200
405.84	46.315
406.20	46.521
406.56	46.433
406.92	46.611
407.28	46.684
407.64	47.052
408.00	47.281
408.36	47.608
408.73	47.855
409.09	48.098
409.45	48.238
409.81	48.384
410.17	48.390
410.53	48.672
410.89	48.872
411.25	48.956
411.61	48.965
411.97	48.938
412.33	48.763
412.69	48.750
413.05	48.643
413.41	48.751
413.77	48.886
414.13	48.946
414.50	49.033
414.86	49.147
415.22	49.434
415.58	49.586
415.94	49.783
416.30	50.175
416.66	50.213
417.02	50.363
417.38	50.543
417.74	50.634
418.10	50.860
418.46	50.975
418.82	51.044
419.18	51.028
419.54	51.206
419.90	51.249
420.26	51.298
420.61	51.415
420.97	51.564
421.33	51.603
421.69	51.629
422.05	51.663
422.41	51.809
422.77	51.979
423.13	52.157
423.49	52.258
423.85	52.419
424.21	52.570
424.57	52.749
424.93	52.907
425.29	53.148
425.65	53.371
426.01	53.587
426.36	53.756
426.72	53.722
427.08	53.721
427.44	53.822
427.80	53.941
428.16	54.089
428.52	54.160
428.88	54.113
429.24	54.120
429.59	54.225
429.95	54.304
430.31	54.435
430.67	54.720
431.03	54.940
431.39	55.001
431.75	55.099
432.10	55.130
432.46	55.359
432.82	55.667
433.18	55.774
433.54	55.998
433.90	55.960
434.25	56.023
434.61	56.134
434.97	56.330
435.33	56.485
435.69	56.471
436.04	56.565
436.40	56.673
436.76	56.848
437.12	57.021
437.48	56.931
437.83	57.239
438.19	57.431
438.55	57.476
438.91	57.516
439.27	57.638
439.62	57.954
439.98	58.184
440.34	58.323
440.70	58.439
441.05	58.507
441.41	58.749
441.77	58.846
442.13	58.842
442.48	59.022
442.84	59.210
443.20	59.270
443.56	59.362
443.91	59.396
444.27	59.338
444.63	59.386
444.98	59.458
445.34	59.576
445.70	59.752
446.05	60.009
446.41	60.109
446.77	60.179
447.13	60.336
447.48	60.452
447.84	60.535
448.20	60.723
448.55	60.855
448.91	61.026
449.27	60.895
449.62	60.868
449.98	60.751
450.34	60.817
450.69	60.941
451.05	61.012
451.40	61.068
451.76	61.136
452.12	61.185
452.47	61.239
452.83	61.336
453.19	61.639
453.54	61.687
453.90	61.786
454.25	61.890
454.61	62.029
454.97	62.172
455.32	62.166
455.68	62.290
456.03	62.277
456.39	62.285
456.75	62.202
457.10	62.241
457.46	62.316
457.81	62.583
458.17	62.598
458.52	62.586
458.88	62.503
459.24	62.581
459.59	62.633
459.95	62.774
460.30	62.911
460.66	63.028
461.01	63.036
461.37	63.050
461.72	62.926
462.08	62.981
462.43	63.057
462.79	63.236
463.14	63.358
463.50	63.316
463.85	63.312
464.21	63.307
464.56	63.273
464.92	63.385
465.27	63.592
465.63	63.761
465.98	63.774
466.34	63.785
466.69	63.819
467.05	63.798
467.40	63.871
467.76	63.975
468.11	63.958
468.47	64.039
468.82	64.079
469.18	63.965
469.53	63.814
469.88	63.802
470.24	63.796
470.59	63.707
470.95	63.829
471.30	63.830
471.66	63.874
472.01	64.056
472.36	64.051
472.72	64.162
473.07	64.227
473.43	64.287
473.78	64.281
474.13	64.230
474.49	64.393
474.84	64.482
475.19	64.413
475.55	64.414
475.90	64.349
476.26	64.563
476.61	64.491
476.96	64.524
477.32	64.709
477.67	64.775
478.02	64.921
478.38	64.853
478.73	64.846
479.08	64.969
479.44	65.058
479.79	65.093
480.14	65.085
480.50	65.039
480.85	65.230
481.20	65.248
481.56	65.330
481.91	65.393
482.26	65.526
482.62	65.559
482.97	65.649
483.32	65.664
483.67	65.660
484.03	65.664
484.38	65.727
484.73	65.774
485.08	65.711
485.44	65.804
485.79	65.781
486.14	65.773
486.49	65.799
486.85	65.830
487.20	65.875
487.55	65.883
487.90	65.934
488.26	66.020
488.61	65.958
488.96	66.098
489.31	66.029
489.67	66.115
490.02	66.172
490.37	66.210
490.72	66.239
491.07	66.349
491.43	66.568
491.78	66.609
492.13	66.616
492.48	66.717
492.83	66.852
493.19	67.011
493.54	67.087
493.89	67.242
494.24	67.302
494.59	67.412
494.94	67.392
495.29	67.324
495.65	67.389
496.00	67.474
496.35	67.488
496.70	67.385
497.05	67.399
497.40	67.555
497.75	67.629
498.11	67.666
498.46	67.749
498.81	67.805
499.16	67.837
499.51	67.866
499.86	67.852
500.21	67.911
500.56	68.022
500.91	68.096
501.26	68.079
501.62	68.093
501.97	68.288
502.32	68.300
502.67	68.372
503.02	68.477
503.37	68.545
503.72	68.638
504.07	68.749
504.42	68.878
504.77	68.894
505.12	68.988
505.47	68.931
505.82	68.947
506.17	69.110
506.52	69.259
506.87	69.314
507.22	69.358
507.57	69.433
507.92	69.370
508.27	69.277
508.62	69.437
508.97	69.514
509.32	69.593
509.67	69.654
510.02	69.637
510.37	69.622
510.72	69.803
511.07	69.858
511.42	69.922
511.77	70.117
512.12	70.370
512.47	70.282
512.82	70.274
513.17	70.317
513.52	70.450
513.87	70.424
514.22	70.476
514.57	70.448
514.91	70.530
515.26	70.605
515.61	70.625
515.96	70.634
516.31	70.804
516.66	70.791
517.01	70.961
517.36	70.979
517.71	71.153
518.06	71.217
518.41	71.242
518.75	71.353
519.10	71.296
519.45	71.294
519.80	71.272
520.15	71.235
520.50	71.399
520.85	71.392
521.19	71.395
521.54	71.330
521.89	71.364
522.24	71.410
522.59	71.452
522.94	71.561
523.28	71.601
523.63	71.620
523.98	71.701
524.33	71.653
524.68	71.652
525.03	71.724
525.37	71.708
525.72	71.686
526.07	71.746
526.42	71.704
526.76	71.714
527.11	71.851
527.46	72.037
527.81	72.140
528.16	72.192
528.50	72.194
528.85	72.223
529.20	72.243
529.55	72.256
529.89	72.344
530.24	72.428
530.59	72.558
530.94	72.535
531.28	72.563
531.63	72.462
531.98	72.419
532.32	72.526
532.67	72.484
533.02	72.551
533.37	72.584
533.71	72.568
534.06	72.668
534.41	72.797
534.75	72.873
535.10	72.898
535.45	73.033
535.79	73.212
536.14	73.228
536.49	73.216
536.83	73.356
537.18	73.489
537.53	73.440
537.87	73.425
538.22	73.411
538.57	73.409
538.91	73.356
539.26	73.462
539.61	73.384
539.95	73.512
540.30	73.596
540.64	73.628
540.99	73.679
541.34	73.761
541.68	73.795
542.03	73.790
542.37	73.853
542.72	73.875
543.07	73.887
543.41	74.026
543.76	73.880
544.10	73.995
544.45	74.067
544.80	74.049
545.14	74.019
545.49	73.963
545.83	73.943
546.18	73.836
546.52	73.894
546.87	73.748
547.21	73.717
547.56	73.886
547.90	73.920
548.25	73.853
548.59	73.804
548.94	74.045
549.29	74.144
549.63	74.128
549.98	74.182
550.32	74.119
550.67	74.335
551.01	74.496
551.35	74.606
551.70	74.699
552.04	74.793
552.39	74.897
552.73	74.735
553.08	74.753
553.42	74.786
553.77	74.902
554.11	74.931
554.46	75.019
554.80	75.038
555.15	75.127
555.49	75.203
555.83	75.131
556.18	75.250
556.52	75.201
556.87	75.185
557.21	75.214
557.56	75.249
557.90	75.387
558.24	75.443
558.59	75.413
558.93	75.396
559.28	75.345
559.62	75.579
559.96	75.571
560.31	75.668
560.65	75.715
560.99	75.711
561.34	75.794
561.68	75.800
562.02	75.721
562.37	75.738
562.71	75.860
563.06	76.013
563.40	75.973
563.74	76.085
564.09	76.071
564.43	76.052
564.77	76.145
565.11	76.174
565.46	76.087
565.80	76.178
566.14	76.307
566.49	76.258
566.83	76.013
567.17	75.849
567.52	75.818
567.86	75.987
568.20	76.115
568.54	75.996
568.89	75.993
569.23	76.067
569.57	76.120
569.91	76.144
570.26	76.102
570.60	76.285
570.94	76.431
571.28	76.343
571.63	76.392
571.97	76.468
572.31	76.775
572.65	76.735
573.00	76.780
573.34	76.751
573.68	76.575
574.02	76.493
574.36	76.633
574.71	76.630
575.05	76.770
575.39	76.802
575.73	76.742
576.07	76.651
576.42	76.825
576.76	77.060
577.10	77.024
577.44	77.208
577.78	77.342
578.12	77.283
578.46	77.375
578.81	77.449
579.15	77.257
579.49	77.240
579.83	77.213
580.17	77.044
580.51	77.047
580.85	77.137
581.20	77.181
581.54	77.341
581.88	77.248
582.22	77.201
582.56	77.278
582.90	77.412
583.24	77.593
583.58	77.796
583.92	77.862
584.26	77.848
584.60	78.028
584.95	78.047
585.29	78.049
585.63	78.103
585.97	78.268
586.31	78.332
586.65	78.509
586.99	78.617
587.33	78.457
587.67	78.636
588.01	78.649
588.35	78.637
588.69	78.714
589.03	78.774
589.37	78.872
589.71	79.025
590.05	78.956
590.39	78.891
590.73	78.687
591.07	78.803
591.41	78.806
591.75	78.775
592.09	78.644
592.43	78.503
592.77	78.454
593.11	78.431
593.45	78.231
593.79	78.257
594.13	78.269
594.47	78.703
594.81	78.912
595.14	79.144
595.48	79.186
595.82	79.407
596.16	79.458
596.50	79.354
596.84	79.368
597.18	79.587
597.52	79.755
597.86	79.884
598.20	79.657
598.54	79.652
598.87	79.458
599.21	79.366
599.55	79.310
599.89	79.577
600.23	79.957
600.57	80.132
600.91	80.046
601.25	79.976
601.58	80.041
601.92	80.372
602.26	80.487
602.60	80.733
602.94	80.999
603.28	81.040
603.61	81.128
603.95	81.068
604.29	81.125
604.63	81.184
604.97	81.281
605.30	81.141
605.64	80.938
605.98	80.751
606.32	80.589
606.66	80.611
606.99	80.507
607.33	80.301
607.67	80.206
608.01	80.254
608.34	80.318
608.68	80.402
609.02	80.454
609.36	80.371
609.69	80.534
610.03	80.528
610.37	80.510
610.71	80.667
611.04	80.731
611.38	80.732
611.72	80.653
612.06	80.497
612.39	80.338
612.73	80.346
613.07	80.329
613.40	80.033
613.74	79.844
614.08	79.737
614.41	79.626
614.75	79.636
615.09	79.487
615.42	79.515
615.76	79.792
616.10	79.725
616.43	79.869
616.77	80.061
617.11	80.221
617.44	80.245
617.78	80.242
618.12	80.270
618.45	80.165
618.79	80.267
619.13	80.187
619.46	79.945
619.80	79.761
620.13	79.655
620.47	79.507
620.81	79.594
621.14	79.831
621.48	79.806
621.81	79.892
622.15	79.910
622.48	79.855
622.82	80.027
623.16	80.141
623.49	80.401
623.83	80.539
624.16	80.566
624.50	80.510
624.83	80.577
625.17	80.571
625.50	80.465
625.84	80.688
626.18	80.866
626.51	80.909
626.85	81.010
627.18	80.947
627.52	80.803
627.85	80.839
628.19	80.773
628.52	80.691
628.86	80.678
629.19	80.576
629.53	80.339
629.86	80.289
630.19	79.969
630.53	79.603
630.86	79.774
631.20	79.756
631.53	79.921
631.87	79.879
632.20	79.897
632.54	79.873
632.87	80.234
633.20	80.380
633.54	80.485
633.87	80.740
634.21	81.268
634.54	81.009
634.88	81.233
635.21	81.157
635.54	81.371
635.88	81.465
636.21	81.372
636.55	81.079
636.88	81.274
637.21	81.458
637.55	81.423
637.88	81.224
638.21	81.561
638.55	81.301
638.88	81.506
639.21	81.417
639.55	81.453
639.88	81.789
640.21	82.013
640.55	81.642
640.88	81.620
641.21	81.492
641.55	81.388
641.88	81.403
642.21	81.313
642.55	81.160
642.88	81.030
643.21	80.996
643.55	80.767
643.88	80.774
644.21	80.953
644.54	80.691
644.88	80.730
645.21	80.628
645.54	80.474
645.87	80.376
646.21	80.578
646.54	80.662
646.87	80.651
647.20	80.772
647.54	80.645
647.87	80.618
648.20	80.989
648.53	81.071
648.87	81.258
649.20	81.214
649.53	81.374
649.86	80.895
650.19	80.964
650.53	80.914
650.86	80.977
651.19	81.088
651.52	81.025
651.85	80.655
652.18	80.712
652.52	80.763
652.85	80.800
653.18	80.785
653.51	80.851
653.84	80.834
654.17	80.861
654.51	80.729
654.84	80.802
655.17	80.724
655.50	80.953
655.83	80.796
656.16	80.754
656.49	80.645
656.82	80.820
657.15	80.783
657.49	81.052
657.82	81.234
658.15	81.509
658.48	81.595
658.81	82.030
659.14	81.886
659.47	82.132
659.80	81.912
660.13	82.139
660.46	82.147
660.79	82.509
661.12	82.164
661.45	82.114
661.78	81.708
662.11	81.271
662.44	80.948
662.77	80.863
663.10	80.584
663.43	81.170
663.76	80.999
664.09	81.047
664.42	80.512
664.75	80.686
665.08	80.543
665.41	80.692
665.74	80.842
666.07	81.109
666.40	81.261
666.73	81.628
667.06	81.248
667.39	81.277
667.72	81.270
668.05	81.439
668.38	81.514
668.71	81.565
669.04	81.613
669.37	81.818
669.70	81.486
670.03	81.180
670.36	80.679
670.69	80.523
671.01	80.927
671.34	80.954
671.67	81.088
672.00	81.091
672.33	80.933
672.66	80.787
672.99	81.048
673.32	81.256
673.64	81.226
673.97	81.156
674.30	81.294
674.63	80.647
674.96	80.581
675.29	80.529
675.62	80.646
675.94	80.763
676.27	80.806
676.60	80.332
676.93	80.203
677.26	80.485
677.58	80.845
677.91	80.881
678.24	81.175
678.57	81.062
678.90	81.457
679.22	80.897
679.55	80.711
679.88	80.950
680.21	80.922
680.54	80.803
680.86	80.382
681.19	80.168
681.52	79.898
681.85	79.324
682.17	79.293
682.50	78.574
682.83	78.561
683.16	79.047
683.48	78.838
683.81	78.807
684.14	78.749
684.46	79.116
684.79	79.313
685.12	79.408
685.45	80.047
685.77	80.079
686.10	80.696
686.43	80.758
686.75	80.550
687.08	80.678
687.41	80.649
687.73	80.728
688.06	80.624
688.39	80.479
688.71	80.112
689.04	80.293
689.36	79.799
689.69	79.520
690.02	79.791
690.34	79.528
690.67	79.311
691.00	79.361
691.32	79.541
691.65	79.582
691.97	79.355
692.30	79.506
692.63	78.943
692.95	79.278
693.28	78.929
693.60	78.757
693.93	78.715
694.26	78.792
694.58	78.558
694.91	78.377
695.23	78.542
695.56	78.762
695.88	79.178
696.21	78.852
696.53	78.972
696.86	79.375
697.18	79.703
697.51	79.634
697.83	79.432
698.16	79.343
698.48	79.521
698.81	79.364
699.13	79.273
699.46	78.783
699.78	79.087
700.11	78.848
700.43	78.252
700.76	77.748
701.08	77.556
701.41	77.651
701.73	77.876
702.06	76.985
702.38	76.608
702.71	76.269
703.03	75.853
703.35	75.006
703.68	75.160
704.00	75.842
704.33	75.719
704.65	75.981
704.98	75.691
705.30	75.299
705.62	75.635
705.95	75.676
706.27	75.709
706.60	76.467
706.92	77.110
707.24	76.995
707.57	77.104
707.89	77.125
708.21	76.572
708.54	76.158
708.86	76.487
709.18	76.632
709.51	76.401
709.83	76.541
710.15	76.264
710.48	75.668
710.80	75.071
711.12	74.158
711.45	73.977
711.77	74.026
712.09	74.125
712.42	74.301
712.74	73.773
713.06	74.047
713.38	73.868
713.71	73.725
714.03	74.220
714.35	74.632
714.68	74.346
715.00	74.312
715.32	74.690
715.64	74.627
715.97	74.126
716.29	74.713
716.61	74.664
716.93	74.929
717.25	74.583
717.58	74.670
717.90	74.456
718.22	75.252
718.54	74.901
718.87	74.156
719.19	74.272
719.51	73.691
719.83	73.335
720.15	73.632
720.47	72.461
720.80	72.961
721.12	72.766
721.44	72.493
721.76	71.739
722.08	72.122
722.40	72.252
722.73	71.562
723.05	71.334
723.37	70.617
723.69	69.406
724.01	69.522
724.33	68.662
724.65	68.606
724.97	69.510
725.30	69.618
725.62	69.677
725.94	69.604
726.26	70.175
726.58	70.695
726.90	70.127
727.22	70.483
727.54	70.265
727.86	70.679
728.18	70.341
728.50	69.554
728.82	69.769
729.14	69.695
729.46	69.552
729.78	69.157
730.10	68.562
730.42	68.681
730.74	69.038
731.07	69.185
731.39	68.820
731.71	69.443
732.03	69.817
732.35	69.700
732.66	69.922
732.98	70.035
733.30	70.646
733.62	70.795
733.94	71.792
734.26	70.397
734.58	70.718
734.90	70.767
735.22	70.438
735.54	69.553
735.86	69.640
736.18	69.427
736.50	68.805
736.82	67.670
737.14	68.293
737.46	68.319
737.78	69.022
738.10	69.382
738.41	69.753
738.73	70.201
739.05	70.876
739.37	70.057
739.69	69.071
740.01	68.657
740.33	68.528
740.65	67.437
740.96	66.534
741.28	66.354
741.60	65.711
741.92	65.595
742.24	65.343
742.56	64.348
742.88	65.847
743.19	66.356
743.51	67.017
743.83	67.866
744.15	68.161
744.47	68.430
744.78	67.926
745.10	66.472
745.42	65.196
745.74	63.941
746.06	62.591
746.37	60.464
746.69	61.179
747.01	59.878
747.33	57.989
747.64	58.484
747.96	59.591
748.28	60.270
748.60	61.436
748.91	61.647
749.23	61.880
749.55	63.303
749.87	63.917
750.18	63.216
750.50	64.374
750.82	65.654
751.13	64.968
751.45	64.870
751.77	64.797
752.08	65.532
752.40	66.965
752.72	67.618
753.03	68.323
753.35	68.127
753.67	67.600
753.98	66.898
754.30	67.170
754.62	67.533
754.93	66.651
755.25	64.894
755.57	64.104
755.88	63.483
756.20	63.142
756.51	62.861
756.83	62.471
757.15	62.573
757.46	62.945
757.78	62.990
758.09	63.608
758.41	62.348
758.73	65.172
759.04	65.080
759.36	65.256
759.67	63.881
759.99	64.159
760.30	63.467
760.62	62.410
760.94	62.510
761.25	63.895
761.57	62.875
761.88	61.648
762.20	59.655
762.51	59.281
762.83	59.671
763.14	60.859
763.46	59.580
763.77	59.460
764.09	59.484
764.40	58.407
764.72	56.789
765.03	56.773
765.35	58.227
765.66	57.925
765.98	57.021
766.29	55.509
766.61	54.580
766.92	54.526
767.23	55.218
767.55	55.519
767.86	56.418
768.18	57.274
768.49	56.811
768.81	55.391
769.12	54.238
769.43	54.612
769.75	55.337
770.06	54.269
770.38	55.627
770.69	57.525
771.00	56.762
771.32	56.772
771.63	55.970
771.94	55.479
772.26	57.388
772.57	60.447
772.89	61.842
773.20	60.938
773.51	61.123
773.83	60.253
774.14	58.453
774.45	58.332
774.77	57.727
775.08	57.427
775.39	57.734
775.70	56.924
776.02	54.638
776.33	53.753
776.64	52.952
776.96	52.991
777.27	52.879
777.58	50.889
777.89	52.450
778.21	53.212
778.52	53.563
778.83	52.644
779.14	52.313
779.46	53.519
779.77	53.339
780.08	54.450
780.39	56.372
780.71	57.028
781.02	56.715
781.33	55.656
781.64	54.605
781.95	53.529
782.27	54.915
782.58	55.812
782.89	55.988
783.20	57.755
783.51	59.057
783.83	57.955
784.14	56.847
784.45	60.420
784.76	61.557
785.07	61.785
785.38	62.386
785.70	63.161
786.01	60.393
786.32	60.144
786.63	59.653
786.94	58.263
787.25	57.606
787.56	56.640
787.87	55.377
788.18	54.055
788.50	53.317
788.81	53.416
789.12	54.356
789.43	56.392
789.74	57.107
790.05	54.935
790.36	55.616
790.67	56.886
790.98	58.110
791.29	57.367
791.60	56.044
791.91	55.359
792.22	53.278
792.53	50.189
792.84	47.931
793.15	46.126
793.46	48.630
793.77	46.646
794.08	45.620
794.39	45.449
794.70	43.099
795.01	46.064
795.32	48.971
795.63	52.524
795.94	52.753
796.25	52.709
796.56	51.704
796.87	48.800
797.18	51.256
797.49	51.543
797.80	51.718
798.11	53.644
798.42	49.902
798.73	49.081
799.04	48.640
799.35	49.197
799.65	47.779
799.96	47.728
800.27	50.307
800.58	48.224
800.89	47.747
801.20	46.874
801.51	48.202
801.82	49.575
802.13	47.750
802.43	45.805
802.74	44.449
803.05	45.251
803.36	47.732
803.67	44.699
803.98	44.213
804.28	43.725
804.59	43.504
804.90	42.811
805.21	43.001
805.52	44.139
805.83	42.743
806.13	41.882
806.44	41.736
806.75	42.257
807.06	41.421
807.36	40.887
807.67	39.920
807.98	37.918
808.29	35.565
808.60	38.321
808.90	42.557
809.21	42.516
809.52	43.351
809.83	47.423
810.13	44.785
810.44	45.596
810.75	44.362
811.05	42.014
811.36	42.668
811.67	45.922
811.98	42.183
812.28	35.352
812.59	36.296
812.90	37.548
813.20	33.158
813.51	37.010
813.82	36.708
814.12	40.057
814.43	44.039
814.74	43.420
815.04	43.000
815.35	43.817
815.65	47.195
815.96	47.155
816.27	44.974
816.57	41.844
816.88	40.898
817.19	44.422
817.49	39.681
817.80	36.939
818.10	38.621
818.41	37.126
818.72	37.654
819.02	35.566
819.33	38.170
819.63	41.700
819.94	45.383
820.24	43.175
820.55	43.288
820.85	46.406
821.16	46.750
821.47	46.519
821.77	47.061
822.08	47.321
822.38	47.285
822.69	47.396
822.99	47.175
823.30	46.946
823.60	47.293
823.91	47.344
824.21	46.548
824.52	45.637
824.82	44.954
825.13	45.071
825.43	44.422
825.73	45.187
826.04	44.669
826.34	44.423
826.65	45.236
826.95	43.892
827.26	43.423
827.56	43.223
827.87	44.324
828.17	44.548
828.47	43.428
828.78	41.801
829.08	39.709
829.39	37.187
829.69	35.648
829.99	30.787
830.30	31.691
830.60	27.601
830.90	26.538
831.21	25.779
831.51	24.744
831.82	24.127
832.12	27.359
832.42	30.850
832.73	32.373
833.03	31.267
833.33	32.056
833.64	33.026
833.94	34.456
834.24	34.128
834.54	34.250
834.85	35.609
835.15	36.385
835.45	35.236
835.76	32.444
836.06	30.921
836.36	32.580
836.66	36.309
836.97	34.461
837.27	31.618
837.57	35.465
837.87	35.003
838.18	34.173
838.48	28.768
838.78	23.338
839.08	26.363
839.39	28.529
839.69	22.781
839.99	18.838
840.29	18.407
840.59	22.485
840.90	24.055
841.20	28.760
841.50	29.474
841.80	32.347
842.10	34.252
842.41	32.404
842.71	32.621
843.01	41.035
843.31	39.147
843.61	45.251
843.91	49.064
844.21	41.630
844.52	39.138
844.82	32.393
845.12	30.730
845.42	32.068
845.72	34.685
846.02	36.485
846.32	27.961
846.62	28.540
846.92	22.671
847.22	12.798
847.52	13.587
847.83	9.133
848.13	17.119
848.43	10.236
848.73	14.319
849.03	8.625
849.33	3.187
849.63	-2.174
849.93	0.253
850.23	-3.886
850.53	5.518
850.83	7.680
851.13	15.974
851.43	15.121
851.73	26.845
852.03	22.500
852.33	30.430
852.63	33.600
852.93	40.449
853.23	35.458
853.53	32.297
853.83	29.379
854.13	29.103
854.43	24.091
854.73	11.871
855.03	-6.443
855.32	-14.857
855.62	-42.088
855.92	-36.306
856.22	-76.707
856.52	-70.000
856.82	-69.004
857.12	-86.190
857.42	-94.737
857.72	-34.167
858.02	-2.911
858.31	10.695
858.61	15.046
858.91	22.404
859.21	19.389
859.51	14.834
859.81	18.343
860.11	16.138
860.40	8.313
860.70	6.332
861.00	-3.266
861.30	-0.942
861.60	-9.964
861.90	-17.181
862.19	-29.540
862.49	-43.632
862.79	-35.772
863.09	-25.840
863.39	-24.654
863.68	-39.640
863.98	-47.917
864.28	-43.309
864.58	-47.450
864.87	-34.676
865.17	-34.518
865.47	-29.448
865.77	-24.238
866.06	-23.822
866.36	-14.586
866.66	-19.091
866.96	-13.757
867.25	-16.828
867.55	-16.477
867.85	-24.397
868.14	-27.288
868.44	-13.712
868.74	-15.984
869.03	-15.679
869.33	-27.473
869.63	-70.000
869.92	-63.287
870.22	-69.072
870.52	-22.985
870.81	-8.493
871.11	-5.374
871.41	-21.628
871.70	-36.562
872.00	-28.827
872.30	-5.804
872.59	12.500
872.89	19.318
873.18	21.077
873.48	33.433
873.78	30.046
874.07	17.521
874.37	12.762
874.66	22.089
874.96	24.513
875.25	29.002
875.55	26.705
875.85	15.700
876.14	3.419
876.44	-5.510
876.73	-9.890
877.03	-12.239
877.32	-8.696
877.62	8.434
877.91	10.047
878.21	-2.731
878.50	1.727
878.80	0.676
879.09	1.040
879.39	-13.193
879.68	-3.245
879.98	-22.764
880.27	-13.149
880.57	-9.490
880.86	-6.159
881.16	-1.273
881.45	7.324
881.74	15.375
882.04	14.989
882.33	21.096
882.63	26.977
882.92	25.533
883.22	28.260
883.51	29.560
883.80	28.755
884.10	29.821
884.39	30.989
884.69	33.004
884.98	27.909
885.27	32.962
885.57	35.333
885.86	31.080
886.15	27.824
886.45	26.041
886.74	20.857
887.03	23.565
887.33	12.354
887.62	20.666
887.91	-13.725
888.21	20.652
888.50	-16.000
888.79	-172.093
889.09	105.063
