190.56	-39.286
190.94	-39.286
191.32	-39.286
191.70	-105.263
192.08	-209.091
192.46	0.962
192.84	-44.286
193.22	-51.163
193.60	-28.571
193.98	-181.818
194.36	-475.000
194.74	-32.258
195.13	1.587
195.51	-15.625
195.89	-11.348
196.27	-52.336
196.65	-44.706
197.03	-26.136
197.40	-100.000
197.78	-330.357
198.16	-346.479
198.54	-187.421
198.92	-250.394
199.30	-230.282
199.68	-191.216
200.06	-105.528
200.44	-75.789
200.82	-91.760
201.20	-76.415
201.58	-49.010
201.96	-21.356
202.34	0.963
202.72	1.190
203.10	-12.160
203.48	-14.186
203.86	-21.244
204.24	-19.076
204.62	-2.757
205.00	20.854
205.38	17.378
205.76	28.031
206.13	32.039
206.51	24.014
206.89	23.284
207.27	30.556
207.65	22.755
208.03	25.665
208.41	14.955
208.79	12.072
209.17	12.966
209.55	14.468
209.93	13.699
210.30	18.696
210.68	31.556
211.06	23.077
211.44	16.008
211.82	36.585
212.20	47.321
212.58	43.432
212.96	38.618
213.33	18.609
213.71	29.252
214.09	12.500
214.47	12.405
214.85	3.634
215.23	12.791
215.61	13.816
215.98	-0.631
216.36	-15.081
216.74	-5.197
217.12	-10.502
217.50	-10.709
217.88	-17.974
218.25	-5.405
218.63	-13.580
219.01	-19.562
219.39	-22.892
219.77	-17.246
220.14	-11.802
220.52	-4.513
220.90	-7.415
221.28	-11.962
221.66	-12.067
222.03	-7.242
222.41	-9.767
222.79	-10.317
223.17	-6.910
223.55	-7.296
223.92	-4.845
224.30	-2.695
224.68	-1.461
225.06	-1.877
225.43	-2.662
225.81	-2.424
226.19	-4.056
226.57	-3.389
226.95	-3.403
227.32	-3.415
227.70	0.427
228.08	1.198
228.46	2.010
228.83	2.098
229.21	2.121
229.59	3.711
229.96	4.064
230.34	5.350
230.72	6.703
231.10	7.329
231.47	7.481
231.85	7.076
232.23	7.116
232.60	6.015
232.98	4.598
233.36	2.666
233.74	3.201
234.11	2.241
234.49	-0.719
234.87	-2.239
235.24	-0.603
235.62	1.251
236.00	0.917
236.37	0.537
236.75	-0.481
237.13	-0.171
237.50	0.816
237.88	-0.030
238.26	0.663
238.63	2.188
239.01	2.545
239.39	1.682
239.76	1.313
240.14	0.963
240.52	0.935
240.89	1.728
241.27	1.889
241.65	1.766
242.02	1.465
242.40	1.134
242.77	1.061
243.15	1.051
243.53	1.278
243.90	0.730
244.28	0.430
244.66	0.260
245.03	0.417
245.41	0.468
245.78	1.302
246.16	1.569
246.54	1.841
246.91	1.724
247.29	1.539
247.66	1.549
248.04	1.673
248.41	2.148
248.79	2.371
249.17	1.967
249.54	1.824
249.92	1.410
250.29	1.395
250.67	1.288
251.04	1.528
251.42	1.668
251.80	1.353
252.17	1.535
252.55	1.018
252.92	1.271
253.30	1.702
253.67	1.878
254.05	2.140
254.42	1.888
254.80	2.058
255.17	2.046
255.55	2.011
255.92	1.947
256.30	2.140
256.67	2.367
257.05	2.178
257.42	2.037
257.80	2.001
258.17	1.834
258.55	1.995
258.92	1.968
259.30	1.892
259.67	2.008
260.05	2.183
260.42	1.903
260.80	2.019
261.17	1.976
261.55	1.913
261.92	1.840
262.30	1.938
262.67	1.958
263.05	1.994
263.42	1.892
263.79	1.766
264.17	1.901
264.54	2.041
264.92	1.466
265.29	1.420
265.67	1.796
266.04	1.896
266.42	1.680
266.79	1.408
267.16	1.170
267.54	1.282
267.91	1.450
268.29	1.344
268.66	1.471
269.03	1.686
269.41	1.926
269.78	1.769
270.16	1.782
270.53	1.901
270.90	1.964
271.28	1.985
271.65	1.935
272.03	1.764
272.40	1.692
272.77	1.750
273.15	1.731
273.52	1.869
273.89	2.040
274.27	2.060
274.64	2.072
275.01	1.858
275.39	2.049
275.76	2.180
276.14	2.257
276.51	2.098
276.88	1.868
277.26	1.922
277.63	1.773
278.00	1.655
278.38	1.708
278.75	1.666
279.12	1.849
279.49	1.624
279.87	1.433
280.24	1.376
280.61	1.526
280.99	1.825
281.36	1.970
281.73	1.857
282.11	1.839
282.48	1.810
282.85	1.852
283.22	1.875
283.60	1.981
283.97	2.141
284.34	2.062
284.71	2.104
285.09	1.884
285.46	1.656
285.83	1.675
286.21	1.691
286.58	1.674
286.95	1.591
287.32	1.585
287.70	1.456
288.07	1.379
288.44	1.505
288.81	1.470
289.18	1.599
289.56	1.870
289.93	1.802
290.30	1.842
290.67	1.920
291.05	2.003
291.42	2.140
291.79	2.332
292.16	2.435
292.53	2.395
292.91	2.390
293.28	2.391
293.65	2.502
294.02	2.502
294.39	2.556
294.76	2.589
295.14	2.611
295.51	2.606
295.88	2.572
296.25	2.665
296.62	2.866
297.00	2.955
297.37	3.026
297.74	2.961
298.11	2.976
298.48	3.036
298.85	3.131
299.22	3.129
299.60	3.092
299.97	3.173
300.34	2.965
300.71	2.849
301.08	2.793
301.45	2.797
301.82	2.537
302.19	2.564
302.56	2.504
302.94	2.418
303.31	2.232
303.68	2.135
304.05	2.081
304.42	2.336
304.79	2.277
305.16	2.493
305.53	2.420
305.90	2.604
306.27	2.690
306.64	2.646
307.02	2.540
307.39	2.694
307.76	2.672
308.13	2.727
308.50	2.366
308.87	2.405
309.24	2.350
309.61	2.480
309.98	2.452
310.35	2.464
310.72	2.578
311.09	2.572
311.46	2.733
311.83	3.025
312.20	2.983
312.57	3.145
312.94	3.026
313.31	2.899
313.68	2.864
314.05	2.814
314.42	2.723
314.79	2.581
315.16	2.517
315.53	2.433
315.90	2.443
316.27	2.264
316.64	2.261
317.01	2.538
317.38	2.639
317.75	2.602
318.12	2.829
318.49	2.922
318.86	2.920
319.23	3.021
319.60	2.904
319.97	2.533
320.34	2.867
320.71	2.780
321.08	2.703
321.45	2.736
321.82	2.704
322.19	2.511
322.55	2.432
322.92	2.396
323.29	2.255
323.66	2.468
324.03	2.923
324.40	3.030
324.77	3.110
325.14	2.933
325.51	2.793
325.88	2.741
326.25	2.874
326.61	3.129
326.98	3.217
327.35	3.464
327.72	3.172
328.09	2.924
328.46	2.790
328.83	2.782
329.20	2.928
329.56	2.942
329.93	2.844
330.30	2.630
330.67	2.567
331.04	2.502
331.41	2.335
331.78	2.530
332.14	2.714
332.51	2.555
332.88	2.604
333.25	2.480
333.62	2.510
333.99	2.735
334.35	2.730
334.72	2.527
335.09	2.760
335.46	2.843
335.83	2.773
336.19	2.537
336.56	2.528
336.93	2.619
337.30	2.623
337.67	2.591
338.03	2.361
338.40	2.340
338.77	2.424
339.14	1.982
339.50	1.845
339.87	1.840
340.24	1.697
340.61	1.727
340.97	1.566
341.34	1.583
341.71	1.555
342.08	1.574
342.44	1.552
342.81	1.410
343.18	1.681
343.55	1.748
343.91	1.710
344.28	1.760
344.65	1.712
345.02	1.595
345.38	1.511
345.75	1.345
346.12	1.243
346.48	1.212
346.85	1.288
347.22	1.153
347.59	1.086
347.95	1.166
348.32	1.083
348.69	1.036
349.05	1.067
349.42	1.194
349.79	1.291
350.15	1.352
350.52	1.232
350.89	1.143
351.25	1.040
351.62	0.921
351.99	0.848
352.35	0.879
352.72	0.915
353.09	0.917
353.45	0.887
353.82	0.871
354.18	0.889
354.55	0.956
354.92	0.889
355.28	0.895
355.65	0.948
356.02	0.804
356.38	0.785
356.75	0.694
357.11	0.717
357.48	0.722
357.85	0.650
358.21	0.564
358.58	0.595
358.94	0.592
359.31	0.629
359.67	0.596
360.04	0.697
360.41	0.608
360.77	0.600
361.14	0.521
361.50	0.411
361.87	0.407
362.23	0.370
362.60	0.386
362.97	0.372
363.33	0.338
363.70	0.306
364.06	0.302
364.43	0.359
364.79	0.364
365.16	0.376
365.52	0.377
365.89	0.450
366.25	0.429
366.62	0.280
366.98	0.323
367.35	0.224
367.71	0.285
368.08	0.150
368.44	0.112
368.81	0.135
369.17	0.186
369.54	0.159
369.90	0.114
370.27	0.353
370.63	0.525
371.00	0.456
371.36	0.562
371.73	0.537
372.09	0.597
372.45	0.711
372.82	0.706
373.18	0.724
373.55	0.764
373.91	0.735
374.28	0.674
374.64	0.619
375.01	0.770
375.37	0.721
375.73	0.643
376.10	0.698
376.46	0.618
376.83	0.624
377.19	0.710
377.55	0.912
377.92	1.032
378.28	1.017
378.65	1.104
379.01	1.201
379.37	1.437
379.74	1.668
380.10	1.725
380.47	1.822
380.83	1.891
381.19	1.848
381.56	1.835
381.92	1.782
382.28	1.818
382.65	1.842
383.01	1.738
383.37	1.694
383.74	1.651
384.10	1.757
384.46	1.866
384.83	1.974
385.19	2.046
385.55	1.995
385.92	2.138
386.28	2.215
386.64	2.165
387.01	2.341
387.37	2.384
387.73	2.496
388.10	2.385
388.46	2.430
388.82	2.523
389.18	2.638
389.55	2.801
389.91	2.892
390.27	3.005
390.64	3.093
391.00	3.102
391.36	3.181
391.72	3.267
392.09	3.481
392.45	3.636
392.81	3.687
393.17	3.638
393.54	3.655
393.90	3.632
394.26	3.695
394.62	3.906
394.99	4.024
395.35	4.081
395.71	4.193
396.07	4.210
396.43	4.278
396.80	4.332
397.16	4.533
397.52	4.551
397.88	4.634
398.24	4.653
398.61	4.664
398.97	4.712
399.33	4.702
399.69	4.747
400.05	4.875
400.42	4.890
400.78	4.967
401.14	5.031
401.50	5.183
401.86	5.388
402.22	5.587
402.59	5.626
402.95	5.694
403.31	5.809
403.67	5.928
404.03	6.033
404.39	6.127
404.75	6.216
405.12	6.248
405.48	6.390
405.84	6.394
406.20	6.395
406.56	6.497
406.92	6.693
407.28	6.855
407.64	6.866
408.00	6.937
408.36	7.079
408.73	7.235
409.09	7.302
409.45	7.337
409.81	7.544
410.17	7.638
410.53	7.799
410.89	7.765
411.25	7.939
411.61	8.068
411.97	8.251
412.33	8.334
412.69	8.324
413.05	8.533
413.41	8.692
413.77	8.791
414.13	8.974
414.50	9.060
414.86	9.158
415.22	9.183
415.58	9.291
415.94	9.240
416.30	9.343
416.66	9.529
417.02	9.573
417.38	9.618
417.74	9.772
418.10	9.755
418.46	9.815
418.82	9.989
419.18	10.126
419.54	10.230
419.90	10.438
420.26	10.466
420.61	10.543
420.97	10.606
421.33	10.757
421.69	10.762
422.05	10.980
422.41	11.096
422.77	11.143
423.13	11.235
423.49	11.355
423.85	11.377
424.21	11.471
424.57	11.545
424.93	11.702
425.29	11.794
425.65	11.949
426.01	11.992
426.36	12.113
426.72	12.293
427.08	12.392
427.44	12.497
427.80	12.595
428.16	12.771
428.52	12.922
428.88	13.073
429.24	13.154
429.59	13.201
429.95	13.298
430.31	13.376
430.67	13.470
431.03	13.522
431.39	13.625
431.75	13.763
432.10	13.821
432.46	13.863
432.82	13.961
433.18	14.076
433.54	14.164
433.90	14.252
434.25	14.398
434.61	14.454
434.97	14.604
435.33	14.697
435.69	14.813
436.04	14.986
436.40	15.178
436.76	15.323
437.12	15.343
437.48	15.584
437.83	15.770
438.19	15.855
438.55	16.081
438.91	16.260
439.27	16.408
439.62	16.501
439.98	16.645
440.34	16.754
440.70	16.856
441.05	17.142
441.41	17.230
441.77	17.339
442.13	17.504
442.48	17.591
442.84	17.732
443.20	17.886
443.56	18.044
443.91	18.222
444.27	18.431
444.63	18.599
444.98	18.664
445.34	18.799
445.70	18.957
446.05	19.131
446.41	19.301
446.77	19.460
447.13	19.594
447.48	19.797
447.84	19.926
448.20	20.096
448.55	20.231
448.91	20.433
449.27	20.650
449.62	20.850
449.98	20.999
450.34	21.209
450.69	21.422
451.05	21.636
451.40	21.940
451.76	22.211
452.12	22.343
452.47	22.573
452.83	22.762
453.19	22.955
453.54	23.111
453.90	23.304
454.25	23.437
454.61	23.613
454.97	23.847
455.32	23.854
455.68	23.883
456.03	24.086
456.39	24.219
456.75	24.373
457.10	24.493
457.46	24.602
457.81	24.770
458.17	24.886
458.52	24.968
458.88	25.075
459.24	25.205
459.59	25.383
459.95	25.477
460.30	25.699
460.66	25.830
461.01	25.931
461.37	26.110
461.72	26.205
462.08	26.377
462.43	26.511
462.79	26.556
463.14	26.689
463.50	26.742
463.85	26.855
464.21	26.843
464.56	26.886
464.92	26.965
465.27	27.069
465.63	27.245
465.98	27.335
466.34	27.403
466.69	27.486
467.05	27.683
467.40	27.771
467.76	27.908
468.11	27.970
468.47	28.081
468.82	28.184
469.18	28.207
469.53	28.301
469.88	28.381
470.24	28.497
470.59	28.740
470.95	28.759
471.30	28.992
471.66	29.019
472.01	29.138
472.36	29.254
472.72	29.342
473.07	29.473
473.43	29.499
473.78	29.543
474.13	29.670
474.49	29.691
474.84	29.803
475.19	29.759
475.55	29.881
475.90	29.993
476.26	30.074
476.61	30.219
476.96	30.323
477.32	30.383
477.67	30.509
478.02	30.625
478.38	30.636
478.73	30.656
479.08	30.820
479.44	30.773
479.79	30.788
480.14	30.891
480.50	30.954
480.85	31.068
481.20	31.159
481.56	31.168
481.91	31.171
482.26	31.317
482.62	31.459
482.97	31.539
483.32	31.691
483.67	31.744
484.03	31.728
484.38	31.748
484.73	31.784
485.08	31.842
485.44	31.937
485.79	31.999
486.14	32.038
486.49	32.032
486.85	32.078
487.20	32.041
487.55	32.115
487.90	32.207
488.26	32.266
488.61	32.233
488.96	32.202
489.31	32.235
489.67	32.262
490.02	32.272
490.37	32.390
490.72	32.361
491.07	32.436
491.43	32.479
491.78	32.478
492.13	32.512
492.48	32.577
492.83	32.694
493.19	32.715
493.54	32.822
493.89	32.908
494.24	32.923
494.59	33.067
494.94	33.133
495.29	33.107
495.65	33.150
496.00	33.193
496.35	33.321
496.70	33.326
497.05	33.414
497.40	33.472
497.75	33.495
498.11	33.509
498.46	33.485
498.81	33.554
499.16	33.653
499.51	33.737
499.86	33.778
500.21	33.747
500.56	33.865
500.91	33.953
501.26	33.997
501.62	34.042
501.97	34.124
502.32	34.260
502.67	34.304
503.02	34.263
503.37	34.405
503.72	34.505
504.07	34.632
504.42	34.702
504.77	34.732
505.12	34.857
505.47	34.975
505.82	34.984
506.17	34.990
506.52	35.072
506.87	35.179
507.22	35.217
507.57	35.284
507.92	35.358
508.27	35.403
508.62	35.467
508.97	35.499
509.32	35.636
509.67	35.738
510.02	35.883
510.37	35.974
510.72	36.064
511.07	36.175
511.42	36.352
511.77	36.404
512.12	36.523
512.47	36.615
512.82	36.753
513.17	36.727
513.52	36.865
513.87	36.913
514.22	36.974
514.57	37.158
514.91	37.337
515.26	37.340
515.61	37.565
515.96	37.657
516.31	37.862
516.66	37.957
517.01	38.158
517.36	38.260
517.71	38.374
518.06	38.472
518.41	38.611
518.75	38.727
519.10	38.910
519.45	39.011
519.80	39.149
520.15	39.271
520.50	39.462
520.85	39.634
521.19	39.796
521.54	40.001
521.89	40.228
522.24	40.438
522.59	40.610
522.94	40.752
523.28	40.895
523.63	41.137
523.98	41.275
524.33	41.453
524.68	41.626
525.03	41.824
525.37	41.974
525.72	42.192
526.07	42.432
526.42	42.651
526.76	42.879
527.11	43.117
527.46	43.293
527.81	43.521
528.16	43.718
528.50	43.860
528.85	43.981
529.20	44.162
529.55	44.321
529.89	44.480
530.24	44.616
530.59	44.802
530.94	45.047
531.28	45.272
531.63	45.476
531.98	45.684
532.32	45.956
532.67	46.200
533.02	46.422
533.37	46.605
533.71	46.765
534.06	46.921
534.41	47.153
534.75	47.373
535.10	47.623
535.45	47.911
535.79	48.146
536.14	48.381
536.49	48.626
536.83	48.870
537.18	49.112
537.53	49.304
537.87	49.692
538.22	49.916
538.57	50.112
538.91	50.397
539.26	50.645
539.61	50.931
539.95	51.119
540.30	51.417
540.64	51.682
540.99	51.933
541.34	52.127
541.68	52.222
542.03	52.373
542.37	52.607
542.72	52.832
543.07	53.098
543.41	53.334
543.76	53.630
544.10	53.818
544.45	53.940
544.80	54.106
545.14	54.393
545.49	54.633
545.83	54.992
546.18	55.189
546.52	55.307
546.87	55.447
547.21	55.670
547.56	55.892
547.90	56.182
548.25	56.501
548.59	56.813
548.94	56.990
549.29	57.296
549.63	57.429
549.98	57.678
550.32	58.038
550.67	58.319
551.01	58.565
551.35	58.789
551.70	59.033
552.04	59.206
552.39	59.447
552.73	59.762
553.08	59.974
553.42	60.314
553.77	60.448
554.11	60.613
554.46	60.761
554.80	60.914
555.15	61.137
555.49	61.242
555.83	61.433
556.18	61.520
556.52	61.662
556.87	61.893
557.21	61.980
557.56	62.309
557.90	62.506
558.24	62.659
558.59	62.825
558.93	62.979
559.28	63.191
559.62	63.373
559.96	63.539
560.31	63.533
560.65	63.616
560.99	63.754
561.34	63.854
561.68	63.935
562.02	63.957
562.37	64.038
562.71	64.143
563.06	64.274
563.40	64.417
563.74	64.569
564.09	64.780
564.43	64.912
564.77	65.113
565.11	65.089
565.46	65.160
565.80	65.405
566.14	65.522
566.49	65.627
566.83	65.722
567.17	65.781
567.52	65.914
567.86	66.031
568.20	66.036
568.54	66.005
568.89	66.224
569.23	66.492
569.57	66.676
569.91	66.797
570.26	66.880
570.60	66.989
570.94	67.100
571.28	67.080
571.63	67.103
571.97	67.391
572.31	67.472
572.65	67.521
573.00	67.499
573.34	67.517
573.68	67.488
574.02	67.589
574.36	67.620
574.71	67.737
575.05	67.698
575.39	67.858
575.73	67.699
576.07	67.742
576.42	67.793
576.76	67.827
577.10	67.834
577.44	67.975
577.78	68.105
578.12	68.185
578.46	68.167
578.81	68.450
579.15	68.456
579.49	68.521
579.83	68.632
580.17	68.720
580.51	68.636
580.85	68.553
581.20	68.587
581.54	68.553
581.88	68.606
582.22	68.534
582.56	68.599
582.90	68.642
583.24	68.906
583.58	68.988
583.92	68.941
584.26	69.035
584.60	69.204
584.95	69.402
585.29	69.321
585.63	69.356
585.97	69.503
586.31	69.501
586.65	69.666
586.99	69.558
587.33	69.590
587.67	69.678
588.01	69.876
588.35	69.831
588.69	69.813
589.03	69.836
589.37	69.863
589.71	69.976
590.05	69.878
590.39	69.869
590.73	69.905
591.07	69.976
591.41	70.100
591.75	69.986
592.09	70.088
592.43	70.064
592.77	70.299
593.11	70.376
593.45	70.370
593.79	70.626
594.13	70.579
594.47	70.583
594.81	70.560
595.14	70.547
595.48	70.663
595.82	70.749
596.16	70.692
596.50	70.708
596.84	70.808
597.18	70.912
597.52	70.905
597.86	70.962
598.20	70.926
598.54	70.921
598.87	70.961
599.21	71.011
599.55	70.920
599.89	71.056
600.23	71.101
600.57	70.839
600.91	70.738
601.25	70.666
601.58	70.788
601.92	70.958
602.26	71.075
602.60	70.962
602.94	70.972
603.28	71.102
603.61	71.064
603.95	70.994
604.29	70.995
604.63	70.946
604.97	71.063
605.30	70.958
605.64	70.944
605.98	71.044
606.32	71.066
606.66	71.087
606.99	70.986
607.33	71.048
607.67	71.137
608.01	71.342
608.34	71.453
608.68	71.269
609.02	71.343
609.36	71.367
609.69	71.298
610.03	71.413
610.37	71.143
610.71	71.209
611.04	71.226
611.38	71.102
611.72	70.944
612.06	70.913
612.39	70.890
612.73	70.851
613.07	70.887
613.40	70.871
613.74	70.720
614.08	70.904
614.41	70.904
614.75	70.804
615.09	70.967
615.42	71.051
615.76	71.063
616.10	71.068
616.43	71.078
616.77	70.997
617.11	71.042
617.44	71.142
617.78	71.329
618.12	71.473
618.45	71.670
618.79	71.684
619.13	71.864
619.46	71.937
619.80	72.136
620.13	72.175
620.47	72.246
620.81	72.186
621.14	72.319
621.48	72.221
621.81	72.055
622.15	72.124
622.48	72.205
622.82	71.978
623.16	71.903
623.49	71.964
623.83	71.921
624.16	71.978
624.50	72.019
624.83	72.045
625.17	72.179
625.50	72.392
625.84	71.958
626.18	71.676
626.51	71.734
626.85	71.674
627.18	71.512
627.52	71.537
627.85	71.554
628.19	71.417
628.52	71.267
628.86	71.130
629.19	70.876
629.53	71.001
629.86	71.003
630.19	71.012
630.53	70.988
630.86	71.166
631.20	71.091
631.53	71.098
631.87	71.269
632.20	71.371
632.54	71.472
632.87	71.671
633.20	71.738
633.54	71.906
633.87	71.835
634.21	72.006
634.54	72.059
634.88	72.178
635.21	72.071
635.54	71.879
635.88	71.811
636.21	71.589
636.55	71.551
636.88	71.726
637.21	71.669
637.55	71.696
637.88	71.530
638.21	71.292
638.55	71.230
638.88	71.326
639.21	71.299
639.55	71.226
639.88	71.383
640.21	71.249
640.55	71.096
640.88	71.203
641.21	71.244
641.55	71.301
641.88	71.387
642.21	71.375
642.55	71.339
642.88	71.534
643.21	71.521
643.55	71.483
643.88	71.446
644.21	71.426
644.54	71.320
644.88	71.258
645.21	71.263
645.54	71.402
645.87	71.256
646.21	71.376
646.54	71.214
646.87	71.275
647.20	71.306
647.54	71.398
647.87	71.396
648.20	71.202
648.53	71.244
648.87	71.128
649.20	70.977
649.53	70.912
649.86	70.536
650.19	70.551
650.53	70.530
650.86	70.600
651.19	70.606
651.52	70.478
651.85	70.697
652.18	70.854
652.52	70.964
652.85	70.914
653.18	71.022
653.51	71.341
653.84	71.228
654.17	71.488
654.51	71.626
654.84	71.574
655.17	71.775
655.50	71.824
655.83	71.692
656.16	71.819
656.49	71.853
656.82	71.954
657.15	71.699
657.49	71.733
657.82	71.347
658.15	71.052
658.48	70.998
658.81	70.823
659.14	70.743
659.47	70.701
659.80	70.617
660.13	70.457
660.46	70.467
660.79	70.521
661.12	70.618
661.45	70.499
661.78	70.716
662.11	70.821
662.44	70.933
662.77	70.654
663.10	70.521
663.43	70.318
663.76	70.445
664.09	70.165
664.42	70.192
664.75	70.075
665.08	70.223
665.41	69.658
665.74	69.428
666.07	69.197
666.40	69.461
666.73	69.577
667.06	69.637
667.39	69.561
667.72	69.854
668.05	69.638
668.38	69.343
668.71	69.309
669.04	69.471
669.37	69.353
669.70	69.427
670.03	69.399
670.36	69.602
670.69	69.458
671.01	69.690
671.34	69.493
671.67	69.475
672.00	69.791
672.33	69.971
672.66	70.000
672.99	70.378
673.32	70.401
673.64	70.352
673.97	70.050
674.30	70.179
674.63	70.029
674.96	70.021
675.29	70.038
675.62	69.750
675.94	69.493
676.27	69.366
676.60	69.098
676.93	68.847
677.26	68.748
677.58	68.686
677.91	68.644
678.24	68.294
678.57	68.144
678.90	68.274
679.22	68.377
679.55	68.333
679.88	68.350
680.21	68.006
680.54	68.245
680.86	68.272
681.19	68.253
681.52	68.338
681.85	68.651
682.17	68.746
682.50	68.259
682.83	68.278
683.16	68.115
683.48	68.160
683.81	68.319
684.14	68.014
684.46	67.830
684.79	67.673
685.12	67.253
685.45	67.030
685.77	66.734
686.10	67.092
686.43	66.887
686.75	66.810
687.08	66.683
687.41	66.614
687.73	66.648
688.06	66.539
688.39	66.438
688.71	66.525
689.04	66.324
689.36	66.235
689.69	66.014
690.02	66.088
690.34	66.231
690.67	65.919
691.00	65.700
691.32	65.608
691.65	65.887
691.97	65.763
692.30	65.592
692.63	65.620
692.95	65.891
693.28	65.545
693.60	65.192
693.93	65.085
694.26	65.378
694.58	65.424
694.91	65.427
695.23	64.883
695.56	64.929
695.88	64.849
696.21	64.171
696.53	63.887
696.86	64.186
697.18	64.388
697.51	64.302
697.83	63.963
698.16	63.901
698.48	63.725
698.81	63.910
699.13	63.682
699.46	63.275
699.78	63.330
700.11	63.238
700.43	62.868
700.76	62.532
701.08	62.091
701.41	62.127
701.73	61.849
702.06	61.870
702.38	61.546
702.71	61.383
703.03	61.709
703.35	62.003
703.68	61.636
704.00	61.741
704.33	61.941
704.65	62.282
704.98	61.969
705.30	61.856
705.62	61.712
705.95	61.358
706.27	61.298
706.60	61.233
706.92	61.360
707.24	61.579
707.57	61.274
707.89	61.219
708.21	60.788
708.54	60.587
708.86	60.333
709.18	60.071
709.51	59.651
709.83	59.629
710.15	59.263
710.48	59.081
710.80	58.834
711.12	58.653
711.45	58.294
711.77	58.156
712.09	58.140
712.42	58.298
712.74	58.328
713.06	58.664
713.38	58.409
713.71	58.344
714.03	57.490
714.35	57.178
714.68	56.941
715.00	56.548
715.32	56.571
715.64	56.611
715.97	56.723
716.29	56.248
716.61	55.726
716.93	55.816
717.25	55.047
717.58	54.945
717.90	54.810
718.22	54.905
718.54	54.689
718.87	54.708
719.19	54.350
719.51	53.904
719.83	54.119
720.15	54.202
720.47	53.742
720.80	54.536
721.12	54.961
721.44	54.690
721.76	54.365
722.08	54.449
722.40	53.741
722.73	53.546
723.05	52.946
723.37	51.967
723.69	51.499
724.01	51.106
724.33	50.703
724.65	50.082
724.97	49.849
725.30	50.118
725.62	49.157
725.94	49.143
726.26	48.829
726.58	49.516
726.90	49.819
727.22	50.215
727.54	50.609
727.86	50.784
728.18	50.447
728.50	50.460
728.82	50.487
729.14	50.299
729.46	49.867
729.78	50.264
730.10	49.287
730.42	48.928
730.74	48.898
731.07	48.316
731.39	47.975
731.71	48.329
732.03	48.025
732.35	47.433
732.66	47.418
732.98	47.465
733.30	46.853
733.62	47.264
733.94	47.010
734.26	46.125
734.58	45.596
734.90	45.050
735.22	44.531
735.54	43.828
735.86	43.631
736.18	44.164
736.50	43.475
736.82	43.525
737.14	42.915
737.46	43.506
737.78	44.192
738.10	44.814
738.41	44.468
738.73	43.894
739.05	44.629
739.37	44.566
739.69	43.905
740.01	44.808
740.33	44.850
740.65	44.773
740.96	43.404
741.28	42.087
741.60	40.903
741.92	41.113
742.24	41.168
742.56	40.338
742.88	39.982
743.19	40.485
743.51	40.351
743.83	39.029
744.15	38.757
744.47	39.382
744.78	40.991
745.10	41.552
745.42	41.639
745.74	41.500
746.06	41.870
746.37	41.544
746.69	40.704
747.01	39.452
747.33	39.326
747.64	39.346
747.96	38.696
748.28	37.359
748.60	37.308
748.91	36.157
749.23	37.050
749.55	37.881
749.87	38.724
750.18	39.639
750.50	40.284
750.82	40.486
751.13	40.005
751.45	39.642
751.77	39.957
752.08	39.376
752.40	40.974
752.72	39.480
753.03	37.814
753.35	36.864
753.67	37.114
753.98	36.173
754.30	36.503
754.62	36.929
754.93	37.628
755.25	37.790
755.57	37.307
755.88	36.034
756.20	36.094
756.51	36.619
756.83	36.035
757.15	35.839
757.46	36.345
757.78	36.590
758.09	36.357
758.41	36.047
758.73	35.076
759.04	35.258
759.36	34.911
759.67	35.415
759.99	35.697
760.30	35.538
760.62	34.896
760.94	34.659
761.25	34.787
761.57	34.888
761.88	34.575
762.20	34.542
762.51	34.975
762.83	34.301
763.14	33.880
763.46	33.785
763.77	34.654
764.09	34.123
764.40	33.990
764.72	33.255
765.03	33.728
765.35	33.662
765.66	34.443
765.98	33.540
766.29	34.038
766.61	34.573
766.92	33.739
767.23	33.860
767.55	35.045
767.86	34.934
768.18	35.760
768.49	33.696
768.81	33.907
769.12	31.913
769.43	31.887
769.75	31.856
770.06	31.712
770.38	31.563
770.69	30.571
771.00	29.664
771.32	29.940
771.63	30.333
771.94	31.258
772.26	30.063
772.57	30.537
772.89	32.645
773.20	33.420
773.51	33.068
773.83	32.565
774.14	33.208
774.45	32.160
774.77	32.068
775.08	30.608
775.39	29.643
775.70	30.741
776.02	29.719
776.33	28.427
776.64	27.217
776.96	25.510
777.27	25.893
777.58	23.773
777.89	23.177
778.21	23.655
778.52	25.893
778.83	27.136
779.14	27.595
779.46	29.749
779.77	29.250
780.08	31.403
780.39	34.276
780.71	33.211
781.02	35.018
781.33	36.101
781.64	35.042
781.95	32.558
782.27	32.611
782.58	32.630
782.89	30.673
783.20	29.521
783.51	27.566
783.83	25.795
784.14	29.003
784.45	26.123
784.76	24.484
785.07	23.499
785.38	22.906
785.70	21.784
786.01	23.797
786.32	25.777
786.63	27.361
786.94	24.810
787.25	25.934
787.56	24.109
787.87	25.090
788.18	25.921
788.50	26.116
788.81	26.446
789.12	25.555
789.43	23.380
789.74	22.391
790.05	23.764
790.36	26.531
790.67	25.455
790.98	22.609
791.29	24.889
791.60	26.573
791.91	27.448
792.22	27.708
792.53	27.953
792.84	27.690
793.15	27.688
793.46	24.403
793.77	23.518
794.08	22.099
794.39	24.215
794.70	21.496
795.01	19.205
795.32	18.759
795.63	19.052
795.94	19.335
796.25	19.268
796.56	18.713
796.87	20.879
797.18	22.592
797.49	22.187
797.80	22.164
798.11	20.999
798.42	21.759
798.73	21.812
799.04	19.221
799.35	18.949
799.65	19.714
799.96	19.015
800.27	17.256
800.58	15.578
800.89	17.066
801.20	15.339
801.51	16.600
801.82	16.374
802.13	16.567
802.43	18.761
802.74	18.450
803.05	15.271
803.36	16.294
803.67	19.286
803.98	19.182
804.28	18.141
804.59	19.428
804.90	18.578
805.21	14.623
805.52	15.402
805.83	17.480
806.13	16.530
806.44	15.145
806.75	15.256
807.06	13.983
807.36	13.512
807.67	14.607
807.98	15.201
808.29	16.415
808.60	17.936
808.90	16.661
809.21	14.092
809.52	12.639
809.83	12.681
810.13	12.207
810.44	12.058
810.75	12.735
811.05	8.697
811.36	8.304
811.67	9.109
811.98	8.676
812.28	7.861
812.59	5.948
812.90	9.293
813.20	14.599
813.51	13.436
813.82	14.673
814.12	14.474
814.43	19.049
814.74	18.793
815.04	16.973
815.35	17.912
815.65	19.476
815.96	21.673
816.27	20.388
816.57	18.564
816.88	19.728
817.19	16.598
817.49	18.050
817.80	13.344
818.10	12.818
818.41	14.841
818.72	14.307
819.02	13.839
819.33	15.777
819.63	15.346
819.94	16.166
820.24	17.216
820.55	19.836
820.85	18.300
821.16	20.478
821.47	21.816
821.77	21.151
822.08	21.195
822.38	20.704
822.69	19.911
822.99	20.197
823.30	20.527
823.60	20.689
823.91	19.616
824.21	19.579
824.52	19.084
824.82	17.854
825.13	17.878
825.43	17.035
825.73	16.909
826.04	17.321
826.34	16.318
826.65	15.467
826.95	14.486
827.26	14.915
827.56	14.460
827.87	14.638
828.17	15.381
828.47	15.672
828.78	17.647
829.08	17.142
829.39	15.565
829.69	16.604
829.99	14.679
830.30	15.190
830.60	16.566
830.90	17.080
831.21	18.119
831.51	16.314
831.82	15.197
832.12	13.661
832.42	12.895
832.73	13.890
833.03	14.052
833.33	14.625
833.64	12.966
833.94	12.404
834.24	12.507
834.54	12.144
834.85	13.832
835.15	14.821
835.45	14.074
835.76	14.612
836.06	14.828
836.36	14.547
836.66	14.233
836.97	16.489
837.27	15.397
837.57	17.543
837.87	17.285
838.18	15.768
838.48	9.868
838.78	7.256
839.08	10.129
839.39	7.356
839.69	5.226
839.99	6.601
840.29	6.363
840.59	5.390
840.90	1.461
841.20	-1.654
841.50	-1.183
841.80	4.318
842.10	10.691
842.41	9.635
842.71	11.517
843.01	9.167
843.31	8.376
843.61	2.868
843.91	0.728
844.21	6.744
844.52	12.329
844.82	4.297
845.12	-2.069
845.42	-15.890
845.72	-7.104
846.02	-7.731
846.32	-9.719
846.62	-7.829
846.92	-13.007
847.22	-15.108
847.52	-16.861
847.83	-23.777
848.13	-14.726
848.43	-21.179
848.73	-16.040
849.03	-30.000
849.33	-31.020
849.63	-13.499
849.93	-15.375
850.23	-11.437
850.53	-7.317
850.83	-21.154
851.13	-11.966
851.43	-24.077
851.73	-19.325
852.03	-14.058
852.33	1.649
852.63	13.602
852.93	12.582
853.23	11.911
853.53	15.166
853.83	20.670
854.13	24.340
854.43	28.425
854.73	35.714
855.03	30.281
855.32	25.576
855.62	15.714
855.92	14.637
856.22	6.401
856.52	11.315
856.82	13.562
857.12	0.479
857.42	7.413
857.72	-9.643
858.02	-13.455
858.31	-1.933
858.61	7.448
858.91	8.677
859.21	3.821
859.51	-0.502
859.81	-9.881
860.11	-3.428
860.40	4.882
860.70	1.225
861.00	7.681
861.30	0.289
861.60	-11.149
861.90	-25.828
862.19	-25.523
862.49	-37.170
862.79	-30.104
863.09	-16.757
863.39	-39.427
863.68	-28.719
863.98	-40.227
864.28	-51.020
864.58	-33.814
864.87	-22.642
865.17	-15.190
865.47	-28.481
865.77	-9.658
866.06	-9.091
866.36	-16.867
866.66	-17.878
866.96	-15.711
867.25	-7.839
867.55	-1.386
867.85	-12.963
868.14	-16.923
868.44	-29.381
868.74	-28.692
869.03	-33.479
869.33	-46.799
869.63	-51.434
869.92	-28.445
870.22	-49.360
870.52	-57.643
870.81	-71.946
871.11	-43.894
871.41	-50.573
871.70	-69.588
872.00	-61.802
872.30	-59.655
872.59	-54.146
872.89	-43.110
873.18	-59.259
873.48	-33.083
873.78	-21.837
874.07	-27.086
874.37	-64.622
874.66	-34.924
874.96	-19.005
875.25	-22.679
875.55	-17.647
875.85	-19.048
876.14	-57.895
876.44	-58.711
876.73	-73.253
877.03	-85.754
877.32	-84.503
877.62	-58.314
877.91	-76.050
878.21	-66.521
878.50	-57.870
878.80	-54.054
879.09	-46.170
879.39	-26.181
879.68	-21.756
879.98	-19.808
880.27	-11.288
880.57	-3.457
880.86	7.444
881.16	6.905
881.45	6.829
881.74	4.102
882.04	3.783
882.33	8.128
882.63	8.896
882.92	7.896
883.22	7.497
883.51	5.705
883.80	5.871
884.10	2.625
884.39	5.495
884.69	4.796
884.98	3.630
885.27	3.171
885.57	-10.811
885.86	-21.592
886.15	-29.384
886.45	-30.465
886.74	-35.082
887.03	-30.054
887.33	-23.956
887.62	-89.098
887.91	200.000
888.21	21.739
888.50	262.500
888.79	-10.000
889.09	182.051
