190.56	171.111
190.94	171.111
191.32	171.111
191.70	239.216
192.08	-34.286
192.46	288.750
192.84	323.944
193.22	384.181
193.60	647.170
193.98	982.609
194.36	893.506
194.74	561.667
195.13	1079.365
195.51	1511.111
195.89	1980.556
196.27	1041.333
196.65	1155.556
197.03	769.231
197.40	1060.465
197.78	875.221
198.16	2758.824
198.54	-4884.211
198.92	-1877.358
199.30	-1350.000
199.68	-842.017
200.06	-612.258
200.44	-288.498
200.82	-278.859
201.20	-151.628
201.58	-142.553
201.96	-118.735
202.34	-122.368
202.72	-135.244
203.10	-107.107
203.48	-78.700
203.86	-102.538
204.24	-106.633
204.62	-148.485
205.00	-139.589
205.38	-190.476
205.76	-187.427
206.13	-216.399
206.51	-239.933
206.89	-530.000
207.27	-779.130
207.65	-930.526
208.03	-557.664
208.41	-575.362
208.79	-469.643
209.17	-414.508
209.55	-277.273
209.93	-358.416
210.30	-189.538
210.68	-156.267
211.06	-103.578
211.44	-103.321
211.82	-110.572
212.20	-102.050
212.58	-94.778
212.96	-85.312
213.33	-78.155
213.71	-93.074
214.09	-90.566
214.47	-124.157
214.85	-146.436
215.23	-179.781
215.61	-171.088
215.98	-189.702
216.36	-210.000
216.74	-222.687
217.12	-184.960
217.50	-145.940
217.88	-136.756
218.25	-143.197
218.63	-129.424
219.01	-116.098
219.39	-91.541
219.77	-98.220
220.14	-85.285
220.52	-83.857
220.90	-73.652
221.28	-81.969
221.66	-79.458
222.03	-75.446
222.41	-60.511
222.79	-55.687
223.17	-47.064
223.55	-48.810
223.92	-44.686
224.30	-41.661
224.68	-46.117
225.06	-42.629
225.43	-36.653
225.81	-36.754
226.19	-31.822
226.57	-31.297
226.95	-26.621
227.32	-21.972
227.70	-17.351
228.08	-14.306
228.46	-12.965
228.83	-11.014
229.21	-11.273
229.59	-11.333
229.96	-12.258
230.34	-11.827
230.72	-11.570
231.10	-11.968
231.47	-12.306
231.85	-13.299
232.23	-14.326
232.60	-14.458
232.98	-15.029
233.36	-16.014
233.74	-15.404
234.11	-13.466
234.49	-14.214
234.87	-13.443
235.24	-13.105
235.62	-14.375
236.00	-13.224
236.37	-10.812
236.75	-10.670
237.13	-7.834
237.50	-6.131
237.88	-6.350
238.26	-5.870
238.63	-4.939
239.01	-4.548
239.39	-4.057
239.76	-3.149
240.14	-2.923
240.52	-3.156
240.89	-1.882
241.27	-2.596
241.65	-2.199
242.02	-1.894
242.40	-2.037
242.77	-2.334
243.15	-1.815
243.53	-1.417
243.90	-1.344
244.28	-1.208
244.66	-0.847
245.03	-1.482
245.41	-1.415
245.78	-0.967
246.16	-0.511
246.54	-0.346
246.91	-0.004
247.29	-0.108
247.66	-0.126
248.04	-0.113
248.41	-0.191
248.79	-0.469
249.17	-0.541
249.54	-0.178
249.92	-0.464
250.29	-0.789
250.67	-0.920
251.04	-0.960
251.42	-0.713
251.80	-0.654
252.17	-0.536
252.55	-0.354
252.92	-0.307
253.30	-0.127
253.67	-0.487
254.05	-0.954
254.42	-1.694
254.80	-1.378
255.17	-2.325
255.55	-2.092
255.92	-2.252
256.30	-2.300
256.67	-2.524
257.05	-2.330
257.42	-2.588
257.80	-2.603
258.17	-1.809
258.55	-1.127
258.92	-1.196
259.30	-0.643
259.67	-0.776
260.05	-0.827
260.42	-0.946
260.80	-1.110
261.17	-1.239
261.55	-1.093
261.92	-1.062
262.30	-1.157
262.67	-1.439
263.05	-1.722
263.42	-1.825
263.79	-2.085
264.17	-2.152
264.54	-1.975
264.92	-1.537
265.29	-1.420
265.67	-1.266
266.04	-1.313
266.42	-1.603
266.79	-1.496
267.16	-0.920
267.54	-1.174
267.91	-1.051
268.29	-0.896
268.66	-1.071
269.03	-1.019
269.41	-1.172
269.78	-1.183
270.16	-0.978
270.53	-1.062
270.90	-0.934
271.28	-1.137
271.65	-1.009
272.03	-0.959
272.40	-1.092
272.77	-0.679
273.15	-0.864
273.52	-0.566
273.89	-0.404
274.27	-0.190
274.64	-0.072
275.01	-0.163
275.39	-0.231
275.76	-0.390
276.14	-0.428
276.51	-0.481
276.88	-0.753
277.26	-0.660
277.63	-0.657
278.00	-0.688
278.38	-0.742
278.75	-1.013
279.12	-1.058
279.49	-0.924
279.87	-1.039
280.24	-1.037
280.61	-0.858
280.99	-0.627
281.36	-0.457
281.73	-0.586
282.11	-0.562
282.48	-0.579
282.85	-0.339
283.22	-0.133
283.60	0.082
283.97	0.162
284.34	0.171
284.71	0.132
285.09	0.129
285.46	0.205
285.83	0.530
286.21	0.656
286.58	0.821
286.95	0.834
287.32	0.754
287.70	0.717
288.07	1.092
288.44	1.423
288.81	1.590
289.18	1.647
289.56	1.596
289.93	1.612
290.30	1.873
290.67	1.980
291.05	2.353
291.42	2.674
291.79	2.943
292.16	2.929
292.53	3.095
292.91	3.255
293.28	3.562
293.65	3.845
294.02	3.999
294.39	3.961
294.76	3.999
295.14	4.148
295.51	4.153
295.88	4.076
296.25	4.302
296.62	4.362
297.00	4.683
297.37	4.746
297.74	4.847
298.11	4.916
298.48	5.070
298.85	5.363
299.22	5.530
299.60	5.704
299.97	5.891
300.34	5.914
300.71	6.113
301.08	6.128
301.45	6.211
301.82	6.387
302.19	6.382
302.56	6.471
302.94	6.382
303.31	6.339
303.68	6.339
304.05	6.431
304.42	6.802
304.79	6.689
305.16	6.851
305.53	6.948
305.90	6.989
306.27	7.304
306.64	7.509
307.02	7.635
307.39	8.003
307.76	8.334
308.13	8.630
308.50	8.765
308.87	9.099
309.24	9.069
309.61	9.233
309.98	9.397
310.35	9.446
310.72	9.562
311.09	9.684
311.46	9.620
311.83	9.730
312.20	9.916
312.57	10.127
312.94	10.246
313.31	10.630
313.68	10.680
314.05	10.926
314.42	11.165
314.79	11.304
315.16	11.612
315.53	11.766
315.90	11.772
316.27	11.759
316.64	11.542
317.01	11.656
317.38	11.684
317.75	11.948
318.12	11.929
318.49	11.997
318.86	12.179
319.23	12.231
319.60	12.301
319.97	12.480
320.34	12.753
320.71	13.037
321.08	13.060
321.45	13.028
321.82	13.190
322.19	13.291
322.55	13.511
322.92	13.607
323.29	13.515
323.66	13.724
324.03	13.877
324.40	13.891
324.77	14.217
325.14	14.594
325.51	14.803
325.88	14.913
326.25	15.259
326.61	15.558
326.98	15.576
327.35	15.882
327.72	16.016
328.09	16.253
328.46	16.603
328.83	16.821
329.20	16.864
329.56	17.050
329.93	17.235
330.30	17.221
330.67	17.217
331.04	17.576
331.41	17.743
331.78	17.861
332.14	18.039
332.51	18.126
332.88	18.125
333.25	18.134
333.62	18.256
333.99	18.415
334.35	18.451
334.72	18.514
335.09	18.431
335.46	18.558
335.83	18.754
336.19	18.752
336.56	18.695
336.93	18.752
337.30	18.723
337.67	18.711
338.03	18.519
338.40	18.537
338.77	18.416
339.14	18.341
339.50	18.364
339.87	18.120
340.24	18.072
340.61	18.017
340.97	17.809
341.34	17.971
341.71	17.985
342.08	18.141
342.44	18.196
342.81	18.293
343.18	18.309
343.55	18.194
343.91	18.183
344.28	18.200
344.65	18.257
345.02	18.402
345.38	18.235
345.75	18.194
346.12	18.114
346.48	18.074
346.85	18.023
347.22	18.167
347.59	18.179
347.95	18.127
348.32	18.196
348.69	18.191
349.05	18.031
349.42	18.222
349.79	17.984
350.15	18.013
350.52	18.008
350.89	17.943
351.25	17.791
351.62	17.706
351.99	17.818
352.35	17.722
352.72	17.655
353.09	17.580
353.45	17.391
353.82	17.649
354.18	17.584
354.55	17.578
354.92	17.597
355.28	17.522
355.65	17.443
356.02	17.310
356.38	17.218
356.75	17.157
357.11	17.266
357.48	17.324
357.85	17.338
358.21	17.361
358.58	17.390
358.94	17.329
359.31	17.390
359.67	17.408
360.04	17.465
360.41	17.474
360.77	17.515
361.14	17.468
361.50	17.374
361.87	17.342
362.23	17.260
362.60	17.299
362.97	17.244
363.33	17.151
363.70	17.139
364.06	17.121
364.43	17.122
364.79	17.066
365.16	17.048
365.52	17.056
365.89	16.997
366.25	16.942
366.62	16.869
366.98	16.978
367.35	17.089
367.71	17.008
368.08	16.884
368.44	16.907
368.81	16.825
369.17	16.746
369.54	16.692
369.90	16.617
370.27	16.700
370.63	16.645
371.00	16.590
371.36	16.480
371.73	16.544
372.09	16.600
372.45	16.457
372.82	16.434
373.18	16.503
373.55	16.472
373.91	16.460
374.28	16.414
374.64	16.463
375.01	16.516
375.37	16.508
375.73	16.579
376.10	16.575
376.46	16.670
376.83	16.677
377.19	16.641
377.55	16.681
377.92	16.658
378.28	16.669
378.65	16.590
379.01	16.514
379.37	16.696
379.74	16.666
380.10	16.650
380.47	16.653
380.83	16.673
381.19	16.708
381.56	16.766
381.92	16.747
382.28	16.897
382.65	17.003
383.01	17.062
383.37	16.963
383.74	16.900
384.10	17.020
384.46	16.962
384.83	16.981
385.19	16.930
385.55	16.936
385.92	16.976
386.28	16.949
386.64	16.946
387.01	16.911
387.37	16.758
387.73	16.854
388.10	16.729
388.46	16.715
388.82	16.698
389.18	16.812
389.55	16.740
389.91	16.678
390.27	16.551
390.64	16.543
391.00	16.545
391.36	16.666
391.72	16.532
392.09	16.600
392.45	16.568
392.81	16.506
393.17	16.391
393.54	16.426
393.90	16.506
394.26	16.499
394.62	16.389
394.99	16.427
395.35	16.390
395.71	16.391
396.07	16.246
396.43	16.285
396.80	16.378
397.16	16.407
397.52	16.396
397.88	16.451
398.24	16.516
398.61	16.485
398.97	16.397
399.33	16.370
399.69	16.448
400.05	16.495
400.42	16.478
400.78	16.498
401.14	16.408
401.50	16.370
401.86	16.244
402.22	16.208
402.59	16.278
402.95	16.292
403.31	16.302
403.67	16.289
404.03	16.290
404.39	16.249
404.75	16.211
405.12	16.330
405.48	16.234
405.84	16.242
406.20	16.227
406.56	16.152
406.92	16.146
407.28	16.152
407.64	16.194
408.00	16.158
408.36	16.136
408.73	16.189
409.09	16.145
409.45	16.220
409.81	16.237
410.17	16.197
410.53	16.247
410.89	16.254
411.25	16.154
411.61	16.124
411.97	16.142
412.33	16.147
412.69	16.070
413.05	15.957
413.41	15.936
413.77	15.953
414.13	16.021
414.50	16.002
414.86	16.017
415.22	15.979
415.58	15.898
415.94	15.960
416.30	15.988
416.66	15.964
417.02	15.967
417.38	16.057
417.74	16.043
418.10	16.053
418.46	16.075
418.82	16.032
419.18	16.134
419.54	16.165
419.90	16.126
420.26	16.167
420.61	16.178
420.97	16.254
421.33	16.256
421.69	16.254
422.05	16.225
422.41	16.211
422.77	16.197
423.13	16.206
423.49	16.216
423.85	16.256
424.21	16.213
424.57	16.215
424.93	16.197
425.29	16.178
425.65	16.160
426.01	16.144
426.36	16.192
426.72	16.212
427.08	16.233
427.44	16.240
427.80	16.232
428.16	16.267
428.52	16.283
428.88	16.274
429.24	16.301
429.59	16.349
429.95	16.349
430.31	16.306
430.67	16.379
431.03	16.373
431.39	16.430
431.75	16.517
432.10	16.534
432.46	16.554
432.82	16.602
433.18	16.655
433.54	16.630
433.90	16.755
434.25	16.800
434.61	16.763
434.97	16.734
435.33	16.673
435.69	16.689
436.04	16.748
436.40	16.819
436.76	16.836
437.12	16.800
437.48	16.852
437.83	16.814
438.19	16.873
438.55	16.973
438.91	16.981
439.27	17.045
439.62	17.064
439.98	17.074
440.34	17.105
440.70	17.135
441.05	17.205
441.41	17.229
441.77	17.317
442.13	17.336
442.48	17.378
442.84	17.449
443.20	17.476
443.56	17.455
443.91	17.492
444.27	17.521
444.63	17.568
444.98	17.608
445.34	17.679
445.70	17.685
446.05	17.760
446.41	17.885
446.77	17.969
447.13	18.089
447.48	18.226
447.84	18.312
448.20	18.348
448.55	18.400
448.91	18.438
449.27	18.454
449.62	18.480
449.98	18.466
450.34	18.445
450.69	18.411
451.05	18.425
451.40	18.419
451.76	18.390
452.12	18.395
452.47	18.446
452.83	18.488
453.19	18.594
453.54	18.743
453.90	18.845
454.25	18.852
454.61	18.956
454.97	18.981
455.32	18.937
455.68	18.994
456.03	19.030
456.39	19.118
456.75	19.196
457.10	19.100
457.46	18.952
457.81	18.950
458.17	18.984
458.52	19.034
458.88	19.044
459.24	19.138
459.59	19.184
459.95	19.310
460.30	19.277
460.66	19.258
461.01	19.316
461.37	19.496
461.72	19.531
462.08	19.552
462.43	19.586
462.79	19.678
463.14	19.684
463.50	19.732
463.85	19.648
464.21	19.608
464.56	19.625
464.92	19.675
465.27	19.583
465.63	19.619
465.98	19.724
466.34	19.757
466.69	19.727
467.05	19.760
467.40	19.814
467.76	19.818
468.11	19.882
468.47	19.868
468.82	19.900
469.18	19.866
469.53	19.874
469.88	19.835
470.24	19.831
470.59	19.778
470.95	19.744
471.30	19.685
471.66	19.648
472.01	19.709
472.36	19.696
472.72	19.776
473.07	19.861
473.43	19.828
473.78	19.792
474.13	19.781
474.49	19.859
474.84	19.853
475.19	19.804
475.55	19.884
475.90	19.836
476.26	19.901
476.61	19.893
476.96	19.838
477.32	19.837
477.67	19.839
478.02	19.770
478.38	19.770
478.73	19.762
479.08	19.775
479.44	19.781
479.79	19.786
480.14	19.791
480.50	19.712
480.85	19.729
481.20	19.723
481.56	19.740
481.91	19.795
482.26	19.866
482.62	19.946
482.97	19.984
483.32	20.035
483.67	20.107
484.03	20.114
484.38	20.150
484.73	20.147
485.08	20.145
485.44	20.113
485.79	20.135
486.14	20.095
486.49	20.039
486.85	20.034
487.20	19.999
487.55	19.933
487.90	19.946
488.26	19.905
488.61	19.903
488.96	19.906
489.31	19.912
489.67	19.851
490.02	19.827
490.37	19.851
490.72	19.827
491.07	19.806
491.43	19.819
491.78	19.780
492.13	19.828
492.48	19.878
492.83	19.914
493.19	19.938
493.54	19.984
493.89	19.967
494.24	19.944
494.59	19.938
494.94	19.936
495.29	19.912
495.65	19.883
496.00	19.872
496.35	19.806
496.70	19.763
497.05	19.764
497.40	19.743
497.75	19.760
498.11	19.787
498.46	19.813
498.81	19.815
499.16	19.766
499.51	19.785
499.86	19.772
500.21	19.824
500.56	19.834
500.91	19.883
501.26	19.874
501.62	19.884
501.97	19.832
502.32	19.802
502.67	19.764
503.02	19.785
503.37	19.828
503.72	19.862
504.07	19.765
504.42	19.765
504.77	19.718
505.12	19.715
505.47	19.696
505.82	19.730
506.17	19.693
506.52	19.692
506.87	19.596
507.22	19.507
507.57	19.399
507.92	19.465
508.27	19.438
508.62	19.401
508.97	19.407
509.32	19.398
509.67	19.364
510.02	19.335
510.37	19.288
510.72	19.355
511.07	19.392
511.42	19.432
511.77	19.364
512.12	19.407
512.47	19.365
512.82	19.369
513.17	19.334
513.52	19.306
513.87	19.327
514.22	19.337
514.57	19.295
514.91	19.215
515.26	19.116
515.61	19.108
515.96	19.049
516.31	19.038
516.66	18.943
517.01	18.920
517.36	18.859
517.71	18.850
518.06	18.818
518.41	18.805
518.75	18.811
519.10	18.811
519.45	18.726
519.80	18.609
520.15	18.575
520.50	18.522
520.85	18.474
521.19	18.441
521.54	18.312
521.89	18.247
522.24	18.180
522.59	18.017
522.94	17.908
523.28	17.909
523.63	17.851
523.98	17.726
524.33	17.675
524.68	17.624
525.03	17.548
525.37	17.471
525.72	17.397
526.07	17.280
526.42	17.236
526.76	17.189
527.11	17.113
527.46	17.106
527.81	17.121
528.16	17.124
528.50	17.110
528.85	17.087
529.20	17.101
529.55	17.062
529.89	17.046
530.24	17.050
530.59	16.984
530.94	16.925
531.28	16.826
531.63	16.741
531.98	16.658
532.32	16.573
532.67	16.550
533.02	16.473
533.37	16.417
533.71	16.418
534.06	16.353
534.41	16.364
534.75	16.382
535.10	16.374
535.45	16.382
535.79	16.352
536.14	16.308
536.49	16.233
536.83	16.179
537.18	16.171
537.53	16.112
537.87	16.095
538.22	16.028
538.57	15.936
538.91	15.873
539.26	15.770
539.61	15.729
539.95	15.658
540.30	15.625
540.64	15.657
540.99	15.656
541.34	15.627
541.68	15.601
542.03	15.622
542.37	15.605
542.72	15.632
543.07	15.670
543.41	15.676
543.76	15.710
544.10	15.728
544.45	15.667
544.80	15.633
545.14	15.654
545.49	15.575
545.83	15.574
546.18	15.628
546.52	15.598
546.87	15.569
547.21	15.564
547.56	15.572
547.90	15.551
548.25	15.549
548.59	15.592
548.94	15.594
549.29	15.677
549.63	15.670
549.98	15.627
550.32	15.649
550.67	15.678
551.01	15.690
551.35	15.742
551.70	15.703
552.04	15.787
552.39	15.765
552.73	15.731
553.08	15.717
553.42	15.775
553.77	15.783
554.11	15.786
554.46	15.738
554.80	15.723
555.15	15.659
555.49	15.765
555.83	15.717
556.18	15.705
556.52	15.772
556.87	15.824
557.21	15.753
557.56	15.781
557.90	15.792
558.24	15.773
558.59	15.771
558.93	15.842
559.28	15.870
559.62	15.881
559.96	15.907
560.31	15.848
560.65	15.928
560.99	15.920
561.34	15.900
561.68	15.822
562.02	15.817
562.37	15.758
562.71	15.633
563.06	15.520
563.40	15.522
563.74	15.485
564.09	15.532
564.43	15.447
564.77	15.457
565.11	15.432
565.46	15.509
565.80	15.530
566.14	15.569
566.49	15.604
566.83	15.639
567.17	15.635
567.52	15.678
567.86	15.647
568.20	15.600
568.54	15.565
568.89	15.571
569.23	15.471
569.57	15.376
569.91	15.269
570.26	15.225
570.60	15.140
570.94	15.082
571.28	14.999
571.63	14.952
571.97	14.899
572.31	14.857
572.65	14.814
573.00	14.759
573.34	14.802
573.68	14.790
574.02	14.732
574.36	14.781
574.71	14.760
575.05	14.715
575.39	14.666
575.73	14.703
576.07	14.668
576.42	14.724
576.76	14.753
577.10	14.714
577.44	14.712
577.78	14.737
578.12	14.699
578.46	14.664
578.81	14.728
579.15	14.694
579.49	14.692
579.83	14.702
580.17	14.610
580.51	14.603
580.85	14.672
581.20	14.757
581.54	14.780
581.88	14.857
582.22	14.964
582.56	14.973
582.90	15.006
583.24	15.021
583.58	15.074
583.92	15.156
584.26	15.319
584.60	15.390
584.95	15.452
585.29	15.610
585.63	15.658
585.97	15.733
586.31	15.807
586.65	15.960
586.99	16.082
587.33	16.257
587.67	16.410
588.01	16.537
588.35	16.616
588.69	16.743
589.03	16.870
589.37	16.985
589.71	17.180
590.05	17.403
590.39	17.626
590.73	17.775
591.07	17.963
591.41	18.160
591.75	18.297
592.09	18.527
592.43	18.711
592.77	18.890
593.11	19.091
593.45	19.194
593.79	19.416
594.13	19.559
594.47	19.806
594.81	19.912
595.14	20.061
595.48	20.262
595.82	20.443
596.16	20.684
596.50	20.863
596.84	21.075
597.18	21.353
597.52	21.427
597.86	21.609
598.20	21.801
598.54	22.007
598.87	22.206
599.21	22.411
599.55	22.644
599.89	22.777
600.23	22.997
600.57	23.259
600.91	23.412
601.25	23.617
601.58	23.847
601.92	24.092
602.26	24.351
602.60	24.483
602.94	24.697
603.28	24.875
603.61	25.097
603.95	25.262
604.29	25.377
604.63	25.514
604.97	25.711
605.30	25.792
605.64	25.888
605.98	26.049
606.32	26.220
606.66	26.308
606.99	26.422
607.33	26.549
607.67	26.631
608.01	26.632
608.34	26.715
608.68	26.892
609.02	27.163
609.36	27.295
609.69	27.349
610.03	27.456
610.37	27.573
610.71	27.701
611.04	27.758
611.38	27.883
611.72	28.070
612.06	28.202
612.39	28.243
612.73	28.163
613.07	28.249
613.40	28.359
613.74	28.471
614.08	28.541
614.41	28.660
614.75	28.779
615.09	28.886
615.42	28.962
615.76	29.194
616.10	29.285
616.43	29.377
616.77	29.382
617.11	29.378
617.44	29.530
617.78	29.592
618.12	29.598
618.45	29.618
618.79	29.795
619.13	29.926
619.46	29.803
619.80	29.774
620.13	29.874
620.47	30.101
620.81	30.332
621.14	30.336
621.48	30.354
621.81	30.282
622.15	30.368
622.48	30.281
622.82	30.216
623.16	30.360
623.49	30.444
623.83	30.552
624.16	30.561
624.50	30.501
624.83	30.472
625.17	30.624
625.50	30.710
625.84	30.765
626.18	30.693
626.51	30.789
626.85	30.727
627.18	30.794
627.52	30.720
627.85	30.695
628.19	30.693
628.52	30.749
628.86	30.727
629.19	30.764
629.53	30.908
629.86	31.055
630.19	31.069
630.53	31.199
630.86	31.160
631.20	31.207
631.53	31.168
631.87	31.229
632.20	31.217
632.54	31.386
632.87	31.412
633.20	31.206
633.54	31.188
633.87	31.069
634.21	30.986
634.54	31.025
634.88	31.071
635.21	31.062
635.54	31.077
635.88	31.152
636.21	30.929
636.55	30.958
636.88	31.082
637.21	31.062
637.55	31.295
637.88	31.177
638.21	31.126
638.55	31.228
638.88	31.242
639.21	31.228
639.55	31.128
639.88	31.189
640.21	31.195
640.55	31.170
640.88	31.295
641.21	31.232
641.55	31.430
641.88	31.529
642.21	31.305
642.55	31.424
642.88	31.449
643.21	31.510
643.55	31.650
643.88	31.636
644.21	31.563
644.54	31.548
644.88	31.418
645.21	31.444
645.54	31.418
645.87	31.620
646.21	31.538
646.54	31.451
646.87	31.397
647.20	31.220
647.54	31.074
647.87	31.112
648.20	31.172
648.53	31.372
648.87	31.134
649.20	31.063
649.53	30.984
649.86	30.921
650.19	30.966
650.53	31.018
650.86	31.095
651.19	31.255
651.52	31.283
651.85	31.076
652.18	30.822
652.52	30.944
652.85	31.080
653.18	31.140
653.51	31.219
653.84	31.092
654.17	31.184
654.51	30.988
654.84	30.791
655.17	30.738
655.50	30.719
655.83	30.860
656.16	30.675
656.49	30.602
656.82	30.465
657.15	30.490
657.49	30.593
657.82	30.461
658.15	30.728
658.48	30.962
658.81	30.803
659.14	30.946
659.47	30.913
659.80	31.098
660.13	30.939
660.46	30.827
660.79	30.717
661.12	30.808
661.45	30.714
661.78	30.511
662.11	30.376
662.44	30.409
662.77	30.227
663.10	30.082
663.43	30.168
663.76	30.401
664.09	30.514
664.42	30.406
664.75	30.376
665.08	30.527
665.41	30.479
665.74	30.527
666.07	30.551
666.40	30.686
666.73	30.896
667.06	30.584
667.39	30.424
667.72	30.391
668.05	30.383
668.38	30.055
668.71	29.996
669.04	29.966
669.37	29.900
669.70	29.825
670.03	29.804
670.36	29.547
670.69	29.578
671.01	29.565
671.34	29.404
671.67	29.238
672.00	29.388
672.33	29.305
672.66	29.032
672.99	29.058
673.32	28.987
673.64	28.807
673.97	28.813
674.30	28.726
674.63	28.711
674.96	28.691
675.29	28.758
675.62	28.501
675.94	28.402
676.27	28.446
676.60	28.108
676.93	27.990
677.26	28.013
677.58	27.854
677.91	27.749
678.24	27.472
678.57	27.345
678.90	27.404
679.22	27.421
679.55	27.523
679.88	27.531
680.21	27.393
680.54	27.317
680.86	27.174
681.19	27.162
681.52	27.031
681.85	27.076
682.17	26.985
682.50	26.740
682.83	26.517
683.16	26.327
683.48	26.010
683.81	26.191
684.14	26.023
684.46	25.945
684.79	25.859
685.12	25.927
685.45	25.843
685.77	25.801
686.10	25.685
686.43	25.414
686.75	25.065
687.08	25.085
687.41	24.591
687.73	24.638
688.06	24.326
688.39	23.956
688.71	23.559
689.04	22.970
689.36	22.824
689.69	22.796
690.02	22.813
690.34	22.642
690.67	22.591
691.00	22.772
691.32	22.641
691.65	22.489
691.97	22.439
692.30	22.380
692.63	22.397
692.95	22.336
693.28	22.193
693.60	22.128
693.93	22.085
694.26	21.771
694.58	21.546
694.91	21.303
695.23	21.271
695.56	21.337
695.88	21.158
696.21	21.241
696.53	20.795
696.86	20.369
697.18	20.143
697.51	20.016
697.83	20.086
698.16	19.892
698.48	19.764
698.81	19.598
699.13	19.418
699.46	19.156
699.78	18.815
700.11	18.864
700.43	18.844
700.76	18.492
701.08	18.051
701.41	17.617
701.73	17.506
702.06	17.216
702.38	16.589
702.71	16.058
703.03	15.806
703.35	15.461
703.68	14.871
704.00	14.291
704.33	14.248
704.65	14.470
704.98	14.665
705.30	14.065
705.62	13.464
705.95	13.450
706.27	13.092
706.60	13.206
706.92	13.145
707.24	12.960
707.57	12.743
707.89	12.542
708.21	12.013
708.54	11.509
708.86	11.428
709.18	11.524
709.51	11.173
709.83	11.091
710.15	10.672
710.48	10.377
710.80	10.226
711.12	10.340
711.45	9.867
711.77	9.817
712.09	9.621
712.42	9.208
712.74	8.922
713.06	8.985
713.38	8.753
713.71	8.398
714.03	7.992
714.35	7.765
714.68	7.370
715.00	7.379
715.32	6.921
715.64	6.267
715.97	6.167
716.29	5.995
716.61	5.599
716.93	5.385
717.25	5.294
717.58	5.346
717.90	5.427
718.22	5.148
718.54	4.542
718.87	4.257
719.19	4.615
719.51	4.097
719.83	3.541
720.15	3.029
720.47	2.712
720.80	2.259
721.12	1.900
721.44	1.017
721.76	0.869
722.08	1.188
722.40	0.980
722.73	0.650
723.05	0.332
723.37	0.051
723.69	0.128
724.01	0.000
724.33	0.231
724.65	-0.350
724.97	-0.409
725.30	-1.303
725.62	-1.803
725.94	-2.432
726.26	-3.282
726.58	-3.399
726.90	-3.160
727.22	-3.208
727.54	-4.290
727.86	-4.849
728.18	-5.098
728.50	-5.291
728.82	-5.440
729.14	-5.516
729.46	-5.201
729.78	-5.285
730.10	-5.700
730.42	-6.562
730.74	-6.579
731.07	-5.735
731.39	-6.194
731.71	-6.048
732.03	-5.552
732.35	-5.486
732.66	-5.634
732.98	-5.906
733.30	-6.276
733.62	-5.900
733.94	-5.893
734.26	-6.405
734.58	-7.017
734.90	-6.873
735.22	-7.279
735.54	-8.068
735.86	-8.315
736.18	-8.891
736.50	-9.569
736.82	-9.582
737.14	-10.157
737.46	-10.195
737.78	-11.432
738.10	-11.619
738.41	-11.618
738.73	-12.409
739.05	-12.206
739.37	-12.370
739.69	-12.999
740.01	-13.037
740.33	-12.843
740.65	-12.651
740.96	-12.954
741.28	-12.182
741.60	-12.479
741.92	-13.093
742.24	-12.023
742.56	-13.006
742.88	-14.083
743.19	-13.689
743.51	-14.844
743.83	-15.465
744.15	-16.508
744.47	-16.370
744.78	-17.626
745.10	-18.803
745.42	-19.455
745.74	-19.707
746.06	-20.410
746.37	-19.952
746.69	-20.471
747.01	-18.730
747.33	-18.484
747.64	-18.358
747.96	-18.609
748.28	-18.361
748.60	-18.406
748.91	-18.645
749.23	-19.485
749.55	-18.266
749.87	-18.077
750.18	-17.765
750.50	-18.724
750.82	-19.315
751.13	-19.561
751.45	-20.310
751.77	-19.940
752.08	-18.874
752.40	-18.558
752.72	-19.050
753.03	-19.635
753.35	-19.773
753.67	-20.140
753.98	-20.429
754.30	-20.266
754.62	-20.153
754.93	-19.395
755.25	-19.967
755.57	-21.001
755.88	-20.791
756.20	-21.175
756.51	-21.911
756.83	-22.749
757.15	-23.312
757.46	-23.722
757.78	-24.492
758.09	-23.787
758.41	-25.414
758.73	-25.888
759.04	-24.446
759.36	-25.833
759.67	-25.448
759.99	-25.904
760.30	-25.128
760.62	-24.598
760.94	-24.621
761.25	-23.584
761.57	-25.268
761.88	-23.604
762.20	-23.361
762.51	-24.242
762.83	-24.350
763.14	-24.030
763.46	-23.307
763.77	-24.125
764.09	-24.532
764.40	-24.144
764.72	-24.395
765.03	-24.084
765.35	-25.106
765.66	-24.984
765.98	-24.592
766.29	-23.423
766.61	-24.209
766.92	-24.902
767.23	-24.173
767.55	-24.604
767.86	-25.221
768.18	-25.621
768.49	-25.327
768.81	-25.414
769.12	-25.453
769.43	-26.323
769.75	-27.706
770.06	-26.333
770.38	-27.169
770.69	-26.699
771.00	-26.637
771.32	-25.536
771.63	-26.331
771.94	-28.272
772.26	-28.607
772.57	-28.423
772.89	-28.203
773.20	-28.050
773.51	-28.615
773.83	-27.443
774.14	-28.595
774.45	-28.725
774.77	-30.751
775.08	-30.169
775.39	-29.273
775.70	-28.145
776.02	-30.576
776.33	-32.492
776.64	-34.522
776.96	-36.068
777.27	-36.193
777.58	-35.595
777.89	-36.897
778.21	-36.345
778.52	-37.474
778.83	-37.247
779.14	-37.209
779.46	-37.158
779.77	-35.613
780.08	-33.205
780.39	-32.851
780.71	-31.950
781.02	-33.216
781.33	-31.085
781.64	-32.481
781.95	-32.144
782.27	-31.473
782.58	-31.015
782.89	-30.301
783.20	-30.284
783.51	-30.636
783.83	-30.436
784.14	-33.232
784.45	-32.619
784.76	-34.785
785.07	-32.204
785.38	-33.517
785.70	-35.179
786.01	-35.539
786.32	-34.468
786.63	-35.289
786.94	-37.902
787.25	-36.472
787.56	-34.653
787.87	-34.642
788.18	-32.432
788.50	-35.496
788.81	-36.917
789.12	-37.367
789.43	-40.206
789.74	-38.594
790.05	-37.789
790.36	-35.476
790.67	-37.323
790.98	-39.257
791.29	-38.449
791.60	-40.275
791.91	-38.969
792.22	-36.652
792.53	-35.533
792.84	-33.786
793.15	-36.678
793.46	-36.460
793.77	-33.748
794.08	-31.352
794.39	-31.023
794.70	-33.961
795.01	-32.502
795.32	-32.250
795.63	-33.948
795.94	-35.269
796.25	-35.514
796.56	-34.167
796.87	-34.280
797.18	-36.696
797.49	-38.598
797.80	-39.564
798.11	-35.834
798.42	-36.935
798.73	-38.107
799.04	-36.974
799.35	-33.921
799.65	-32.498
799.96	-34.113
800.27	-35.005
800.58	-35.475
800.89	-34.534
801.20	-35.718
801.51	-37.711
801.82	-40.963
802.13	-42.268
802.43	-42.873
802.74	-44.826
803.05	-47.003
803.36	-45.733
803.67	-47.026
803.98	-46.194
804.28	-49.148
804.59	-43.722
804.90	-43.716
805.21	-39.626
805.52	-37.621
805.83	-35.928
806.13	-35.202
806.44	-33.997
806.75	-35.254
807.06	-33.101
807.36	-32.517
807.67	-33.531
807.98	-35.353
808.29	-35.882
808.60	-36.995
808.90	-36.691
809.21	-38.212
809.52	-39.761
809.83	-41.414
810.13	-42.614
810.44	-44.409
810.75	-44.723
811.05	-42.298
811.36	-43.559
811.67	-39.895
811.98	-39.694
812.28	-40.334
812.59	-37.711
812.90	-36.801
813.20	-34.975
813.51	-32.276
813.82	-32.832
814.12	-34.885
814.43	-33.995
814.74	-33.188
815.04	-36.989
815.35	-42.133
815.65	-40.678
815.96	-45.027
816.27	-45.183
816.57	-46.061
816.88	-48.511
817.19	-48.750
817.49	-44.729
817.80	-46.580
818.10	-46.247
818.41	-44.783
818.72	-42.265
819.02	-41.614
819.33	-40.386
819.63	-39.769
819.94	-41.239
820.24	-38.465
820.55	-36.396
820.85	-38.215
821.16	-35.728
821.47	-35.632
821.77	-34.701
822.08	-33.512
822.38	-33.220
822.69	-32.402
822.99	-32.333
823.30	-31.255
823.60	-31.048
823.91	-30.855
824.21	-30.065
824.52	-30.515
824.82	-29.620
825.13	-30.493
825.43	-30.358
825.73	-29.908
826.04	-30.893
826.34	-31.291
826.65	-32.925
826.95	-33.832
827.26	-35.834
827.56	-37.225
827.87	-36.690
828.17	-38.053
828.47	-37.516
828.78	-38.563
829.08	-40.118
829.39	-39.501
829.69	-40.304
829.99	-40.959
830.30	-43.679
830.60	-44.921
830.90	-46.872
831.21	-49.793
831.51	-52.439
831.82	-54.489
832.12	-56.078
832.42	-55.444
832.73	-54.340
833.03	-54.278
833.33	-51.024
833.64	-46.794
833.94	-42.653
834.24	-39.972
834.54	-38.524
834.85	-36.587
835.15	-36.131
835.45	-34.658
835.76	-35.720
836.06	-35.380
836.36	-34.630
836.66	-37.503
836.97	-38.830
837.27	-39.066
837.57	-42.783
837.87	-46.008
838.18	-45.745
838.48	-46.388
838.78	-48.527
839.08	-48.706
839.39	-53.504
839.69	-54.597
839.99	-56.963
840.29	-58.290
840.59	-60.219
840.90	-56.614
841.20	-56.348
841.50	-57.548
841.80	-57.450
842.10	-59.619
842.41	-58.141
842.71	-56.462
843.01	-55.782
843.31	-53.678
843.61	-53.692
843.91	-53.368
844.21	-53.997
844.52	-59.446
844.82	-58.899
845.12	-56.057
845.42	-58.436
845.72	-53.914
846.02	-58.779
846.32	-54.804
846.62	-51.545
846.92	-48.313
847.22	-55.628
847.52	-52.525
847.83	-53.323
848.13	-60.452
848.43	-64.603
848.73	-57.367
849.03	-60.486
849.33	-57.674
849.63	-67.952
849.93	-71.973
850.23	-85.172
850.53	-76.495
850.83	-78.254
851.13	-72.705
851.43	-68.185
851.73	-74.128
852.03	-77.758
852.33	-95.122
852.63	-103.249
852.93	-100.542
853.23	-103.867
853.53	-89.969
853.83	-87.039
854.13	-88.677
854.43	-91.001
854.73	-103.003
855.03	-91.408
855.32	-96.251
855.62	-96.817
855.92	-92.188
856.22	-90.743
856.52	-92.977
856.82	-92.076
857.12	-103.667
857.42	-117.805
857.72	-126.223
858.02	-112.793
858.31	-128.333
858.61	-134.742
858.91	-116.993
859.21	-121.635
859.51	-131.233
859.81	-125.700
860.11	-133.114
860.40	-122.975
860.70	-123.169
861.00	-108.588
861.30	-130.675
861.60	-126.061
861.90	-123.051
862.19	-139.480
862.49	-129.865
862.79	-133.894
863.09	-146.271
863.39	-144.247
863.68	-152.994
863.98	-158.060
864.28	-162.166
864.58	-151.765
864.87	-164.217
865.17	-145.077
865.47	-144.567
865.77	-172.645
866.06	-171.301
866.36	-174.586
866.66	-191.139
866.96	-190.947
867.25	-163.048
867.55	-147.397
867.85	-114.809
868.14	-109.014
868.44	-110.976
868.74	-105.270
869.03	-103.750
869.33	-120.027
869.63	-113.483
869.92	-112.687
870.22	-133.946
870.52	-153.206
870.81	-156.172
871.11	-180.924
871.41	-169.955
871.70	-209.185
872.00	-212.830
872.30	-175.655
872.59	-145.817
872.89	-128.178
873.18	-120.800
873.48	-98.989
873.78	-88.214
874.07	-93.264
874.37	-89.686
874.66	-103.908
874.96	-99.864
875.25	-93.405
875.55	-99.429
875.85	-93.026
876.14	-87.548
876.44	-101.759
876.73	-96.224
877.03	-88.656
877.32	-92.866
877.62	-92.561
877.91	-100.511
878.21	-108.376
878.50	-124.564
878.80	-130.167
879.09	-128.903
879.39	-147.984
879.68	-127.833
879.98	-132.488
880.27	-127.865
880.57	-106.794
880.86	-97.141
881.16	-85.215
881.45	-64.041
881.74	-53.912
882.04	-56.919
882.33	-54.507
882.63	-50.774
882.92	-50.513
883.22	-47.614
883.51	-47.481
883.80	-50.123
884.10	-49.357
884.39	-49.009
884.69	-51.308
884.98	-58.858
885.27	-52.610
885.57	-56.659
885.86	-64.483
886.15	-71.077
886.45	-84.169
886.74	-97.250
887.03	-96.921
887.33	-109.196
887.62	-105.769
887.91	-236.170
888.21	-425.000
888.50	-124.176
888.79	-152.632
889.09	-80.180
