190.56	280.000
190.94	280.000
191.32	280.000
191.70	223.333
192.08	1450.000
192.46	495.238
192.84	722.222
193.22	409.375
193.60	-154.545
193.98	50.000
194.36	-202.941
194.74	116.129
195.13	29.032
195.51	89.091
195.89	156.522
196.27	-159.574
196.65	-101.389
197.03	-70.492
197.40	-77.358
197.78	-13.636
198.16	465.217
198.54	0.000
198.92	1275.000
199.30	471.429
199.68	93.333
200.06	-192.683
200.44	-372.917
200.82	-36.364
201.20	3.191
201.58	36.975
201.96	77.510
202.34	72.650
202.72	101.186
203.10	70.070
203.48	63.609
203.86	71.386
204.24	87.342
204.62	79.167
205.00	93.074
205.38	111.765
205.76	64.935
206.13	-40.288
206.51	-38.824
206.89	-49.746
207.27	-70.992
207.65	-57.143
208.03	-49.754
208.41	-87.075
208.79	-50.968
209.17	-6.667
209.55	-7.554
209.93	0.587
210.30	-0.272
210.68	-11.111
211.06	4.659
211.44	8.889
211.82	6.143
212.20	28.000
212.58	25.845
212.96	25.672
213.33	-0.536
213.71	-11.250
214.09	-12.603
214.47	20.188
214.85	22.470
215.23	20.498
215.61	19.137
215.98	19.512
216.36	5.242
216.74	8.251
217.12	12.190
217.50	22.261
217.88	31.929
218.25	28.336
218.63	17.397
219.01	17.500
219.39	13.467
219.77	9.690
220.14	10.340
220.52	10.880
220.90	8.204
221.28	5.680
221.66	-0.513
222.03	2.579
222.41	1.476
222.79	-3.386
223.17	-8.190
223.55	-6.282
223.92	-5.375
224.30	-4.512
224.68	-2.419
225.06	-4.687
225.43	-4.042
225.81	1.457
226.19	-0.917
226.57	-0.073
226.95	2.023
227.32	3.028
227.70	1.741
228.08	1.278
228.46	1.675
228.83	1.561
229.21	2.041
229.59	1.923
229.96	1.047
230.34	1.632
230.72	0.576
231.10	-0.913
231.47	-1.018
231.85	0.364
232.23	1.112
232.60	1.506
232.98	0.106
233.36	0.107
233.74	-0.036
234.11	0.109
234.49	0.358
234.87	2.537
235.24	4.698
235.62	5.266
236.00	4.456
236.37	4.851
236.75	4.052
237.13	5.372
237.50	5.067
237.88	5.427
238.26	5.035
238.63	4.013
239.01	2.413
239.39	1.710
239.76	0.677
240.14	1.028
240.52	0.540
240.89	0.709
241.27	0.744
241.65	1.086
242.02	0.731
242.40	0.844
242.77	1.133
243.15	1.129
243.53	1.179
243.90	1.310
244.28	1.322
244.66	1.293
245.03	1.136
245.41	1.105
245.78	1.286
246.16	1.432
246.54	1.414
246.91	1.411
247.29	1.520
247.66	1.329
248.04	1.561
248.41	1.578
248.79	1.525
249.17	1.743
249.54	1.700
249.92	1.380
250.29	1.331
250.67	1.491
251.04	1.450
251.42	1.506
251.80	1.713
252.17	1.398
252.55	1.314
252.92	1.465
253.30	1.423
253.67	1.391
254.05	1.597
254.42	1.745
254.80	2.000
255.17	1.919
255.55	2.319
255.92	2.301
256.30	2.329
256.67	2.150
257.05	2.076
257.42	2.103
257.80	1.777
258.17	1.725
258.55	1.665
258.92	1.547
259.30	1.732
259.67	1.460
260.05	1.248
260.42	1.276
260.80	1.387
261.17	1.248
261.55	0.969
261.92	1.023
262.30	1.054
262.67	0.955
263.05	0.640
263.42	0.213
263.79	0.328
264.17	0.726
264.54	0.539
264.92	0.366
265.29	0.592
265.67	1.038
266.04	1.159
266.42	0.746
266.79	0.942
267.16	1.075
267.54	1.415
267.91	1.399
268.29	1.077
268.66	1.159
269.03	1.154
269.41	0.946
269.78	0.733
270.16	0.540
270.53	0.629
270.90	0.578
271.28	0.580
271.65	0.424
272.03	0.478
272.40	0.528
272.77	0.502
273.15	0.615
273.52	0.808
273.89	0.716
274.27	0.588
274.64	0.676
275.01	0.654
275.39	0.664
275.76	0.696
276.14	0.510
276.51	0.806
276.88	0.806
277.26	0.736
277.63	0.654
278.00	0.876
278.38	0.972
278.75	1.209
279.12	1.196
279.49	1.060
279.87	1.048
280.24	1.293
280.61	0.922
280.99	1.030
281.36	1.006
281.73	1.097
282.11	0.887
282.48	0.992
282.85	0.875
283.22	0.876
283.60	1.081
283.97	1.093
284.34	0.767
284.71	0.837
285.09	0.789
285.46	0.827
285.83	0.817
286.21	1.023
286.58	1.112
286.95	1.031
287.32	1.083
287.70	1.144
288.07	0.963
288.44	1.301
288.81	1.483
289.18	1.424
289.56	1.538
289.93	1.458
290.30	1.359
290.67	1.352
291.05	1.381
291.42	1.335
291.79	1.256
292.16	1.595
292.53	1.738
292.91	1.713
293.28	1.725
293.65	1.687
294.02	1.756
294.39	1.878
294.76	2.039
295.14	2.216
295.51	2.123
295.88	2.041
296.25	2.055
296.62	1.983
297.00	1.899
297.37	2.036
297.74	2.067
298.11	2.212
298.48	2.127
298.85	2.145
299.22	2.104
299.60	2.207
299.97	2.465
300.34	2.263
300.71	2.104
301.08	2.380
301.45	2.405
301.82	2.359
302.19	2.365
302.56	2.469
302.94	2.081
303.31	2.087
303.68	1.977
304.05	1.756
304.42	2.082
304.79	2.306
305.16	2.127
305.53	2.217
305.90	2.528
306.27	2.636
306.64	2.797
307.02	2.995
307.39	2.986
307.76	3.168
308.13	3.240
308.50	3.042
308.87	2.954
309.24	3.051
309.61	3.032
309.98	2.941
310.35	2.761
310.72	2.812
311.09	2.814
311.46	2.761
311.83	2.675
312.20	2.627
312.57	2.664
312.94	2.786
313.31	2.595
313.68	2.493
314.05	2.274
314.42	2.231
314.79	1.959
315.16	1.898
315.53	1.760
315.90	1.866
316.27	1.748
316.64	1.642
317.01	1.302
317.38	1.229
317.75	1.110
318.12	0.977
318.49	0.874
318.86	0.890
319.23	0.951
319.60	1.065
319.97	0.936
320.34	0.950
320.71	0.912
321.08	1.005
321.45	1.120
321.82	1.139
322.19	1.254
322.55	1.370
322.92	1.453
323.29	1.477
323.66	1.499
324.03	1.489
324.40	1.529
324.77	1.659
325.14	1.761
325.51	1.778
325.88	1.749
326.25	1.912
326.61	1.826
326.98	1.718
327.35	1.682
327.72	1.721
328.09	1.860
328.46	1.862
328.83	1.695
329.20	1.677
329.56	1.427
329.93	1.370
330.30	1.296
330.67	1.303
331.04	1.276
331.41	1.276
331.78	1.261
332.14	1.234
332.51	1.137
332.88	1.175
333.25	0.989
333.62	1.175
333.99	1.295
334.35	1.160
334.72	1.261
335.09	1.210
335.46	1.134
335.83	1.101
336.19	0.942
336.56	0.949
336.93	0.952
337.30	1.052
337.67	0.990
338.03	1.001
338.40	1.104
338.77	1.007
339.14	0.996
339.50	0.902
339.87	0.731
340.24	0.635
340.61	0.561
340.97	0.381
341.34	0.226
341.71	0.133
342.08	0.107
342.44	-0.050
342.81	-0.117
343.18	-0.184
343.55	-0.100
343.91	-0.311
344.28	-0.298
344.65	-0.287
345.02	-0.187
345.38	-0.317
345.75	-0.314
346.12	-0.597
346.48	-0.611
346.85	-0.664
347.22	-0.581
347.59	-0.658
347.95	-0.557
348.32	-0.526
348.69	-0.545
349.05	-0.642
349.42	-0.521
349.79	-0.646
350.15	-0.619
350.52	-0.625
350.89	-0.750
351.25	-0.771
351.62	-0.884
351.99	-0.859
352.35	-0.885
352.72	-0.888
353.09	-1.076
353.45	-1.028
353.82	-0.973
354.18	-0.849
354.55	-0.908
354.92	-0.831
355.28	-0.936
355.65	-0.816
356.02	-0.958
356.38	-1.036
356.75	-1.057
357.11	-0.906
357.48	-0.981
357.85	-1.062
358.21	-1.199
358.58	-1.222
358.94	-1.296
359.31	-1.345
359.67	-1.453
360.04	-1.361
360.41	-1.431
360.77	-1.570
361.14	-1.621
361.50	-1.607
361.87	-1.646
362.23	-1.604
362.60	-1.605
362.97	-1.555
363.33	-1.551
363.70	-1.507
364.06	-1.480
364.43	-1.407
364.79	-1.293
365.16	-1.354
365.52	-1.378
365.89	-1.333
366.25	-1.348
366.62	-1.381
366.98	-1.444
367.35	-1.386
367.71	-1.473
368.08	-1.620
368.44	-1.620
368.81	-1.649
369.17	-1.658
369.54	-1.586
369.90	-1.539
370.27	-1.511
370.63	-1.410
371.00	-1.467
371.36	-1.524
371.73	-1.431
372.09	-1.323
372.45	-1.323
372.82	-1.281
373.18	-1.195
373.55	-1.291
373.91	-1.279
374.28	-1.321
374.64	-1.399
375.01	-1.294
375.37	-1.291
375.73	-1.275
376.10	-1.319
376.46	-1.356
376.83	-1.377
377.19	-1.382
377.55	-1.354
377.92	-1.253
378.28	-1.229
378.65	-1.161
379.01	-1.181
379.37	-1.163
379.74	-1.113
380.10	-1.019
380.47	-0.907
380.83	-0.958
381.19	-1.046
381.56	-0.973
381.92	-1.056
382.28	-0.995
382.65	-1.033
383.01	-1.024
383.37	-0.918
383.74	-0.998
384.10	-1.064
384.46	-1.138
384.83	-0.993
385.19	-0.868
385.55	-0.903
385.92	-0.836
386.28	-0.878
386.64	-0.879
387.01	-0.914
387.37	-0.950
387.73	-0.878
388.10	-0.887
388.46	-0.867
388.82	-0.851
389.18	-0.893
389.55	-0.875
389.91	-0.930
390.27	-0.897
390.64	-0.798
391.00	-0.754
391.36	-0.720
391.72	-0.768
392.09	-0.697
392.45	-0.605
392.81	-0.567
393.17	-0.435
393.54	-0.434
393.90	-0.326
394.26	-0.247
394.62	-0.212
394.99	-0.095
395.35	-0.033
395.71	0.019
396.07	0.044
396.43	0.097
396.80	0.104
397.16	0.039
397.52	0.091
397.88	0.065
398.24	0.100
398.61	0.203
398.97	0.177
399.33	0.138
399.69	0.284
400.05	0.273
400.42	0.234
400.78	0.265
401.14	0.339
401.50	0.391
401.86	0.490
402.22	0.488
402.59	0.470
402.95	0.518
403.31	0.585
403.67	0.558
404.03	0.680
404.39	0.745
404.75	0.762
405.12	0.723
405.48	0.841
405.84	0.834
406.20	0.909
406.56	0.857
406.92	0.892
407.28	0.906
407.64	0.880
408.00	0.947
408.36	1.039
408.73	1.092
409.09	1.208
409.45	1.187
409.81	1.243
410.17	1.321
410.53	1.447
410.89	1.451
411.25	1.546
411.61	1.616
411.97	1.625
412.33	1.637
412.69	1.661
413.05	1.643
413.41	1.668
413.77	1.722
414.13	1.625
414.50	1.541
414.86	1.588
415.22	1.644
415.58	1.644
415.94	1.678
416.30	1.643
416.66	1.700
417.02	1.796
417.38	1.859
417.74	1.844
418.10	1.973
418.46	2.033
418.82	2.075
419.18	2.139
419.54	2.209
419.90	2.209
420.26	2.272
420.61	2.305
420.97	2.373
421.33	2.388
421.69	2.469
422.05	2.445
422.41	2.480
422.77	2.470
423.13	2.448
423.49	2.426
423.85	2.516
424.21	2.521
424.57	2.577
424.93	2.578
425.29	2.652
425.65	2.674
426.01	2.778
426.36	2.833
426.72	2.882
427.08	2.918
427.44	2.995
427.80	3.009
428.16	3.086
428.52	3.053
428.88	3.144
429.24	3.194
429.59	3.195
429.95	3.239
430.31	3.282
430.67	3.409
431.03	3.469
431.39	3.493
431.75	3.545
432.10	3.600
432.46	3.709
432.82	3.681
433.18	3.698
433.54	3.744
433.90	3.707
434.25	3.708
434.61	3.727
434.97	3.762
435.33	3.897
435.69	3.890
436.04	3.966
436.40	4.026
436.76	4.116
437.12	4.159
437.48	4.239
437.83	4.335
438.19	4.430
438.55	4.518
438.91	4.604
439.27	4.639
439.62	4.758
439.98	4.851
440.34	4.882
440.70	4.912
441.05	4.983
441.41	5.090
441.77	5.178
442.13	5.257
442.48	5.316
442.84	5.429
443.20	5.482
443.56	5.531
443.91	5.571
444.27	5.718
444.63	5.853
444.98	5.940
445.34	6.010
445.70	6.044
446.05	6.131
446.41	6.245
446.77	6.309
447.13	6.393
447.48	6.497
447.84	6.557
448.20	6.623
448.55	6.701
448.91	6.801
449.27	6.856
449.62	7.006
449.98	7.151
450.34	7.249
450.69	7.422
451.05	7.509
451.40	7.613
451.76	7.720
452.12	7.826
452.47	7.894
452.83	8.012
453.19	8.174
453.54	8.286
453.90	8.327
454.25	8.384
454.61	8.368
454.97	8.489
455.32	8.568
455.68	8.663
456.03	8.812
456.39	8.921
456.75	8.980
457.10	9.067
457.46	9.123
457.81	9.209
458.17	9.342
458.52	9.412
458.88	9.552
459.24	9.648
459.59	9.764
459.95	9.768
460.30	9.891
460.66	9.963
461.01	10.053
461.37	10.117
461.72	10.280
462.08	10.418
462.43	10.559
462.79	10.627
463.14	10.760
463.50	10.817
463.85	10.984
464.21	11.005
464.56	11.066
464.92	11.094
465.27	11.266
465.63	11.323
465.98	11.346
466.34	11.396
466.69	11.507
467.05	11.566
467.40	11.694
467.76	11.701
468.11	11.821
468.47	11.985
468.82	12.112
469.18	12.125
469.53	12.169
469.88	12.249
470.24	12.356
470.59	12.455
470.95	12.527
471.30	12.580
471.66	12.660
472.01	12.667
472.36	12.700
472.72	12.788
473.07	12.836
473.43	12.951
473.78	12.988
474.13	13.011
474.49	13.021
474.84	13.097
475.19	13.176
475.55	13.268
475.90	13.434
476.26	13.478
476.61	13.495
476.96	13.579
477.32	13.585
477.67	13.643
478.02	13.723
478.38	13.778
478.73	13.787
479.08	13.890
479.44	13.893
479.79	13.946
480.14	14.030
480.50	14.128
480.85	14.227
481.20	14.270
481.56	14.319
481.91	14.348
482.26	14.405
482.62	14.504
482.97	14.558
483.32	14.639
483.67	14.669
484.03	14.711
484.38	14.752
484.73	14.770
485.08	14.847
485.44	14.906
485.79	14.961
486.14	15.036
486.49	15.095
486.85	15.106
487.20	15.147
487.55	15.161
487.90	15.194
488.26	15.208
488.61	15.235
488.96	15.207
489.31	15.242
489.67	15.313
490.02	15.341
490.37	15.359
490.72	15.411
491.07	15.454
491.43	15.507
491.78	15.555
492.13	15.590
492.48	15.685
492.83	15.774
493.19	15.840
493.54	15.869
493.89	15.939
494.24	15.975
494.59	16.035
494.94	16.068
495.29	16.174
495.65	16.175
496.00	16.221
496.35	16.204
496.70	16.276
497.05	16.296
497.40	16.369
497.75	16.379
498.11	16.431
498.46	16.486
498.81	16.504
499.16	16.519
499.51	16.580
499.86	16.659
500.21	16.698
500.56	16.705
500.91	16.728
501.26	16.744
501.62	16.809
501.97	16.892
502.32	16.897
502.67	17.004
503.02	17.082
503.37	17.134
503.72	17.176
504.07	17.268
504.42	17.378
504.77	17.462
505.12	17.555
505.47	17.563
505.82	17.625
506.17	17.704
506.52	17.748
506.87	17.781
507.22	17.880
507.57	17.945
507.92	17.925
508.27	17.892
508.62	17.942
508.97	17.991
509.32	18.072
509.67	18.078
510.02	18.152
510.37	18.167
510.72	18.201
511.07	18.227
511.42	18.238
511.77	18.361
512.12	18.479
512.47	18.573
512.82	18.673
513.17	18.758
513.52	18.877
513.87	18.904
514.22	19.008
514.57	19.079
514.91	19.166
515.26	19.274
515.61	19.386
515.96	19.432
516.31	19.475
516.66	19.556
517.01	19.631
517.36	19.701
517.71	19.854
518.06	19.969
518.41	20.047
518.75	20.116
519.10	20.240
519.45	20.348
519.80	20.459
520.15	20.574
520.50	20.713
520.85	20.858
521.19	20.976
521.54	21.054
521.89	21.148
522.24	21.325
522.59	21.499
522.94	21.540
523.28	21.646
523.63	21.845
523.98	22.048
524.33	22.201
524.68	22.384
525.03	22.557
525.37	22.718
525.72	22.870
526.07	23.033
526.42	23.273
526.76	23.546
527.11	23.694
527.46	23.882
527.81	24.037
528.16	24.209
528.50	24.319
528.85	24.467
529.20	24.652
529.55	24.819
529.89	24.979
530.24	25.138
530.59	25.294
530.94	25.546
531.28	25.769
531.63	26.004
531.98	26.247
532.32	26.489
532.67	26.731
533.02	26.955
533.37	27.156
533.71	27.362
534.06	27.566
534.41	27.821
534.75	28.083
535.10	28.316
535.45	28.639
535.79	28.862
536.14	29.134
536.49	29.355
536.83	29.589
537.18	29.906
537.53	30.207
537.87	30.471
538.22	30.722
538.57	31.002
538.91	31.323
539.26	31.596
539.61	31.924
539.95	32.200
540.30	32.436
540.64	32.650
540.99	32.803
541.34	32.971
541.68	33.156
542.03	33.370
542.37	33.622
542.72	33.791
543.07	33.986
543.41	34.189
543.76	34.453
544.10	34.719
544.45	34.934
544.80	35.238
545.14	35.517
545.49	35.772
545.83	36.017
546.18	36.213
546.52	36.544
546.87	36.849
547.21	37.138
547.56	37.380
547.90	37.685
548.25	38.038
548.59	38.276
548.94	38.588
549.29	38.899
549.63	39.191
549.98	39.586
550.32	39.869
550.67	40.226
551.01	40.509
551.35	40.905
551.70	41.262
552.04	41.490
552.39	41.818
552.73	42.097
553.08	42.407
553.42	42.743
553.77	42.997
554.11	43.281
554.46	43.454
554.80	43.635
555.15	43.817
555.49	43.953
555.83	44.188
556.18	44.431
556.52	44.697
556.87	44.901
557.21	45.155
557.56	45.255
557.90	45.477
558.24	45.690
558.59	46.035
558.93	46.209
559.28	46.421
559.62	46.812
559.96	47.104
560.31	47.293
560.65	47.547
560.99	47.738
561.34	48.057
561.68	48.243
562.02	48.470
562.37	48.588
562.71	48.810
563.06	49.053
563.40	49.074
563.74	49.212
564.09	49.317
564.43	49.490
564.77	49.570
565.11	49.722
565.46	49.859
565.80	50.053
566.14	50.299
566.49	50.517
566.83	50.607
567.17	50.789
567.52	50.896
567.86	51.173
568.20	51.338
568.54	51.536
568.89	51.705
569.23	52.047
569.57	52.162
569.91	52.126
570.26	52.300
570.60	52.636
570.94	52.783
571.28	53.024
571.63	53.228
571.97	53.324
572.31	53.555
572.65	53.681
573.00	53.731
573.34	53.915
573.68	54.099
574.02	54.195
574.36	54.157
574.71	54.288
575.05	54.310
575.39	54.267
575.73	54.385
576.07	54.384
576.42	54.481
576.76	54.424
577.10	54.591
577.44	54.747
577.78	54.836
578.12	54.974
578.46	55.181
578.81	55.375
579.15	55.617
579.49	55.795
579.83	55.925
580.17	55.985
580.51	56.256
580.85	56.272
581.20	56.470
581.54	56.555
581.88	56.573
582.22	56.743
582.56	56.746
582.90	56.734
583.24	56.801
583.58	56.907
583.92	57.062
584.26	57.158
584.60	57.263
584.95	57.279
585.29	57.328
585.63	57.532
585.97	57.600
586.31	57.697
586.65	57.839
586.99	57.941
587.33	58.142
587.67	58.242
588.01	58.195
588.35	58.192
588.69	58.322
589.03	58.418
589.37	58.482
589.71	58.480
590.05	58.625
590.39	58.710
590.73	58.828
591.07	58.849
591.41	58.919
591.75	59.101
592.09	59.148
592.43	59.159
592.77	59.339
593.11	59.512
593.45	59.493
593.79	59.545
594.13	59.795
594.47	59.896
594.81	59.945
595.14	60.044
595.48	60.165
595.82	60.256
596.16	60.300
596.50	60.408
596.84	60.444
597.18	60.617
597.52	60.707
597.86	60.653
598.20	60.687
598.54	60.849
598.87	60.937
599.21	60.912
599.55	61.044
599.89	61.157
600.23	61.118
600.57	61.155
600.91	61.226
601.25	61.318
601.58	61.363
601.92	61.446
602.26	61.636
602.60	61.576
602.94	61.619
603.28	61.720
603.61	61.818
603.95	61.839
604.29	61.940
604.63	61.879
604.97	61.860
605.30	61.915
605.64	62.015
605.98	61.867
606.32	61.958
606.66	62.115
606.99	62.185
607.33	62.368
607.67	62.430
608.01	62.363
608.34	62.483
608.68	62.636
609.02	62.585
609.36	62.512
609.69	62.453
610.03	62.460
610.37	62.493
610.71	62.411
611.04	62.346
611.38	62.361
611.72	62.367
612.06	62.295
612.39	62.204
612.73	62.281
613.07	62.252
613.40	62.516
613.74	62.490
614.08	62.469
614.41	62.566
614.75	62.524
615.09	62.637
615.42	62.736
615.76	63.008
616.10	63.121
616.43	63.159
616.77	63.347
617.11	63.251
617.44	63.360
617.78	63.420
618.12	63.421
618.45	63.399
618.79	63.494
619.13	63.623
619.46	63.535
619.80	63.621
620.13	63.790
620.47	63.809
620.81	63.870
621.14	63.982
621.48	64.015
621.81	64.105
622.15	64.179
622.48	64.176
622.82	64.154
623.16	64.083
623.49	63.907
623.83	63.682
624.16	63.696
624.50	63.790
624.83	63.780
625.17	63.731
625.50	63.727
625.84	63.799
626.18	63.817
626.51	63.905
626.85	64.035
627.18	64.204
627.52	64.273
627.85	64.438
628.19	64.251
628.52	64.289
628.86	64.400
629.19	64.387
629.53	64.352
629.86	64.301
630.19	64.266
630.53	64.125
630.86	64.116
631.20	64.095
631.53	64.003
631.87	64.245
632.20	64.226
632.54	64.072
632.87	64.215
633.20	64.271
633.54	64.344
633.87	64.228
634.21	64.285
634.54	64.224
634.88	64.257
635.21	64.394
635.54	64.443
635.88	64.484
636.21	64.505
636.55	64.342
636.88	64.326
637.21	64.457
637.55	64.784
637.88	64.706
638.21	64.737
638.55	64.843
638.88	64.652
639.21	64.372
639.55	64.211
639.88	64.340
640.21	64.402
640.55	64.538
640.88	64.537
641.21	64.310
641.55	64.399
641.88	64.339
642.21	64.303
642.55	64.194
642.88	64.218
643.21	64.295
643.55	64.157
643.88	64.162
644.21	64.120
644.54	63.762
644.88	63.697
645.21	63.575
645.54	63.766
645.87	63.874
646.21	63.818
646.54	63.856
646.87	63.932
647.20	63.897
647.54	63.896
647.87	63.877
648.20	64.026
648.53	64.050
648.87	64.222
649.20	64.184
649.53	64.086
649.86	64.043
650.19	64.024
650.53	63.873
650.86	63.972
651.19	63.968
651.52	63.946
651.85	63.694
652.18	63.580
652.52	63.729
652.85	63.603
653.18	63.564
653.51	63.629
653.84	63.637
654.17	63.749
654.51	63.804
654.84	63.857
655.17	63.716
655.50	63.936
655.83	64.115
656.16	63.789
656.49	63.721
656.82	63.566
657.15	63.553
657.49	63.379
657.82	63.293
658.15	63.164
658.48	63.018
658.81	63.044
659.14	62.840
659.47	62.738
659.80	62.719
660.13	62.904
660.46	62.916
660.79	62.964
661.12	63.249
661.45	63.250
661.78	63.280
662.11	63.203
662.44	63.366
662.77	63.595
663.10	63.496
663.43	63.457
663.76	63.112
664.09	63.231
664.42	63.131
664.75	62.911
665.08	62.861
665.41	62.782
665.74	62.850
666.07	62.588
666.40	62.671
666.73	62.684
667.06	62.676
667.39	62.891
667.72	62.797
668.05	62.797
668.38	62.532
668.71	62.416
669.04	62.261
669.37	62.148
669.70	61.954
670.03	61.691
670.36	61.634
670.69	61.871
671.01	61.653
671.34	61.539
671.67	61.423
672.00	61.809
672.33	61.939
672.66	62.046
672.99	62.121
673.32	62.331
673.64	62.418
673.97	62.431
674.30	62.100
674.63	62.214
674.96	62.220
675.29	62.210
675.62	61.852
675.94	61.691
676.27	61.647
676.60	61.763
676.93	61.274
677.26	61.171
677.58	60.968
677.91	60.919
678.24	60.927
678.57	60.976
678.90	60.849
679.22	60.871
679.55	60.776
679.88	60.605
680.21	60.237
680.54	60.358
680.86	60.269
681.19	60.423
681.52	60.338
681.85	59.785
682.17	59.280
682.50	59.133
682.83	58.908
683.16	58.953
683.48	59.190
683.81	59.251
684.14	59.472
684.46	59.299
684.79	59.056
685.12	59.172
685.45	59.640
685.77	60.092
686.10	60.105
686.43	60.085
686.75	59.877
687.08	59.493
687.41	59.492
687.73	59.346
688.06	59.301
688.39	59.101
688.71	58.945
689.04	58.626
689.36	58.481
689.69	58.528
690.02	58.721
690.34	58.786
690.67	58.871
691.00	58.620
691.32	58.267
691.65	58.424
691.97	58.483
692.30	58.276
692.63	58.165
692.95	58.233
693.28	57.946
693.60	57.449
693.93	57.486
694.26	57.156
694.58	57.028
694.91	57.224
695.23	56.661
695.56	56.780
695.88	56.855
696.21	56.737
696.53	56.617
696.86	56.249
697.18	56.034
697.51	55.848
697.83	55.694
698.16	55.452
698.48	55.239
698.81	55.434
699.13	55.137
699.46	55.069
699.78	55.073
700.11	54.742
700.43	54.679
700.76	54.743
701.08	54.247
701.41	54.318
701.73	54.471
702.06	54.133
702.38	53.837
702.71	53.888
703.03	53.605
703.35	53.390
703.68	53.242
704.00	53.585
704.33	53.416
704.65	53.771
704.98	53.573
705.30	53.307
705.62	53.690
705.95	53.852
706.27	53.390
706.60	53.182
706.92	52.723
707.24	52.716
707.57	52.438
707.89	52.561
708.21	52.112
708.54	52.024
708.86	51.377
709.18	50.948
709.51	50.467
709.83	50.184
710.15	50.246
710.48	50.590
710.80	50.216
711.12	49.879
711.45	49.754
711.77	49.338
712.09	49.153
712.42	49.020
712.74	49.163
713.06	49.334
713.38	49.402
713.71	48.871
714.03	48.565
714.35	48.630
714.68	48.769
715.00	48.659
715.32	48.893
715.64	48.790
715.97	49.030
716.29	48.642
716.61	48.531
716.93	48.384
717.25	48.108
717.58	47.758
717.90	47.397
718.22	47.046
718.54	46.896
718.87	46.662
719.19	46.690
719.51	46.660
719.83	46.356
720.15	45.710
720.47	46.155
720.80	46.253
721.12	45.999
721.44	45.713
721.76	45.480
722.08	45.048
722.40	45.196
722.73	44.719
723.05	44.902
723.37	44.995
723.69	45.220
724.01	44.619
724.33	44.101
724.65	43.615
724.97	43.478
725.30	43.766
725.62	44.110
725.94	44.166
726.26	43.526
726.58	42.437
726.90	42.156
727.22	41.747
727.54	40.956
727.86	41.508
728.18	41.510
728.50	41.654
728.82	40.834
729.14	40.193
729.46	40.050
729.78	40.485
730.10	40.142
730.42	40.079
730.74	39.948
731.07	40.804
731.39	40.643
731.71	41.220
732.03	41.214
732.35	41.717
732.66	41.856
732.98	41.570
733.30	41.336
733.62	41.808
733.94	41.085
734.26	40.564
734.58	39.504
734.90	38.425
735.22	38.244
735.54	37.581
735.86	37.264
736.18	37.056
736.50	35.959
736.82	35.789
737.14	35.371
737.46	35.799
737.78	35.424
738.10	35.669
738.41	35.951
738.73	35.295
739.05	35.124
739.37	34.363
739.69	34.353
740.01	34.594
740.33	33.953
740.65	34.189
740.96	33.855
741.28	34.171
741.60	33.889
741.92	34.729
742.24	35.202
742.56	35.779
742.88	36.283
743.19	35.901
743.51	36.027
743.83	36.406
744.15	36.684
744.47	37.906
744.78	37.351
745.10	38.129
745.42	36.705
745.74	36.354
746.06	36.614
746.37	36.043
746.69	35.653
747.01	35.501
747.33	34.922
747.64	34.950
747.96	34.455
748.28	34.800
748.60	32.720
748.91	33.707
749.23	32.603
749.55	32.028
749.87	32.204
750.18	32.348
750.50	32.111
750.82	31.450
751.13	30.795
751.45	28.845
751.77	29.171
752.08	31.419
752.40	30.998
752.72	32.655
753.03	32.489
753.35	33.096
753.67	32.478
753.98	33.136
754.30	33.969
754.62	34.334
754.93	34.893
755.25	33.771
755.57	31.493
755.88	30.640
756.20	28.966
756.51	28.316
756.83	28.112
757.15	28.301
757.46	27.992
757.78	27.615
758.09	27.369
758.41	27.841
758.73	27.524
759.04	27.637
759.36	27.947
759.67	28.375
759.99	28.535
760.30	28.390
760.62	28.457
760.94	27.588
761.25	27.409
761.57	27.105
761.88	26.412
762.20	26.995
762.51	27.972
762.83	28.022
763.14	27.441
763.46	26.691
763.77	26.236
764.09	26.209
764.40	26.304
764.72	26.624
765.03	26.815
765.35	26.665
765.66	25.898
765.98	25.149
766.29	24.624
766.61	24.874
766.92	25.393
767.23	25.133
767.55	23.697
767.86	24.758
768.18	23.969
768.49	23.958
768.81	22.755
769.12	23.947
769.43	24.568
769.75	25.310
770.06	27.041
770.38	27.401
770.69	27.263
771.00	28.684
771.32	27.094
771.63	27.984
771.94	26.653
772.26	27.934
772.57	27.169
772.89	26.498
773.20	25.672
773.51	23.540
773.83	22.777
774.14	22.662
774.45	21.106
774.77	21.800
775.08	22.183
775.39	24.006
775.70	26.404
776.02	27.777
776.33	28.637
776.64	28.096
776.96	27.339
777.27	27.119
777.58	26.853
777.89	27.129
778.21	25.346
778.52	24.549
778.83	21.901
779.14	19.080
779.46	19.007
779.77	19.217
780.08	19.666
780.39	22.709
780.71	23.527
781.02	24.627
781.33	24.881
781.64	26.767
781.95	26.336
782.27	26.749
782.58	27.977
782.89	27.030
783.20	24.730
783.51	24.004
783.83	21.045
784.14	19.883
784.45	19.612
784.76	21.038
785.07	20.698
785.38	20.833
785.70	23.597
786.01	24.907
786.32	26.100
786.63	28.621
786.94	29.805
787.25	28.989
787.56	30.535
787.87	30.389
788.18	28.157
788.50	25.892
788.81	25.971
789.12	24.166
789.43	22.398
789.74	22.250
790.05	21.705
790.36	21.632
790.67	21.253
790.98	20.029
791.29	20.446
791.60	20.433
791.91	20.639
792.22	19.776
792.53	19.032
792.84	18.542
793.15	15.864
793.46	12.451
793.77	13.021
794.08	13.717
794.39	12.118
794.70	11.190
795.01	14.081
795.32	15.728
795.63	17.201
795.94	19.080
796.25	17.724
796.56	18.760
796.87	20.385
797.18	19.900
797.49	19.891
797.80	20.183
798.11	19.644
798.42	18.229
798.73	17.822
799.04	14.855
799.35	11.583
799.65	13.340
799.96	12.487
800.27	14.309
800.58	12.619
800.89	14.458
801.20	15.686
801.51	17.415
801.82	18.606
802.13	19.693
802.43	22.378
802.74	25.570
803.05	26.738
803.36	27.735
803.67	26.645
803.98	28.169
804.28	26.093
804.59	26.862
804.90	25.217
805.21	25.691
805.52	26.749
805.83	25.518
806.13	23.160
806.44	21.367
806.75	19.138
807.06	18.221
807.36	16.263
807.67	18.609
807.98	15.944
808.29	18.604
808.60	16.833
808.90	13.891
809.21	12.759
809.52	14.415
809.83	16.619
810.13	18.142
810.44	22.960
810.75	22.452
811.05	23.032
811.36	23.200
811.67	20.455
811.98	17.953
812.28	18.785
812.59	19.253
812.90	16.510
813.20	13.496
813.51	12.526
813.82	8.555
814.12	9.437
814.43	7.100
814.74	9.619
815.04	9.440
815.35	10.756
815.65	8.567
815.96	9.167
816.27	10.435
816.57	13.288
816.88	15.603
817.19	15.456
817.49	13.301
817.80	12.795
818.10	9.775
818.41	10.889
818.72	13.851
819.02	16.839
819.33	17.128
819.63	18.451
819.94	18.764
820.24	18.975
820.55	16.883
820.85	18.632
821.16	17.538
821.47	17.164
821.77	16.300
822.08	15.630
822.38	15.421
822.69	15.621
822.99	15.773
823.30	15.004
823.60	15.176
823.91	15.585
824.21	15.692
824.52	16.150
824.82	16.362
825.13	17.055
825.43	17.186
825.73	16.926
826.04	16.417
826.34	16.260
826.65	17.126
826.95	15.543
827.26	16.730
827.56	16.008
827.87	16.155
828.17	17.349
828.47	17.280
828.78	16.168
829.08	17.112
829.39	17.134
829.69	17.141
829.99	18.960
830.30	19.813
830.60	16.106
830.90	13.906
831.21	14.830
831.51	11.452
831.82	10.367
832.12	14.850
832.42	13.074
832.73	14.230
833.03	11.616
833.33	7.628
833.64	9.823
833.94	11.062
834.24	12.869
834.54	10.763
834.85	11.535
835.15	10.826
835.45	10.407
835.76	10.229
836.06	10.728
836.36	12.806
836.66	14.584
836.97	14.996
837.27	16.237
837.57	16.667
837.87	17.249
838.18	17.758
838.48	22.273
838.78	21.725
839.08	20.648
839.39	16.751
839.69	17.311
839.99	18.421
840.29	16.293
840.59	15.570
840.90	15.363
841.20	16.563
841.50	16.883
841.80	16.268
842.10	22.931
842.41	28.788
842.71	27.701
843.01	21.882
843.31	21.601
843.61	17.256
843.91	9.933
844.21	2.757
844.52	7.025
844.82	12.059
845.12	10.171
845.42	-3.359
845.72	-17.874
846.02	-3.667
846.32	4.162
846.62	0.966
846.92	9.252
847.22	23.753
847.52	37.885
847.83	35.387
848.13	37.538
848.43	31.277
848.73	33.059
849.03	34.264
849.33	29.313
849.63	26.633
849.93	31.825
850.23	27.428
850.53	19.707
850.83	12.053
851.13	18.635
851.43	5.952
851.73	6.429
852.03	5.096
852.33	2.815
852.63	0.827
852.93	4.628
853.23	-1.619
853.53	-2.999
853.83	2.275
854.13	4.004
854.43	-0.583
854.73	1.701
855.03	11.844
855.32	21.010
855.62	31.338
855.92	26.214
856.22	25.265
856.52	25.967
856.82	30.777
857.12	40.377
857.42	42.694
857.72	42.400
858.02	35.577
858.31	24.719
858.61	19.946
858.91	21.233
859.21	27.994
859.51	33.896
859.81	32.492
860.11	15.542
860.40	-23.614
860.70	-33.413
861.00	-46.512
861.30	-9.979
861.60	-9.962
861.90	-17.053
862.19	-35.246
862.49	-35.925
862.79	-29.867
863.09	-14.421
863.39	-0.200
863.68	20.940
863.98	31.407
864.28	39.278
864.58	21.818
864.87	26.628
865.17	28.423
865.47	29.714
865.77	28.431
866.06	10.274
866.36	-4.276
866.66	0.451
866.96	-10.417
867.25	-9.836
867.55	-8.194
867.85	-1.874
868.14	-8.155
868.44	-7.105
868.74	-20.583
869.03	-9.430
869.33	-4.815
869.63	12.957
869.92	11.360
870.22	17.551
870.52	16.787
870.81	31.034
871.11	39.604
871.41	55.453
871.70	43.319
872.00	48.987
872.30	39.922
872.59	37.085
872.89	17.391
873.18	7.733
873.48	17.124
873.78	10.152
874.07	-0.000
874.37	-4.912
874.66	-14.815
874.96	2.287
875.25	-15.487
875.55	2.500
875.85	3.320
876.14	17.595
876.44	30.120
876.73	14.454
877.03	15.210
877.32	9.329
877.62	-13.684
877.91	-42.020
878.21	-42.638
878.50	-55.435
878.80	-94.779
879.09	-110.145
879.39	-124.432
879.68	-90.323
879.98	-30.108
880.27	-28.941
880.57	-22.479
880.86	0.647
881.16	4.988
881.45	9.204
881.74	9.655
882.04	8.338
882.33	8.916
882.63	5.644
882.92	2.830
883.22	-0.776
883.51	2.152
883.80	-0.743
884.10	-0.883
884.39	1.249
884.69	-1.442
884.98	1.270
885.27	5.011
885.57	1.529
885.86	1.574
886.15	5.690
886.45	10.590
886.74	-2.675
887.03	8.253
887.33	-9.980
887.62	-4.398
887.91	14.286
888.21	-359.091
888.50	21.111
888.79	250.000
889.09	66.292
