190.56	23.077
190.94	23.077
191.32	23.077
191.70	229.032
192.08	-56.250
192.46	2.941
192.84	70.588
193.22	20.000
193.60	58.974
193.98	-221.053
194.36	-1300.000
194.74	80.208
195.13	14.815
195.51	6.818
195.89	145.455
196.27	-80.645
196.65	1000.000
197.03	71.429
197.40	46.591
197.78	21.333
198.16	77.273
198.54	171.053
198.92	-119.048
199.30	-130.526
199.68	-87.903
200.06	-140.496
200.44	-92.778
200.82	-44.156
201.20	-25.342
201.58	0.255
201.96	-12.147
202.34	-4.025
202.72	23.837
203.10	24.359
203.48	35.735
203.86	29.491
204.24	20.207
204.62	3.325
205.00	-12.500
205.38	-32.155
205.76	-103.587
206.13	-123.116
206.51	-121.429
206.89	-105.714
207.27	-85.211
207.65	-79.319
208.03	-85.526
208.41	-69.474
208.79	-55.041
209.17	-53.234
209.55	-32.723
209.93	-26.064
210.30	-6.263
210.68	19.811
211.06	26.650
211.44	44.271
211.82	40.389
212.20	34.165
212.58	14.139
212.96	0.993
213.33	-17.531
213.71	-15.617
214.09	0.503
214.47	-4.676
214.85	-15.167
215.23	-22.204
215.61	-39.167
215.98	-47.594
216.36	-29.133
216.74	-20.827
217.12	-7.450
217.50	-0.270
217.88	-2.899
218.25	-16.332
218.63	-21.494
219.01	-18.132
219.39	-16.329
219.77	-17.560
220.14	-17.237
220.52	-21.046
220.90	-16.629
221.28	-30.389
221.66	-26.198
222.03	-16.905
222.41	-10.940
222.79	-2.510
223.17	3.493
223.55	5.222
223.92	5.447
224.30	7.500
224.68	6.120
225.06	5.423
225.43	6.445
225.81	4.605
226.19	1.077
226.57	1.003
226.95	1.193
227.32	-0.124
227.70	0.390
228.08	-0.343
228.46	-1.210
228.83	-0.054
229.21	0.207
229.59	0.274
229.96	0.738
230.34	2.138
230.72	2.350
231.10	2.307
231.47	3.272
231.85	2.781
232.23	3.616
232.60	4.575
232.98	4.838
233.36	5.232
233.74	5.572
234.11	5.001
234.49	4.383
234.87	3.701
235.24	3.156
235.62	3.676
236.00	3.867
236.37	5.083
236.75	4.087
237.13	3.588
237.50	3.279
237.88	3.508
238.26	4.175
238.63	3.156
239.01	2.804
239.39	2.545
239.76	1.506
240.14	1.758
240.52	1.540
240.89	1.729
241.27	1.580
241.65	1.367
242.02	1.406
242.40	1.250
242.77	1.666
243.15	1.538
243.53	1.722
243.90	1.222
244.28	1.276
244.66	0.845
245.03	0.961
245.41	1.221
245.78	1.478
246.16	1.935
246.54	2.162
246.91	1.923
247.29	2.490
247.66	2.789
248.04	2.972
248.41	3.023
248.79	3.483
249.17	3.763
249.54	3.931
249.92	3.995
250.29	3.505
250.67	3.493
251.04	3.544
251.42	3.439
251.80	3.041
252.17	3.313
252.55	3.261
252.92	3.082
253.30	2.709
253.67	2.030
254.05	2.074
254.42	2.643
254.80	2.376
255.17	2.325
255.55	2.444
255.92	2.492
256.30	2.681
256.67	2.815
257.05	2.528
257.42	2.670
257.80	2.816
258.17	3.076
258.55	2.785
258.92	2.888
259.30	3.139
259.67	3.086
260.05	2.821
260.42	2.811
260.80	2.624
261.17	2.661
261.55	2.851
261.92	3.154
262.30	2.953
262.67	2.930
263.05	2.876
263.42	2.638
263.79	2.583
264.17	2.975
264.54	2.704
264.92	2.514
265.29	2.523
265.67	2.167
266.04	1.937
266.42	1.691
266.79	1.732
267.16	1.620
267.54	1.461
267.91	1.367
268.29	1.380
268.66	1.328
269.03	1.557
269.41	1.551
269.78	1.688
270.16	1.582
270.53	1.793
270.90	1.958
271.28	2.081
271.65	2.185
272.03	2.213
272.40	2.039
272.77	2.138
273.15	2.250
273.52	2.438
273.89	2.246
274.27	2.379
274.64	2.176
275.01	2.079
275.39	2.266
275.76	2.172
276.14	2.032
276.51	2.055
276.88	2.163
277.26	2.128
277.63	1.972
278.00	1.974
278.38	1.786
278.75	1.924
279.12	1.968
279.49	1.454
279.87	1.558
280.24	1.555
280.61	1.671
280.99	1.472
281.36	1.178
281.73	1.075
282.11	1.261
282.48	1.270
282.85	1.255
283.22	1.295
283.60	1.632
283.97	1.559
284.34	1.591
284.71	1.459
285.09	1.604
285.46	1.692
285.83	1.768
286.21	1.789
286.58	1.847
286.95	2.002
287.32	2.023
287.70	2.151
288.07	2.366
288.44	2.419
288.81	2.609
289.18	2.786
289.56	2.917
289.93	3.041
290.30	3.132
290.67	3.291
291.05	3.285
291.42	3.203
291.79	3.119
292.16	3.156
292.53	3.136
292.91	3.166
293.28	3.093
293.65	3.051
294.02	3.046
294.39	2.987
294.76	3.030
295.14	3.197
295.51	3.515
295.88	3.625
296.25	3.626
296.62	3.790
297.00	3.985
297.37	4.084
297.74	4.279
298.11	4.232
298.48	4.194
298.85	4.324
299.22	4.201
299.60	4.050
299.97	4.039
300.34	4.138
300.71	4.121
301.08	3.919
301.45	3.863
301.82	3.892
302.19	4.155
302.56	4.482
302.94	4.371
303.31	4.680
303.68	4.689
304.05	4.660
304.42	4.685
304.79	4.876
305.16	5.052
305.53	5.282
305.90	5.443
306.27	5.484
306.64	5.355
307.02	5.316
307.39	5.229
307.76	5.451
308.13	5.620
308.50	5.663
308.87	5.853
309.24	5.878
309.61	5.770
309.98	5.801
310.35	5.787
310.72	5.744
311.09	5.999
311.46	6.073
311.83	6.099
312.20	6.102
312.57	6.352
312.94	6.178
313.31	6.406
313.68	6.455
314.05	6.434
314.42	6.533
314.79	6.857
315.16	6.834
315.53	6.946
315.90	7.054
316.27	7.169
316.64	7.314
317.01	7.488
317.38	7.488
317.75	7.649
318.12	7.723
318.49	7.729
318.86	7.747
319.23	7.814
319.60	7.884
319.97	7.816
320.34	7.779
320.71	7.449
321.08	7.548
321.45	7.541
321.82	7.724
322.19	7.765
322.55	7.992
322.92	7.993
323.29	8.138
323.66	8.028
324.03	8.213
324.40	8.428
324.77	8.519
325.14	8.639
325.51	8.716
325.88	8.656
326.25	8.825
326.61	8.838
326.98	9.107
327.35	9.291
327.72	9.612
328.09	9.851
328.46	9.958
328.83	10.234
329.20	10.280
329.56	10.435
329.93	10.669
330.30	11.063
330.67	11.275
331.04	11.296
331.41	11.415
331.78	11.555
332.14	11.707
332.51	12.007
332.88	12.111
333.25	12.296
333.62	12.369
333.99	12.433
334.35	12.223
334.72	12.508
335.09	12.602
335.46	12.794
335.83	12.955
336.19	12.954
336.56	12.970
336.93	13.102
337.30	13.223
337.67	13.555
338.03	13.747
338.40	13.956
338.77	14.007
339.14	14.019
339.50	13.823
339.87	13.629
340.24	13.633
340.61	13.675
340.97	13.789
341.34	13.867
341.71	13.833
342.08	14.006
342.44	13.997
342.81	13.943
343.18	14.258
343.55	14.528
343.91	14.806
344.28	14.838
344.65	14.898
345.02	14.980
345.38	15.029
345.75	15.047
346.12	15.050
346.48	15.144
346.85	15.323
347.22	15.290
347.59	15.413
347.95	15.400
348.32	15.529
348.69	15.442
349.05	15.396
349.42	15.396
349.79	15.269
350.15	15.194
350.52	15.185
350.89	15.113
351.25	15.137
351.62	14.883
351.99	14.625
352.35	14.500
352.72	14.487
353.09	14.439
353.45	14.311
353.82	14.273
354.18	14.169
354.55	14.161
354.92	14.074
355.28	13.858
355.65	14.043
356.02	14.274
356.38	14.262
356.75	14.264
357.11	14.171
357.48	14.313
357.85	14.353
358.21	14.283
358.58	14.162
358.94	14.062
359.31	14.128
359.67	13.979
360.04	13.851
360.41	13.758
360.77	13.607
361.14	13.551
361.50	13.472
361.87	13.436
362.23	13.472
362.60	13.500
362.97	13.499
363.33	13.364
363.70	13.281
364.06	13.253
364.43	13.257
364.79	13.424
365.16	13.496
365.52	13.432
365.89	13.550
366.25	13.651
366.62	13.718
366.98	13.797
367.35	13.823
367.71	13.738
368.08	13.626
368.44	13.755
368.81	13.728
369.17	13.670
369.54	13.771
369.90	13.672
370.27	13.601
370.63	13.470
371.00	13.485
371.36	13.576
371.73	13.719
372.09	13.869
372.45	13.784
372.82	13.733
373.18	13.934
373.55	13.885
373.91	13.817
374.28	13.797
374.64	13.779
375.01	13.728
375.37	13.664
375.73	13.664
376.10	13.614
376.46	13.642
376.83	13.670
377.19	13.531
377.55	13.428
377.92	13.559
378.28	13.450
378.65	13.510
379.01	13.598
379.37	13.655
379.74	13.719
380.10	13.756
380.47	13.763
380.83	13.768
381.19	13.801
381.56	13.897
381.92	13.921
382.28	14.023
382.65	14.045
383.01	13.920
383.37	13.954
383.74	13.979
384.10	14.081
384.46	14.160
384.83	14.176
385.19	14.255
385.55	14.330
385.92	14.363
386.28	14.495
386.64	14.533
387.01	14.659
387.37	14.727
387.73	14.735
388.10	14.741
388.46	14.794
388.82	14.933
389.18	14.951
389.55	14.959
389.91	15.018
390.27	14.999
390.64	15.023
391.00	15.117
391.36	15.183
391.72	15.229
392.09	15.295
392.45	15.227
392.81	15.198
393.17	15.171
393.54	15.227
393.90	15.250
394.26	15.375
394.62	15.469
394.99	15.487
395.35	15.604
395.71	15.823
396.07	15.829
396.43	16.000
396.80	16.065
397.16	16.224
397.52	16.270
397.88	16.275
398.24	16.255
398.61	16.289
398.97	16.295
399.33	16.139
399.69	16.073
400.05	16.159
400.42	16.118
400.78	16.123
401.14	16.307
401.50	16.491
401.86	16.492
402.22	16.597
402.59	16.728
402.95	16.760
403.31	16.894
403.67	17.037
404.03	17.113
404.39	17.193
404.75	17.297
405.12	17.183
405.48	17.177
405.84	17.181
406.20	17.074
406.56	17.045
406.92	17.127
407.28	17.158
407.64	16.975
408.00	16.959
408.36	16.954
408.73	16.913
409.09	16.902
409.45	16.843
409.81	16.904
410.17	16.945
410.53	16.946
410.89	16.943
411.25	16.881
411.61	16.916
411.97	16.912
412.33	16.876
412.69	16.981
413.05	17.044
413.41	17.134
413.77	17.119
414.13	17.194
414.50	17.292
414.86	17.333
415.22	17.447
415.58	17.509
415.94	17.534
416.30	17.534
416.66	17.478
417.02	17.539
417.38	17.513
417.74	17.565
418.10	17.555
418.46	17.581
418.82	17.616
419.18	17.693
419.54	17.716
419.90	17.704
420.26	17.833
420.61	17.849
420.97	17.854
421.33	17.881
421.69	17.929
422.05	17.974
422.41	17.920
422.77	17.876
423.13	17.864
423.49	17.854
423.85	17.925
424.21	17.882
424.57	18.018
424.93	18.040
425.29	18.100
425.65	18.123
426.01	18.171
426.36	18.246
426.72	18.285
427.08	18.269
427.44	18.301
427.80	18.356
428.16	18.442
428.52	18.313
428.88	18.420
429.24	18.400
429.59	18.425
429.95	18.399
430.31	18.401
430.67	18.500
431.03	18.515
431.39	18.571
431.75	18.556
432.10	18.573
432.46	18.686
432.82	18.667
433.18	18.700
433.54	18.675
433.90	18.721
434.25	18.698
434.61	18.739
434.97	18.833
435.33	18.855
435.69	18.932
436.04	18.992
436.40	19.043
436.76	19.101
437.12	19.137
437.48	19.281
437.83	19.391
438.19	19.625
438.55	19.659
438.91	19.775
439.27	19.924
439.62	19.995
439.98	19.990
440.34	19.999
440.70	20.000
441.05	20.053
441.41	20.056
441.77	20.113
442.13	20.068
442.48	20.142
442.84	20.124
443.20	20.074
443.56	20.073
443.91	20.241
444.27	20.352
444.63	20.498
444.98	20.582
445.34	20.671
445.70	20.688
446.05	20.812
446.41	20.827
446.77	20.914
447.13	21.017
447.48	21.126
447.84	21.182
448.20	21.330
448.55	21.412
448.91	21.525
449.27	21.667
449.62	21.827
449.98	21.788
450.34	21.928
450.69	22.027
451.05	22.148
451.40	22.253
451.76	22.305
452.12	22.353
452.47	22.401
452.83	22.424
453.19	22.376
453.54	22.413
453.90	22.615
454.25	22.708
454.61	22.774
454.97	22.783
455.32	22.770
455.68	22.750
456.03	22.748
456.39	22.827
456.75	22.891
457.10	23.014
457.46	23.041
457.81	22.995
458.17	22.940
458.52	22.893
458.88	22.867
459.24	22.855
459.59	22.944
459.95	22.964
460.30	22.879
460.66	22.827
461.01	22.796
461.37	22.766
461.72	22.875
462.08	22.906
462.43	22.970
462.79	23.009
463.14	23.102
463.50	23.060
463.85	23.147
464.21	23.196
464.56	23.218
464.92	23.298
465.27	23.311
465.63	23.143
465.98	23.077
466.34	23.078
466.69	23.128
467.05	23.063
467.40	23.056
467.76	22.920
468.11	22.945
468.47	23.007
468.82	22.942
469.18	22.822
469.53	22.945
469.88	22.999
470.24	22.923
470.59	22.931
470.95	22.981
471.30	23.054
471.66	23.036
472.01	22.973
472.36	22.987
472.72	23.058
473.07	23.188
473.43	23.064
473.78	23.088
474.13	23.106
474.49	23.035
474.84	22.979
475.19	22.855
475.55	22.955
475.90	23.047
476.26	23.006
476.61	22.951
476.96	22.966
477.32	23.027
477.67	23.003
478.02	23.108
478.38	23.202
478.73	23.230
479.08	23.251
479.44	23.105
479.79	23.035
480.14	23.108
480.50	23.075
480.85	23.028
481.20	23.012
481.56	23.000
481.91	23.022
482.26	23.050
482.62	23.044
482.97	23.086
483.32	23.119
483.67	23.123
484.03	23.077
484.38	23.119
484.73	23.135
485.08	23.118
485.44	23.155
485.79	23.152
486.14	23.111
486.49	23.103
486.85	23.040
487.20	23.037
487.55	23.032
487.90	23.047
488.26	22.997
488.61	22.978
488.96	23.029
489.31	23.066
489.67	23.032
490.02	23.073
490.37	23.117
490.72	23.176
491.07	23.159
491.43	23.171
491.78	23.179
492.13	23.230
492.48	23.252
492.83	23.244
493.19	23.225
493.54	23.264
493.89	23.252
494.24	23.253
494.59	23.303
494.94	23.385
495.29	23.466
495.65	23.570
496.00	23.586
496.35	23.684
496.70	23.743
497.05	23.742
497.40	23.711
497.75	23.642
498.11	23.617
498.46	23.630
498.81	23.655
499.16	23.616
499.51	23.577
499.86	23.544
500.21	23.525
500.56	23.487
500.91	23.449
501.26	23.483
501.62	23.547
501.97	23.640
502.32	23.597
502.67	23.586
503.02	23.687
503.37	23.695
503.72	23.731
504.07	23.756
504.42	23.787
504.77	23.796
505.12	23.704
505.47	23.789
505.82	23.744
506.17	23.762
506.52	23.787
506.87	23.774
507.22	23.791
507.57	23.820
507.92	23.818
508.27	23.844
508.62	23.978
508.97	24.195
509.32	24.227
509.67	24.221
510.02	24.339
510.37	24.442
510.72	24.393
511.07	24.355
511.42	24.378
511.77	24.347
512.12	24.312
512.47	24.245
512.82	24.145
513.17	24.110
513.52	24.107
513.87	24.014
514.22	23.924
514.57	23.998
514.91	24.010
515.26	23.995
515.61	24.013
515.96	24.100
516.31	24.037
516.66	24.017
517.01	23.951
517.36	23.975
517.71	23.951
518.06	23.998
518.41	23.878
518.75	23.900
519.10	23.864
519.45	23.845
519.80	23.854
520.15	23.887
520.50	23.901
520.85	23.870
521.19	23.868
521.54	23.958
521.89	23.831
522.24	23.879
522.59	23.847
522.94	23.859
523.28	23.851
523.63	23.776
523.98	23.701
524.33	23.697
524.68	23.721
525.03	23.647
525.37	23.562
525.72	23.565
526.07	23.529
526.42	23.532
526.76	23.511
527.11	23.506
527.46	23.468
527.81	23.453
528.16	23.420
528.50	23.391
528.85	23.393
529.20	23.381
529.55	23.381
529.89	23.385
530.24	23.320
530.59	23.268
530.94	23.244
531.28	23.231
531.63	23.186
531.98	23.086
532.32	23.109
532.67	23.067
533.02	23.032
533.37	23.012
533.71	22.995
534.06	23.013
534.41	23.015
534.75	22.944
535.10	22.907
535.45	22.931
535.79	22.977
536.14	22.940
536.49	23.000
536.83	22.978
537.18	23.007
537.53	22.957
537.87	22.891
538.22	22.855
538.57	22.867
538.91	22.825
539.26	22.843
539.61	22.874
539.95	22.816
540.30	22.753
540.64	22.742
540.99	22.734
541.34	22.750
541.68	22.794
542.03	22.816
542.37	22.814
542.72	22.852
543.07	22.871
543.41	22.830
543.76	22.849
544.10	22.843
544.45	22.808
544.80	22.771
545.14	22.750
545.49	22.740
545.83	22.754
546.18	22.723
546.52	22.732
546.87	22.697
547.21	22.700
547.56	22.786
547.90	22.869
548.25	22.955
548.59	22.949
548.94	22.906
549.29	22.931
549.63	22.950
549.98	23.010
550.32	23.017
550.67	22.988
551.01	22.997
551.35	22.935
551.70	22.901
552.04	22.927
552.39	22.975
552.73	23.075
553.08	23.082
553.42	23.025
553.77	23.007
554.11	22.929
554.46	22.973
554.80	23.020
555.15	23.018
555.49	23.008
555.83	22.983
556.18	22.948
556.52	22.914
556.87	22.864
557.21	22.936
557.56	23.035
557.90	23.088
558.24	23.035
558.59	23.117
558.93	23.178
559.28	23.168
559.62	23.290
559.96	23.345
560.31	23.411
560.65	23.410
560.99	23.341
561.34	23.320
561.68	23.331
562.02	23.426
562.37	23.375
562.71	23.354
563.06	23.407
563.40	23.318
563.74	23.337
564.09	23.320
564.43	23.307
564.77	23.277
565.11	23.327
565.46	23.434
565.80	23.472
566.14	23.536
566.49	23.581
566.83	23.586
567.17	23.582
567.52	23.599
567.86	23.617
568.20	23.722
568.54	23.831
568.89	23.666
569.23	23.671
569.57	23.650
569.91	23.644
570.26	23.624
570.60	23.654
570.94	23.702
571.28	23.694
571.63	23.756
571.97	23.725
572.31	23.730
572.65	23.834
573.00	23.704
573.34	23.763
573.68	23.795
574.02	23.832
574.36	23.839
574.71	23.870
575.05	23.927
575.39	23.848
575.73	23.910
576.07	23.914
576.42	23.971
576.76	24.105
577.10	24.021
577.44	23.961
577.78	23.919
578.12	23.952
578.46	23.985
578.81	23.939
579.15	23.981
579.49	23.973
579.83	23.995
580.17	23.819
580.51	23.732
580.85	23.777
581.20	23.757
581.54	23.795
581.88	23.696
582.22	23.725
582.56	23.764
582.90	23.742
583.24	23.698
583.58	23.689
583.92	23.845
584.26	23.962
584.60	24.092
584.95	24.153
585.29	24.143
585.63	24.337
585.97	24.272
586.31	24.382
586.65	24.454
586.99	24.477
587.33	24.503
587.67	24.658
588.01	24.661
588.35	24.663
588.69	24.816
589.03	24.923
589.37	24.996
589.71	25.025
590.05	25.035
590.39	25.189
590.73	25.360
591.07	25.536
591.41	25.599
591.75	25.766
592.09	25.857
592.43	25.885
592.77	25.977
593.11	25.876
593.45	26.004
593.79	25.993
594.13	26.033
594.47	26.096
594.81	26.125
595.14	26.139
595.48	26.103
595.82	26.118
596.16	26.217
596.50	26.321
596.84	26.494
597.18	26.631
597.52	26.639
597.86	26.659
598.20	26.688
598.54	26.882
598.87	27.027
599.21	27.204
599.55	27.299
599.89	27.335
600.23	27.385
600.57	27.450
600.91	27.545
601.25	27.830
601.58	28.006
601.92	28.194
602.26	28.146
602.60	28.207
602.94	28.297
603.28	28.415
603.61	28.484
603.95	28.506
604.29	28.577
604.63	28.647
604.97	28.674
605.30	28.739
605.64	28.852
605.98	29.010
606.32	29.123
606.66	29.205
606.99	29.249
607.33	29.366
607.67	29.539
608.01	29.641
608.34	29.718
608.68	29.840
609.02	29.882
609.36	29.907
609.69	29.923
610.03	29.999
610.37	30.007
610.71	30.088
611.04	30.259
611.38	30.348
611.72	30.406
612.06	30.414
612.39	30.396
612.73	30.468
613.07	30.515
613.40	30.420
613.74	30.466
614.08	30.529
614.41	30.689
614.75	30.553
615.09	30.509
615.42	30.702
615.76	30.824
616.10	30.955
616.43	31.139
616.77	31.181
617.11	31.327
617.44	31.404
617.78	31.592
618.12	31.574
618.45	31.765
618.79	31.964
619.13	32.038
619.46	32.034
619.80	32.050
620.13	31.945
620.47	32.040
620.81	32.210
621.14	32.247
621.48	32.249
621.81	32.266
622.15	32.280
622.48	32.245
622.82	32.143
623.16	32.248
623.49	32.467
623.83	32.650
624.16	32.698
624.50	32.678
624.83	32.563
625.17	32.612
625.50	32.773
625.84	32.690
626.18	32.668
626.51	32.656
626.85	32.647
627.18	32.473
627.52	32.367
627.85	32.332
628.19	32.421
628.52	32.553
628.86	32.627
629.19	32.594
629.53	32.752
629.86	32.725
630.19	32.889
630.53	32.918
630.86	33.033
631.20	33.179
631.53	33.115
631.87	33.096
632.20	33.227
632.54	33.163
632.87	33.153
633.20	33.088
633.54	33.119
633.87	32.942
634.21	33.020
634.54	33.063
634.88	33.144
635.21	33.204
635.54	33.157
635.88	32.977
636.21	32.873
636.55	32.821
636.88	32.746
637.21	32.780
637.55	32.976
637.88	32.857
638.21	32.935
638.55	32.823
638.88	32.978
639.21	33.001
639.55	33.033
639.88	33.168
640.21	33.298
640.55	33.330
640.88	33.361
641.21	33.338
641.55	33.371
641.88	33.334
642.21	33.392
642.55	33.222
642.88	33.212
643.21	33.315
643.55	33.302
643.88	33.278
644.21	33.379
644.54	33.352
644.88	33.242
645.21	33.341
645.54	33.240
645.87	33.160
646.21	33.208
646.54	33.121
646.87	33.148
647.20	33.035
647.54	32.867
647.87	32.632
648.20	32.655
648.53	32.700
648.87	32.611
649.20	32.456
649.53	32.453
649.86	32.387
650.19	32.482
650.53	32.425
650.86	32.296
651.19	32.229
651.52	32.410
651.85	32.436
652.18	32.460
652.52	32.312
652.85	32.348
653.18	32.215
653.51	32.100
653.84	31.952
654.17	31.833
654.51	32.130
654.84	32.085
655.17	32.031
655.50	32.006
655.83	31.966
656.16	32.066
656.49	32.098
656.82	32.063
657.15	32.227
657.49	32.249
657.82	32.243
658.15	32.035
658.48	32.022
658.81	31.887
659.14	32.004
659.47	31.843
659.80	31.818
660.13	31.860
660.46	31.970
660.79	31.892
661.12	31.803
661.45	31.608
661.78	31.653
662.11	31.740
662.44	31.696
662.77	31.361
663.10	31.357
663.43	31.299
663.76	31.095
664.09	30.796
664.42	30.601
664.75	30.549
665.08	30.622
665.41	30.434
665.74	30.098
666.07	30.046
666.40	30.112
666.73	29.670
667.06	29.284
667.39	29.150
667.72	29.323
668.05	29.158
668.38	28.835
668.71	28.488
669.04	28.405
669.37	28.462
669.70	28.367
670.03	28.213
670.36	28.494
670.69	28.289
671.01	28.257
671.34	27.962
671.67	27.920
672.00	27.958
672.33	28.061
672.66	28.064
672.99	27.949
673.32	27.807
673.64	27.713
673.97	27.300
674.30	27.478
674.63	27.295
674.96	27.283
675.29	27.107
675.62	27.353
675.94	27.034
676.27	26.853
676.60	26.483
676.93	26.211
677.26	25.963
677.58	26.078
677.91	25.815
678.24	25.578
678.57	25.261
678.90	25.284
679.22	24.852
679.55	24.636
679.88	24.492
680.21	24.616
680.54	24.572
680.86	24.140
681.19	23.794
681.52	23.762
681.85	23.316
682.17	23.008
682.50	22.501
682.83	22.409
683.16	22.426
683.48	22.102
683.81	21.813
684.14	21.758
684.46	21.550
684.79	21.124
685.12	20.671
685.45	21.100
685.77	20.817
686.10	20.833
686.43	20.142
686.75	19.695
687.08	19.634
687.41	19.223
687.73	18.495
688.06	18.538
688.39	18.650
688.71	18.191
689.04	17.377
689.36	17.184
689.69	16.607
690.02	16.888
690.34	16.700
690.67	15.923
691.00	16.032
691.32	16.166
691.65	15.755
691.97	15.269
692.30	15.681
692.63	15.605
692.95	15.436
693.28	15.373
693.60	15.033
693.93	14.894
694.26	14.903
694.58	14.223
694.91	13.947
695.23	13.351
695.56	13.025
695.88	12.681
696.21	12.418
696.53	12.186
696.86	12.176
697.18	12.148
697.51	12.259
697.83	12.067
698.16	11.777
698.48	11.139
698.81	11.663
699.13	11.797
699.46	11.728
699.78	11.520
700.11	11.552
700.43	11.361
700.76	10.862
701.08	10.151
701.41	9.905
701.73	10.001
702.06	10.286
702.38	9.391
702.71	8.986
703.03	8.456
703.35	8.472
703.68	8.281
704.00	7.833
704.33	7.339
704.65	7.484
704.98	7.390
705.30	6.875
705.62	6.708
705.95	6.672
706.27	6.767
706.60	6.887
706.92	6.472
707.24	5.486
707.57	5.287
707.89	5.257
708.21	4.692
708.54	4.559
708.86	4.720
709.18	4.476
709.51	4.212
709.83	3.324
710.15	2.712
710.48	2.691
710.80	2.824
711.12	2.326
711.45	2.150
711.77	2.491
712.09	1.413
712.42	0.781
712.74	0.497
713.06	0.427
713.38	0.381
713.71	-0.225
714.03	-0.927
714.35	-0.632
714.68	-0.613
715.00	-0.527
715.32	-1.062
715.64	-0.401
715.97	-0.735
716.29	-0.658
716.61	-0.884
716.93	-0.876
717.25	-1.051
717.58	-0.732
717.90	-1.195
718.22	-1.097
718.54	-1.450
718.87	-2.178
719.19	-2.591
719.51	-2.674
719.83	-3.340
720.15	-3.679
720.47	-3.286
720.80	-3.217
721.12	-3.227
721.44	-3.793
721.76	-4.381
722.08	-4.149
722.40	-4.292
722.73	-4.442
723.05	-4.081
723.37	-4.899
723.69	-4.616
724.01	-4.693
724.33	-4.804
724.65	-5.798
724.97	-5.052
725.30	-4.430
725.62	-4.696
725.94	-4.079
726.26	-3.902
726.58	-3.590
726.90	-2.262
727.22	-2.696
727.54	-3.230
727.86	-3.193
728.18	-2.779
728.50	-3.642
728.82	-3.567
729.14	-3.977
729.46	-3.846
729.78	-4.003
730.10	-4.623
730.42	-5.311
730.74	-5.029
731.07	-5.210
731.39	-4.594
731.71	-5.129
732.03	-4.285
732.35	-4.868
732.66	-4.690
732.98	-5.265
733.30	-4.508
733.62	-4.720
733.94	-4.903
734.26	-5.569
734.58	-5.122
734.90	-6.064
735.22	-5.137
735.54	-5.219
735.86	-6.161
736.18	-6.785
736.50	-6.192
736.82	-7.444
737.14	-6.730
737.46	-6.271
737.78	-5.616
738.10	-6.668
738.41	-6.697
738.73	-7.793
739.05	-8.765
739.37	-8.348
739.69	-8.667
740.01	-10.015
740.33	-9.731
740.65	-10.292
740.96	-11.128
741.28	-10.870
741.60	-10.232
741.92	-9.749
742.24	-9.775
742.56	-11.278
742.88	-11.584
743.19	-11.653
743.51	-11.299
743.83	-11.483
744.15	-12.023
744.47	-11.194
744.78	-12.280
745.10	-12.498
745.42	-12.007
745.74	-10.954
746.06	-8.645
746.37	-7.637
746.69	-7.523
747.01	-7.568
747.33	-7.452
747.64	-7.486
747.96	-7.060
748.28	-7.068
748.60	-7.870
748.91	-8.781
749.23	-8.421
749.55	-9.039
749.87	-9.063
750.18	-8.083
750.50	-7.675
750.82	-9.336
751.13	-9.230
751.45	-9.954
751.77	-8.921
752.08	-8.015
752.40	-8.314
752.72	-9.993
753.03	-10.063
753.35	-11.064
753.67	-12.552
753.98	-12.389
754.30	-10.464
754.62	-9.715
754.93	-10.397
755.25	-10.248
755.57	-11.310
755.88	-11.441
756.20	-9.850
756.51	-9.201
756.83	-8.845
757.15	-7.004
757.46	-6.824
757.78	-7.954
758.09	-8.831
758.41	-8.339
758.73	-9.339
759.04	-8.245
759.36	-8.656
759.67	-9.548
759.99	-11.116
760.30	-11.031
760.62	-12.544
760.94	-12.379
761.25	-11.909
761.57	-10.432
761.88	-10.557
762.20	-10.450
762.51	-10.171
762.83	-9.437
763.14	-9.692
763.46	-10.196
763.77	-10.798
764.09	-9.986
764.40	-10.072
764.72	-9.875
765.03	-11.395
765.35	-10.992
765.66	-11.409
765.98	-11.304
766.29	-12.108
766.61	-11.195
766.92	-9.258
767.23	-9.858
767.55	-10.750
767.86	-12.778
768.18	-11.564
768.49	-9.746
768.81	-12.081
769.12	-11.520
769.43	-12.952
769.75	-12.628
770.06	-12.902
770.38	-14.463
770.69	-12.873
771.00	-13.520
771.32	-10.578
771.63	-12.581
771.94	-13.990
772.26	-12.148
772.57	-12.866
772.89	-12.625
773.20	-10.830
773.51	-12.832
773.83	-13.090
774.14	-13.529
774.45	-13.034
774.77	-13.959
775.08	-13.388
775.39	-11.960
775.70	-12.394
776.02	-12.339
776.33	-12.366
776.64	-15.089
776.96	-13.248
777.27	-12.158
777.58	-12.385
777.89	-12.472
778.21	-13.371
778.52	-12.328
778.83	-12.050
779.14	-11.702
779.46	-9.710
779.77	-10.894
780.08	-12.158
780.39	-14.541
780.71	-15.315
781.02	-15.229
781.33	-15.621
781.64	-14.606
781.95	-16.068
782.27	-16.396
782.58	-17.465
782.89	-20.405
783.20	-18.846
783.51	-16.138
783.83	-15.345
784.14	-11.798
784.45	-12.977
784.76	-12.917
785.07	-14.221
785.38	-13.743
785.70	-17.002
786.01	-16.070
786.32	-15.726
786.63	-12.992
786.94	-13.423
787.25	-12.048
787.56	-12.122
787.87	-12.467
788.18	-11.431
788.50	-11.513
788.81	-10.859
789.12	-8.986
789.43	-9.067
789.74	-8.003
790.05	-12.084
790.36	-11.852
790.67	-11.824
790.98	-13.309
791.29	-7.756
791.60	-7.389
791.91	-8.144
792.22	-10.016
792.53	-12.073
792.84	-12.650
793.15	-13.384
793.46	-10.149
793.77	-12.991
794.08	-12.419
794.39	-10.789
794.70	-12.263
795.01	-12.326
795.32	-10.374
795.63	-10.021
795.94	-8.684
796.25	-6.448
796.56	-7.111
796.87	-11.289
797.18	-6.502
797.49	-7.964
797.80	-12.318
798.11	-14.329
798.42	-15.810
798.73	-15.605
799.04	-14.979
799.35	-14.005
799.65	-15.456
799.96	-15.903
800.27	-14.843
800.58	-16.125
800.89	-16.881
801.20	-15.818
801.51	-13.773
801.82	-10.802
802.13	-11.557
802.43	-13.085
802.74	-15.167
803.05	-13.111
803.36	-11.613
803.67	-11.816
803.98	-12.092
804.28	-11.192
804.59	-11.549
804.90	-15.241
805.21	-18.927
805.52	-21.455
805.83	-20.853
806.13	-19.486
806.44	-22.384
806.75	-22.538
807.06	-24.536
807.36	-25.674
807.67	-26.014
807.98	-23.641
808.29	-20.987
808.60	-19.589
808.90	-17.239
809.21	-16.231
809.52	-14.286
809.83	-10.744
810.13	-14.403
810.44	-10.713
810.75	-13.128
811.05	-13.985
811.36	-15.596
811.67	-19.345
811.98	-20.971
812.28	-21.404
812.59	-24.956
812.90	-31.693
813.20	-36.565
813.51	-33.562
813.82	-31.900
814.12	-30.608
814.43	-28.824
814.74	-31.185
815.04	-26.490
815.35	-28.487
815.65	-25.325
815.96	-23.363
816.27	-21.326
816.57	-16.636
816.88	-14.403
817.19	-13.600
817.49	-10.562
817.80	-9.900
818.10	-9.810
818.41	-15.826
818.72	-15.938
819.02	-21.805
819.33	-21.572
819.63	-20.687
819.94	-20.416
820.24	-23.780
820.55	-24.437
820.85	-23.749
821.16	-21.519
821.47	-20.229
821.77	-18.931
822.08	-18.110
822.38	-17.577
822.69	-17.489
822.99	-17.562
823.30	-18.700
823.60	-17.681
823.91	-18.297
824.21	-18.252
824.52	-19.158
824.82	-19.378
825.13	-19.492
825.43	-19.809
825.73	-19.357
826.04	-19.347
826.34	-20.070
826.65	-18.629
826.95	-20.076
827.26	-19.572
827.56	-20.265
827.87	-21.568
828.17	-21.912
828.47	-22.168
828.78	-22.722
829.08	-23.044
829.39	-23.246
829.69	-22.127
829.99	-24.039
830.30	-23.229
830.60	-23.582
830.90	-23.352
831.21	-22.010
831.51	-19.685
831.82	-16.046
832.12	-17.262
832.42	-16.104
832.73	-18.907
833.03	-19.464
833.33	-19.156
833.64	-19.718
833.94	-20.825
834.24	-19.616
834.54	-16.599
834.85	-16.733
835.15	-19.046
835.45	-19.373
835.76	-21.883
836.06	-22.476
836.36	-23.089
836.66	-21.826
836.97	-24.699
837.27	-21.654
837.57	-24.807
837.87	-30.535
838.18	-34.289
838.48	-32.296
838.78	-27.145
839.08	-24.252
839.39	-23.770
839.69	-16.647
839.99	-21.376
840.29	-17.938
840.59	-19.018
840.90	-18.012
841.20	-17.691
841.50	-19.116
841.80	-20.658
842.10	-19.973
842.41	-25.524
842.71	-22.419
843.01	-35.460
843.31	-36.289
843.61	-43.642
843.91	-51.263
844.21	-47.194
844.52	-42.083
844.82	-42.918
845.12	-51.756
845.42	-61.162
845.72	-61.757
846.02	-55.779
846.32	-48.540
846.62	-36.483
846.92	-9.240
847.22	-5.497
847.52	-8.302
847.83	-11.818
848.13	-15.268
848.43	-9.809
848.73	-9.056
849.03	-5.057
849.33	3.679
849.63	12.198
849.93	9.425
850.23	-1.657
850.53	3.096
850.83	3.329
851.13	6.941
851.43	8.126
851.73	5.478
852.03	4.338
852.33	-1.814
852.63	-14.605
852.93	-31.918
853.23	-43.499
853.53	-46.713
853.83	-46.448
854.13	-37.742
854.43	-39.516
854.73	-44.364
855.03	-55.804
855.32	-46.097
855.62	-33.677
855.92	-20.970
856.22	-12.739
856.52	-8.810
856.82	-11.442
857.12	-24.804
857.42	-25.893
857.72	-31.835
858.02	-19.848
858.31	-13.377
858.61	-14.527
858.91	-18.219
859.21	-22.621
859.51	-22.822
859.81	-25.936
860.11	-24.585
860.40	-24.156
860.70	-28.832
861.00	-22.165
861.30	-39.961
861.60	-60.444
861.90	-82.915
862.19	-89.630
862.49	-73.483
862.79	-72.254
863.09	-86.715
863.39	-95.844
863.68	-78.664
863.98	-74.454
864.28	-63.774
864.58	-70.938
864.87	-49.263
865.17	-31.622
865.47	-15.050
865.77	-21.677
866.06	-29.008
866.36	-33.254
866.66	-18.228
866.96	-23.430
867.25	-16.535
867.55	-34.458
867.85	-17.121
868.14	-27.461
868.44	-27.920
868.74	-43.130
869.03	-34.559
869.33	-23.491
869.63	-18.402
869.92	-32.060
870.22	-30.409
870.52	-38.900
870.81	-13.583
871.11	-6.897
871.41	2.536
871.70	-0.659
872.00	12.105
872.30	7.282
872.59	-4.293
872.89	0.000
873.18	-5.760
873.48	-1.833
873.78	-9.808
874.07	-26.069
874.37	-66.749
874.66	-104.027
874.96	-121.339
875.25	-172.811
875.55	-169.163
875.85	-191.720
876.14	-150.901
876.44	-111.355
876.73	-73.065
877.03	-84.053
877.32	-77.070
877.62	-54.286
877.91	-48.993
878.21	-46.516
878.50	-20.962
878.80	-32.667
879.09	-48.188
879.39	-54.222
879.68	-89.196
879.98	-139.093
880.27	-124.877
880.57	-112.555
880.86	-75.378
881.16	-61.011
881.45	-53.913
881.74	-51.135
882.04	-43.284
882.33	-38.117
882.63	-35.488
882.92	-31.544
883.22	-30.095
883.51	-27.035
883.80	-29.496
884.10	-28.825
884.39	-28.033
884.69	-29.885
884.98	-35.056
885.27	-39.768
885.57	-49.343
885.86	-50.305
886.15	-57.776
886.45	-60.495
886.74	-65.433
887.03	-64.242
887.33	-72.740
887.62	-61.072
887.91	-42.045
888.21	8.247
888.50	-18.000
888.79	14.474
889.09	42.478
