190.56	55.172
190.94	55.172
191.32	55.172
191.70	-112.195
192.08	25.000
192.46	43.503
192.84	61.078
193.22	141.228
193.60	608.333
193.98	-146.154
194.36	2016.667
194.74	-48.837
195.13	109.375
195.51	816.667
195.89	152.000
196.27	100.000
196.65	6600.000
197.03	-522.222
197.40	87.755
197.78	123.871
198.16	89.881
198.54	109.375
198.92	258.333
199.30	-46.154
199.68	-100.000
200.06	9.783
200.44	29.936
200.82	37.802
201.20	39.552
201.58	56.137
201.96	62.656
202.34	67.742
202.72	69.355
203.10	62.797
203.48	67.219
203.86	48.996
204.24	29.583
204.62	32.500
205.00	44.853
205.38	55.882
205.76	40.547
206.13	36.476
206.51	2.128
206.89	-4.701
207.27	3.220
207.65	-1.775
208.03	4.854
208.41	10.731
208.79	7.993
209.17	-6.627
209.55	-19.749
209.93	-12.090
210.30	-6.107
210.68	4.956
211.06	2.847
211.44	-5.428
211.82	2.062
212.20	12.240
212.58	11.933
212.96	8.038
213.33	28.659
213.71	36.528
214.09	23.828
214.47	25.907
214.85	-1.235
215.23	20.074
215.61	-30.366
215.98	-28.679
216.36	-43.116
216.74	-29.655
217.12	-27.660
217.50	-28.528
217.88	-30.233
218.25	0.821
218.63	10.324
219.01	13.324
219.39	15.578
219.77	21.567
220.14	27.904
220.52	24.134
220.90	19.713
221.28	21.693
221.66	17.278
222.03	10.342
222.41	2.103
222.79	-2.846
223.17	-2.157
223.55	-3.135
223.92	2.999
224.30	-4.852
224.68	-2.120
225.06	-0.895
225.43	-3.397
225.81	-3.080
226.19	0.000
226.57	-0.427
226.95	2.185
227.32	2.474
227.70	1.857
228.08	2.058
228.46	4.079
228.83	3.534
229.21	2.549
229.59	1.929
229.96	2.891
230.34	2.272
230.72	4.679
231.10	3.395
231.47	3.632
231.85	4.464
232.23	3.948
232.60	2.081
232.98	3.200
233.36	2.864
233.74	4.077
234.11	2.656
234.49	3.502
234.87	2.803
235.24	2.017
235.62	2.102
236.00	1.769
236.37	0.935
236.75	2.153
237.13	1.584
237.50	2.026
237.88	2.112
238.26	2.568
238.63	2.936
239.01	2.622
239.39	3.464
239.76	3.223
240.14	2.570
240.52	3.715
240.89	3.313
241.27	2.798
241.65	3.411
242.02	3.005
242.40	3.104
242.77	3.005
243.15	2.437
243.53	2.516
243.90	2.709
244.28	2.590
244.66	2.178
245.03	2.165
245.41	2.647
245.78	2.232
246.16	2.152
246.54	2.269
246.91	2.164
247.29	2.097
247.66	2.003
248.04	1.783
248.41	2.014
248.79	2.091
249.17	2.230
249.54	1.899
249.92	2.352
250.29	2.832
250.67	3.196
251.04	3.610
251.42	3.940
251.80	4.175
252.17	4.128
252.55	4.051
252.92	4.195
253.30	3.883
253.67	3.513
254.05	3.098
254.42	2.779
254.80	2.428
255.17	1.872
255.55	1.805
255.92	1.795
256.30	2.255
256.67	2.216
257.05	2.003
257.42	1.784
257.80	2.440
258.17	2.238
258.55	2.186
258.92	1.912
259.30	1.652
259.67	1.768
260.05	1.491
260.42	1.576
260.80	1.306
261.17	1.331
261.55	1.420
261.92	1.138
262.30	1.181
262.67	1.113
263.05	1.071
263.42	1.421
263.79	1.071
264.17	1.228
264.54	0.872
264.92	1.258
265.29	1.482
265.67	1.499
266.04	1.566
266.42	1.061
266.79	0.845
267.16	0.693
267.54	0.496
267.91	0.569
268.29	0.648
268.66	0.973
269.03	0.919
269.41	0.532
269.78	0.718
270.16	0.766
270.53	1.081
270.90	1.392
271.28	1.525
271.65	1.671
272.03	1.884
272.40	2.152
272.77	1.989
273.15	2.072
273.52	2.059
273.89	2.261
274.27	2.354
274.64	2.434
275.01	2.463
275.39	2.388
275.76	2.582
276.14	2.262
276.51	1.933
276.88	1.771
277.26	1.771
277.63	1.801
278.00	1.617
278.38	1.436
278.75	1.501
279.12	1.414
279.49	1.453
279.87	1.342
280.24	1.472
280.61	1.411
280.99	1.568
281.36	1.618
281.73	1.884
282.11	1.815
282.48	1.980
282.85	1.859
283.22	1.905
283.60	1.987
283.97	1.911
284.34	1.843
284.71	1.782
285.09	1.970
285.46	1.877
285.83	1.747
286.21	1.725
286.58	1.638
286.95	1.767
287.32	1.677
287.70	1.648
288.07	1.627
288.44	1.729
288.81	1.815
289.18	1.599
289.56	1.651
289.93	1.521
290.30	1.521
290.67	1.484
291.05	1.350
291.42	1.441
291.79	1.541
292.16	1.707
292.53	1.972
292.91	2.044
293.28	2.116
293.65	2.264
294.02	2.307
294.39	2.393
294.76	2.489
295.14	2.630
295.51	2.670
295.88	2.523
296.25	2.314
296.62	2.147
297.00	2.012
297.37	1.983
297.74	1.923
298.11	2.095
298.48	2.074
298.85	1.964
299.22	2.080
299.60	2.096
299.97	2.370
300.34	2.662
300.71	2.731
301.08	3.025
301.45	2.935
301.82	2.772
302.19	2.777
302.56	3.047
302.94	3.302
303.31	3.076
303.68	2.872
304.05	2.587
304.42	2.430
304.79	2.429
305.16	2.193
305.53	2.336
305.90	2.594
306.27	2.596
306.64	2.353
307.02	2.387
307.39	2.646
307.76	2.665
308.13	2.785
308.50	2.865
308.87	2.765
309.24	2.988
309.61	3.033
309.98	3.011
310.35	3.053
310.72	2.891
311.09	2.729
311.46	2.566
311.83	2.585
312.20	2.545
312.57	2.335
312.94	2.326
313.31	2.192
313.68	1.888
314.05	1.787
314.42	1.847
314.79	2.105
315.16	1.972
315.53	1.727
315.90	1.787
316.27	1.896
316.64	2.126
317.01	2.161
317.38	2.252
317.75	2.553
318.12	2.669
318.49	2.680
318.86	2.696
319.23	2.908
319.60	3.218
319.97	3.391
320.34	3.253
320.71	3.363
321.08	3.482
321.45	3.681
321.82	3.657
322.19	3.598
322.55	3.482
322.92	3.381
323.29	3.476
323.66	3.551
324.03	3.708
324.40	3.789
324.77	3.757
325.14	3.870
325.51	3.801
325.88	4.008
326.25	4.254
326.61	4.361
326.98	4.833
327.35	5.029
327.72	5.168
328.09	5.214
328.46	5.518
328.83	5.650
329.20	6.032
329.56	6.360
329.93	6.547
330.30	7.108
330.67	7.813
331.04	7.864
331.41	8.124
331.78	8.490
332.14	8.668
332.51	9.099
332.88	9.529
333.25	9.894
333.62	10.303
333.99	10.778
334.35	10.937
334.72	10.920
335.09	11.286
335.46	11.859
335.83	12.051
336.19	12.594
336.56	12.657
336.93	13.069
337.30	12.926
337.67	13.028
338.03	13.099
338.40	13.286
338.77	13.493
339.14	13.629
339.50	13.465
339.87	13.737
340.24	13.912
340.61	14.124
340.97	14.118
341.34	14.552
341.71	14.809
342.08	14.847
342.44	14.830
342.81	15.160
343.18	15.300
343.55	15.360
343.91	15.363
344.28	15.336
344.65	15.602
345.02	15.799
345.38	15.873
345.75	15.857
346.12	16.067
346.48	16.116
346.85	16.031
347.22	16.318
347.59	16.570
347.95	16.716
348.32	16.741
348.69	16.796
349.05	16.759
349.42	16.907
349.79	17.010
350.15	17.147
350.52	17.330
350.89	17.110
351.25	16.993
351.62	16.990
351.99	16.971
352.35	16.949
352.72	16.890
353.09	16.890
353.45	16.860
353.82	16.865
354.18	16.809
354.55	16.902
354.92	17.059
355.28	17.142
355.65	17.170
356.02	17.452
356.38	17.495
356.75	17.409
357.11	17.523
357.48	17.688
357.85	17.758
358.21	17.740
358.58	17.775
358.94	17.915
359.31	17.892
359.67	17.930
360.04	17.789
360.41	18.022
360.77	18.192
361.14	18.221
361.50	18.163
361.87	18.188
362.23	18.223
362.60	18.219
362.97	18.290
363.33	18.405
363.70	18.546
364.06	18.798
364.43	18.938
364.79	19.001
365.16	19.169
365.52	19.270
365.89	19.369
366.25	19.486
366.62	19.693
366.98	19.822
367.35	19.828
367.71	19.929
368.08	19.891
368.44	19.770
368.81	19.989
369.17	20.022
369.54	20.253
369.90	20.435
370.27	20.633
370.63	20.679
371.00	20.832
371.36	21.208
371.73	21.359
372.09	21.486
372.45	21.616
372.82	21.755
373.18	22.028
373.55	22.101
373.91	22.296
374.28	22.384
374.64	22.561
375.01	22.747
375.37	22.868
375.73	23.028
376.10	23.285
376.46	23.540
376.83	23.789
377.19	24.006
377.55	24.218
377.92	24.344
378.28	24.780
378.65	25.024
379.01	25.263
379.37	25.492
379.74	25.770
380.10	26.088
380.47	26.389
380.83	26.621
381.19	26.933
381.56	27.277
381.92	27.534
382.28	27.679
382.65	27.992
383.01	28.238
383.37	28.514
383.74	28.934
384.10	29.120
384.46	29.389
384.83	29.694
385.19	29.947
385.55	30.102
385.92	30.344
386.28	30.648
386.64	30.808
387.01	31.188
387.37	31.407
387.73	31.655
388.10	31.947
388.46	32.180
388.82	32.416
389.18	32.560
389.55	32.850
389.91	33.278
390.27	33.572
390.64	33.853
391.00	33.959
391.36	34.201
391.72	34.360
392.09	34.641
392.45	34.936
392.81	35.292
393.17	35.566
393.54	35.822
393.90	35.995
394.26	36.309
394.62	36.594
394.99	36.820
395.35	37.046
395.71	37.345
396.07	37.584
396.43	37.835
396.80	37.915
397.16	38.210
397.52	38.585
397.88	38.939
398.24	39.114
398.61	39.318
398.97	39.656
399.33	40.103
399.69	40.434
400.05	40.615
400.42	40.811
400.78	41.035
401.14	41.300
401.50	41.393
401.86	41.589
402.22	41.811
402.59	42.113
402.95	42.238
403.31	42.310
403.67	42.270
404.03	42.448
404.39	42.539
404.75	42.756
405.12	42.891
405.48	43.187
405.84	43.353
406.20	43.572
406.56	43.756
406.92	44.056
407.28	44.333
407.64	44.746
408.00	44.940
408.36	45.154
408.73	45.406
409.09	45.559
409.45	45.656
409.81	45.824
410.17	45.973
410.53	46.122
410.89	46.340
411.25	46.592
411.61	46.680
411.97	46.895
412.33	47.104
412.69	47.331
413.05	47.550
413.41	47.822
413.77	47.945
414.13	47.836
414.50	47.990
414.86	48.050
415.22	47.885
415.58	47.932
415.94	48.080
416.30	48.290
416.66	48.351
417.02	48.417
417.38	48.444
417.74	48.529
418.10	48.734
418.46	48.877
418.82	49.020
419.18	49.275
419.54	49.342
419.90	49.498
420.26	49.594
420.61	49.583
420.97	49.753
421.33	49.792
421.69	49.852
422.05	50.044
422.41	50.132
422.77	50.216
423.13	50.259
423.49	50.380
423.85	50.418
424.21	50.520
424.57	50.690
424.93	50.663
425.29	50.718
425.65	50.886
426.01	50.929
426.36	51.147
426.72	51.248
427.08	51.320
427.44	51.529
427.80	51.638
428.16	51.667
428.52	51.759
428.88	51.927
429.24	52.256
429.59	52.497
429.95	52.667
430.31	52.620
430.67	52.652
431.03	52.670
431.39	52.699
431.75	52.829
432.10	53.045
432.46	53.281
432.82	53.520
433.18	53.614
433.54	53.629
433.90	53.668
434.25	53.794
434.61	54.107
434.97	54.439
435.33	54.644
435.69	54.754
436.04	54.794
436.40	54.804
436.76	54.934
437.12	55.092
437.48	55.264
437.83	55.561
438.19	55.641
438.55	55.659
438.91	55.686
439.27	55.906
439.62	56.155
439.98	56.386
440.34	56.567
440.70	56.697
441.05	56.768
441.41	56.853
441.77	56.915
442.13	57.098
442.48	57.151
442.84	57.398
443.20	57.338
443.56	57.377
443.91	57.406
444.27	57.438
444.63	57.466
444.98	57.465
445.34	57.619
445.70	57.647
446.05	57.625
446.41	57.612
446.77	57.563
447.13	57.702
447.48	57.607
447.84	57.672
448.20	57.837
448.55	57.855
448.91	57.968
449.27	57.871
449.62	57.814
449.98	58.002
450.34	58.179
450.69	58.328
451.05	58.454
451.40	58.716
451.76	58.631
452.12	58.439
452.47	58.431
452.83	58.441
453.19	58.594
453.54	58.771
453.90	58.734
454.25	58.688
454.61	58.485
454.97	58.294
455.32	58.253
455.68	58.319
456.03	58.431
456.39	58.552
456.75	58.658
457.10	58.660
457.46	58.721
457.81	58.790
458.17	58.866
458.52	59.083
458.88	59.088
459.24	59.146
459.59	59.225
459.95	59.266
460.30	59.251
460.66	59.171
461.01	59.219
461.37	59.184
461.72	59.071
462.08	58.970
462.43	58.881
462.79	58.925
463.14	58.839
463.50	58.800
463.85	58.747
464.21	58.760
464.56	58.854
464.92	58.803
465.27	58.774
465.63	58.824
465.98	59.089
466.34	59.113
466.69	59.098
467.05	59.096
467.40	59.211
467.76	59.294
468.11	59.352
468.47	59.269
468.82	59.416
469.18	59.494
469.53	59.562
469.88	59.492
470.24	59.538
470.59	59.693
470.95	59.773
471.30	59.799
471.66	59.852
472.01	59.817
472.36	59.873
472.72	59.708
473.07	59.586
473.43	59.527
473.78	59.566
474.13	59.482
474.49	59.466
474.84	59.442
475.19	59.309
475.55	59.260
475.90	59.186
476.26	59.231
476.61	59.435
476.96	59.496
477.32	59.596
477.67	59.544
478.02	59.597
478.38	59.566
478.73	59.538
479.08	59.669
479.44	59.743
479.79	59.920
480.14	59.969
480.50	59.984
480.85	60.074
481.20	60.150
481.56	60.216
481.91	60.321
482.26	60.542
482.62	60.600
482.97	60.614
483.32	60.637
483.67	60.539
484.03	60.491
484.38	60.477
484.73	60.531
485.08	60.574
485.44	60.571
485.79	60.592
486.14	60.498
486.49	60.458
486.85	60.452
487.20	60.485
487.55	60.566
487.90	60.661
488.26	60.672
488.61	60.637
488.96	60.627
489.31	60.701
489.67	60.781
490.02	60.817
490.37	60.887
490.72	60.859
491.07	60.892
491.43	60.959
491.78	60.970
492.13	61.023
492.48	61.132
492.83	61.084
493.19	61.099
493.54	60.983
493.89	61.039
494.24	61.110
494.59	61.305
494.94	61.329
495.29	61.420
495.65	61.467
496.00	61.400
496.35	61.293
496.70	61.415
497.05	61.475
497.40	61.552
497.75	61.451
498.11	61.540
498.46	61.485
498.81	61.454
499.16	61.461
499.51	61.511
499.86	61.492
500.21	61.629
500.56	61.609
500.91	61.597
501.26	61.568
501.62	61.671
501.97	61.666
502.32	61.759
502.67	61.802
503.02	61.870
503.37	61.839
503.72	61.954
504.07	61.966
504.42	62.080
504.77	62.190
505.12	62.327
505.47	62.303
505.82	62.381
506.17	62.401
506.52	62.374
506.87	62.358
507.22	62.475
507.57	62.701
507.92	62.731
508.27	62.844
508.62	62.899
508.97	62.981
509.32	63.189
509.67	63.245
510.02	63.362
510.37	63.499
510.72	63.586
511.07	63.606
511.42	63.571
511.77	63.626
512.12	63.660
512.47	63.628
512.82	63.707
513.17	63.759
513.52	63.785
513.87	63.806
514.22	63.857
514.57	63.948
514.91	64.025
515.26	64.181
515.61	64.378
515.96	64.410
516.31	64.631
516.66	64.676
517.01	64.803
517.36	64.854
517.71	64.966
518.06	65.071
518.41	65.151
518.75	65.345
519.10	65.396
519.45	65.360
519.80	65.440
520.15	65.488
520.50	65.521
520.85	65.480
521.19	65.494
521.54	65.556
521.89	65.648
522.24	65.717
522.59	65.743
522.94	65.839
523.28	65.969
523.63	66.052
523.98	66.076
524.33	66.264
524.68	66.448
525.03	66.703
525.37	66.821
525.72	66.963
526.07	67.045
526.42	67.148
526.76	67.257
527.11	67.490
527.46	67.594
527.81	67.718
528.16	67.804
528.50	67.781
528.85	67.817
529.20	67.900
529.55	67.919
529.89	68.012
530.24	68.018
530.59	68.107
530.94	68.058
531.28	68.107
531.63	68.169
531.98	68.237
532.32	68.426
532.67	68.531
533.02	68.570
533.37	68.643
533.71	68.696
534.06	68.894
534.41	68.968
534.75	69.054
535.10	69.156
535.45	69.314
535.79	69.433
536.14	69.491
536.49	69.545
536.83	69.644
537.18	69.860
537.53	69.944
537.87	69.966
538.22	70.046
538.57	70.225
538.91	70.529
539.26	70.646
539.61	70.777
539.95	70.917
540.30	70.999
540.64	70.961
540.99	70.941
541.34	71.017
541.68	71.139
542.03	71.206
542.37	71.209
542.72	71.172
543.07	71.151
543.41	71.149
543.76	71.109
544.10	71.150
544.45	71.375
544.80	71.518
545.14	71.590
545.49	71.666
545.83	71.762
546.18	71.852
546.52	71.898
546.87	72.043
547.21	72.082
547.56	72.214
547.90	72.332
548.25	72.438
548.59	72.393
548.94	72.465
549.29	72.517
549.63	72.542
549.98	72.708
550.32	72.642
550.67	72.677
551.01	72.724
551.35	72.856
551.70	72.804
552.04	72.763
552.39	72.969
552.73	73.031
553.08	72.934
553.42	72.973
553.77	72.840
554.11	73.013
554.46	72.929
554.80	73.050
555.15	72.949
555.49	73.148
555.83	73.313
556.18	73.198
556.52	73.290
556.87	73.344
557.21	73.318
557.56	73.473
557.90	73.550
558.24	73.677
558.59	73.769
558.93	74.030
559.28	73.909
559.62	73.921
559.96	74.014
560.31	74.019
560.65	74.095
560.99	74.196
561.34	74.332
561.68	74.403
562.02	74.481
562.37	74.592
562.71	74.722
563.06	74.917
563.40	75.059
563.74	75.257
564.09	75.353
564.43	75.360
564.77	75.465
565.11	75.568
565.46	75.701
565.80	75.728
566.14	75.776
566.49	75.640
566.83	75.636
567.17	75.556
567.52	75.616
567.86	75.529
568.20	75.839
568.54	76.044
568.89	75.963
569.23	75.843
569.57	76.091
569.91	76.180
570.26	76.464
570.60	76.673
570.94	76.812
571.28	76.850
571.63	77.056
571.97	77.046
572.31	77.016
572.65	77.166
573.00	77.296
573.34	77.233
573.68	77.207
574.02	76.974
574.36	76.860
574.71	76.797
575.05	76.853
575.39	76.842
575.73	76.851
576.07	76.790
576.42	76.735
576.76	76.695
577.10	76.638
577.44	76.649
577.78	76.813
578.12	76.855
578.46	77.051
578.81	76.912
579.15	77.020
579.49	77.019
579.83	77.074
580.17	77.175
580.51	77.429
580.85	77.580
581.20	77.563
581.54	77.426
581.88	77.514
582.22	77.450
582.56	77.650
582.90	77.708
583.24	77.758
583.58	77.753
583.92	77.717
584.26	77.451
584.60	77.641
584.95	77.804
585.29	77.995
585.63	78.187
585.97	78.196
586.31	78.271
586.65	78.312
586.99	78.517
587.33	78.640
587.67	78.713
588.01	78.915
588.35	78.838
588.69	78.902
589.03	79.016
589.37	78.982
589.71	79.005
590.05	79.051
590.39	79.193
590.73	79.069
591.07	78.894
591.41	79.193
591.75	79.229
592.09	79.142
592.43	79.161
592.77	79.062
593.11	79.070
593.45	79.108
593.79	79.103
594.13	78.873
594.47	78.734
594.81	79.026
595.14	78.786
595.48	78.984
595.82	79.109
596.16	78.995
596.50	79.218
596.84	79.217
597.18	79.427
597.52	79.342
597.86	79.551
598.20	79.761
598.54	79.693
598.87	79.767
599.21	79.598
599.55	79.634
599.89	79.715
600.23	79.533
600.57	79.571
600.91	79.497
601.25	79.483
601.58	79.479
601.92	79.479
602.26	79.707
602.60	79.944
602.94	80.114
603.28	80.005
603.61	80.095
603.95	80.185
604.29	80.141
604.63	80.204
604.97	80.268
605.30	80.180
605.64	80.326
605.98	80.356
606.32	80.266
606.66	80.181
606.99	80.479
607.33	80.584
607.67	80.749
608.01	81.002
608.34	81.026
608.68	81.032
609.02	81.254
609.36	81.208
609.69	81.226
610.03	80.995
610.37	80.962
610.71	80.893
611.04	80.788
611.38	80.710
611.72	80.421
612.06	80.328
612.39	80.553
612.73	80.382
613.07	80.556
613.40	80.349
613.74	80.572
614.08	80.583
614.41	80.465
614.75	80.479
615.09	80.301
615.42	80.437
615.76	80.209
616.10	80.067
616.43	80.309
616.77	80.125
617.11	80.343
617.44	80.229
617.78	80.621
618.12	80.575
618.45	80.539
618.79	80.831
619.13	80.956
619.46	81.207
619.80	81.487
620.13	81.446
620.47	81.593
620.81	81.461
621.14	81.652
621.48	81.384
621.81	81.430
622.15	81.632
622.48	81.578
622.82	81.487
623.16	81.412
623.49	81.430
623.83	81.270
624.16	81.135
624.50	81.023
624.83	80.680
625.17	80.528
625.50	80.483
625.84	80.330
626.18	80.425
626.51	80.354
626.85	80.162
627.18	79.983
627.52	80.106
627.85	80.048
628.19	80.270
628.52	80.472
628.86	80.670
629.19	80.882
629.53	80.961
629.86	80.842
630.19	80.967
630.53	81.315
630.86	81.255
631.20	81.310
631.53	81.515
631.87	81.375
632.20	81.467
632.54	81.429
632.87	81.231
633.20	81.247
633.54	81.207
633.87	81.192
634.21	81.057
634.54	81.155
634.88	80.950
635.21	80.737
635.54	80.837
635.88	80.406
636.21	80.601
636.55	80.534
636.88	80.694
637.21	80.912
637.55	80.965
637.88	81.036
638.21	80.936
638.55	80.912
638.88	80.895
639.21	80.810
639.55	81.173
639.88	80.866
640.21	81.276
640.55	81.052
640.88	80.923
641.21	80.783
641.55	80.725
641.88	80.799
642.21	80.845
642.55	80.909
642.88	80.730
643.21	80.884
643.55	81.229
643.88	81.011
644.21	81.158
644.54	81.190
644.88	81.318
645.21	81.376
645.54	81.359
645.87	81.608
646.21	81.747
646.54	82.161
646.87	82.296
647.20	81.905
647.54	82.051
647.87	81.952
648.20	81.876
648.53	81.838
648.87	81.875
649.20	81.786
649.53	81.580
649.86	81.281
650.19	80.778
650.53	80.554
650.86	80.550
651.19	80.432
651.52	80.646
651.85	80.491
652.18	80.539
652.52	80.653
652.85	80.740
653.18	80.874
653.51	81.107
653.84	81.433
654.17	81.622
654.51	81.908
654.84	82.090
655.17	81.921
655.50	82.198
655.83	82.259
656.16	82.189
656.49	82.295
656.82	82.509
657.15	82.535
657.49	82.603
657.82	82.744
658.15	82.543
658.48	82.490
658.81	82.395
659.14	82.351
659.47	82.468
659.80	82.347
660.13	82.154
660.46	81.917
660.79	81.673
661.12	81.462
661.45	81.226
661.78	80.977
662.11	80.829
662.44	81.140
662.77	81.048
663.10	80.500
663.43	80.170
663.76	80.258
664.09	80.318
664.42	80.386
664.75	80.383
665.08	80.061
665.41	80.239
665.74	80.286
666.07	80.153
666.40	80.088
666.73	80.488
667.06	80.868
667.39	80.743
667.72	80.789
668.05	80.604
668.38	80.977
668.71	81.093
669.04	81.216
669.37	80.968
669.70	80.843
670.03	80.799
670.36	80.822
670.69	80.721
671.01	80.961
671.34	80.792
671.67	81.362
672.00	80.919
672.33	81.139
672.66	81.072
672.99	81.039
673.32	80.927
673.64	80.982
673.97	80.783
674.30	81.042
674.63	80.742
674.96	80.790
675.29	80.470
675.62	80.629
675.94	80.329
676.27	80.627
676.60	80.831
676.93	80.965
677.26	81.163
677.58	81.089
677.91	80.714
678.24	80.636
678.57	80.921
678.90	80.706
679.22	80.795
679.55	80.875
679.88	80.749
680.21	80.780
680.54	80.634
680.86	80.195
681.19	80.149
681.52	80.455
681.85	80.671
682.17	80.429
682.50	80.548
682.83	80.451
683.16	80.442
683.48	80.194
683.81	80.209
684.14	80.377
684.46	80.572
684.79	80.582
685.12	80.525
685.45	80.501
685.77	80.265
686.10	80.340
686.43	80.205
686.75	80.365
687.08	80.365
687.41	80.392
687.73	80.160
688.06	80.164
688.39	80.341
688.71	80.206
689.04	79.991
689.36	79.789
689.69	79.858
690.02	79.780
690.34	79.382
690.67	79.010
691.00	78.735
691.32	78.785
691.65	78.718
691.97	78.853
692.30	78.694
692.63	78.750
692.95	79.018
693.28	78.861
693.60	79.169
693.93	79.638
694.26	79.848
694.58	79.605
694.91	79.300
695.23	79.094
695.56	78.740
695.88	79.160
696.21	79.213
696.53	78.726
696.86	78.665
697.18	78.022
697.51	77.966
697.83	78.270
698.16	78.227
698.48	78.112
698.81	78.338
699.13	77.951
699.46	77.738
699.78	77.516
700.11	77.905
700.43	77.775
700.76	77.726
701.08	76.941
701.41	76.511
701.73	76.840
702.06	76.591
702.38	76.086
702.71	75.982
703.03	75.547
703.35	75.398
703.68	75.279
704.00	75.715
704.33	76.340
704.65	76.662
704.98	77.128
705.30	76.679
705.62	77.072
705.95	76.704
706.27	77.126
706.60	77.277
706.92	76.914
707.24	76.795
707.57	76.220
707.89	75.257
708.21	74.994
708.54	74.646
708.86	74.928
709.18	75.213
709.51	75.821
709.83	76.000
710.15	76.113
710.48	76.771
710.80	76.328
711.12	76.581
711.45	77.016
711.77	77.142
712.09	76.884
712.42	76.559
712.74	76.234
713.06	75.245
713.38	74.346
713.71	73.773
714.03	73.374
714.35	73.541
714.68	73.231
715.00	73.542
715.32	73.830
715.64	73.961
715.97	73.648
716.29	73.698
716.61	74.334
716.93	74.867
717.25	74.908
717.58	74.919
717.90	74.951
718.22	74.608
718.54	74.182
718.87	74.332
719.19	74.195
719.51	73.851
719.83	72.547
720.15	72.859
720.47	72.716
720.80	72.526
721.12	72.444
721.44	72.187
721.76	72.090
722.08	71.797
722.40	71.308
722.73	71.001
723.05	70.962
723.37	71.265
723.69	70.784
724.01	70.345
724.33	69.965
724.65	69.167
724.97	68.883
725.30	68.627
725.62	68.534
725.94	68.147
726.26	68.334
726.58	69.006
726.90	69.212
727.22	68.410
727.54	68.055
727.86	68.684
728.18	68.125
728.50	67.977
728.82	67.495
729.14	66.812
729.46	66.632
729.78	65.924
730.10	64.614
730.42	64.272
730.74	65.526
731.07	65.793
731.39	65.605
731.71	66.387
732.03	66.185
732.35	66.969
732.66	66.967
732.98	67.544
733.30	68.230
733.62	69.925
733.94	70.085
734.26	68.941
734.58	68.480
734.90	69.184
735.22	69.015
735.54	69.297
735.86	68.921
736.18	68.943
736.50	68.997
736.82	68.332
737.14	67.782
737.46	67.431
737.78	66.747
738.10	67.217
738.41	66.054
738.73	65.757
739.05	65.386
739.37	64.950
739.69	64.746
740.01	63.828
740.33	63.286
740.65	61.584
740.96	61.653
741.28	62.083
741.60	62.553
741.92	62.671
742.24	63.796
742.56	64.278
742.88	65.242
743.19	65.821
743.51	65.707
743.83	65.634
744.15	65.540
744.47	66.082
744.78	66.443
745.10	66.083
745.42	65.613
745.74	64.793
746.06	63.807
746.37	61.746
746.69	63.072
747.01	62.084
747.33	61.660
747.64	61.347
747.96	60.208
748.28	59.265
748.60	58.450
748.91	57.923
749.23	55.607
749.55	56.355
749.87	57.276
750.18	54.559
750.50	53.831
750.82	54.073
751.13	56.003
751.45	56.532
751.77	57.299
752.08	56.971
752.40	56.958
752.72	58.533
753.03	59.393
753.35	60.183
753.67	59.355
753.98	59.562
754.30	59.838
754.62	58.314
754.93	58.862
755.25	57.828
755.57	58.169
755.88	58.774
756.20	58.726
756.51	57.552
756.83	56.471
757.15	59.661
757.46	60.070
757.78	60.893
758.09	62.725
758.41	62.652
758.73	63.595
759.04	62.486
759.36	60.939
759.67	61.214
759.99	60.984
760.30	60.783
760.62	58.410
760.94	58.711
761.25	57.281
761.57	55.619
761.88	55.704
762.20	55.614
762.51	57.462
762.83	58.840
763.14	56.561
763.46	55.909
763.77	55.275
764.09	55.306
764.40	55.710
764.72	56.020
765.03	56.502
765.35	56.490
765.66	56.050
765.98	54.526
766.29	53.663
766.61	57.441
766.92	57.471
767.23	59.025
767.55	58.977
767.86	60.000
768.18	60.415
768.49	60.772
768.81	59.820
769.12	60.884
769.43	60.281
769.75	60.825
770.06	58.669
770.38	59.962
770.69	59.046
771.00	59.521
771.32	58.446
771.63	59.016
771.94	59.066
772.26	60.247
772.57	60.726
772.89	60.978
773.20	59.883
773.51	58.992
773.83	57.432
774.14	57.185
774.45	57.407
774.77	56.532
775.08	54.342
775.39	54.379
775.70	52.255
776.02	52.125
776.33	53.453
776.64	53.339
776.96	55.261
777.27	54.834
777.58	55.540
777.89	57.396
778.21	55.807
778.52	57.476
778.83	58.331
779.14	57.930
779.46	54.287
779.77	54.100
780.08	56.250
780.39	53.531
780.71	56.225
781.02	56.289
781.33	53.192
781.64	55.420
781.95	53.932
782.27	50.278
782.58	52.621
782.89	52.897
783.20	52.640
783.51	48.898
783.83	49.677
784.14	47.088
784.45	44.382
784.76	43.540
785.07	42.980
785.38	42.694
785.70	45.894
786.01	44.802
786.32	47.646
786.63	47.161
786.94	51.431
787.25	51.104
787.56	52.365
787.87	55.491
788.18	55.412
788.50	55.157
788.81	57.206
789.12	53.768
789.43	51.296
789.74	50.141
790.05	50.747
790.36	46.281
790.67	48.118
790.98	47.215
791.29	48.476
791.60	51.932
791.91	50.715
792.22	48.481
792.53	49.404
792.84	53.402
793.15	52.797
793.46	52.705
793.77	55.118
794.08	53.870
794.39	53.240
794.70	50.129
795.01	49.743
795.32	50.460
795.63	47.394
795.94	48.826
796.25	46.945
796.56	48.481
796.87	50.318
797.18	50.624
797.49	47.219
797.80	48.533
798.11	50.277
798.42	51.280
798.73	51.510
799.04	56.029
799.35	55.915
799.65	56.548
799.96	52.869
800.27	48.539
800.58	48.416
800.89	51.956
801.20	49.153
801.51	44.996
801.82	42.210
802.13	43.968
802.43	41.130
802.74	42.561
803.05	41.306
803.36	44.118
803.67	46.531
803.98	49.195
804.28	48.421
804.59	51.962
804.90	54.331
805.21	55.214
805.52	52.229
805.83	54.487
806.13	51.669
806.44	53.659
806.75	54.480
807.06	52.935
807.36	52.314
807.67	53.132
807.98	48.934
808.29	52.632
808.60	53.441
808.90	57.771
809.21	56.464
809.52	54.951
809.83	54.159
810.13	52.709
810.44	53.283
810.75	44.583
811.05	39.989
811.36	43.885
811.67	42.326
811.98	43.119
812.28	38.347
812.59	38.990
812.90	39.149
813.20	35.294
813.51	34.758
813.82	36.874
814.12	38.912
814.43	41.624
814.74	40.724
815.04	43.598
815.35	41.184
815.65	43.991
815.96	49.060
816.27	49.722
816.57	52.563
816.88	55.495
817.19	54.146
817.49	53.608
817.80	53.824
818.10	49.129
818.41	43.161
818.72	44.573
819.02	42.499
819.33	41.892
819.63	38.450
819.94	37.986
820.24	36.663
820.55	36.429
820.85	39.544
821.16	39.451
821.47	41.637
821.77	41.990
822.08	41.974
822.38	42.077
822.69	40.499
822.99	41.316
823.30	41.407
823.60	42.408
823.91	41.825
824.21	41.457
824.52	42.293
824.82	40.998
825.13	40.783
825.43	39.378
825.73	39.713
826.04	39.381
826.34	39.826
826.65	39.930
826.95	36.886
827.26	38.374
827.56	37.149
827.87	35.846
828.17	38.550
828.47	37.138
828.78	37.705
829.08	35.783
829.39	38.146
829.69	37.218
829.99	37.514
830.30	39.442
830.60	39.341
830.90	37.458
831.21	37.525
831.51	35.098
831.82	43.818
832.12	42.840
832.42	46.834
832.73	43.698
833.03	43.127
833.33	40.572
833.64	39.409
833.94	40.899
834.24	44.103
834.54	44.832
834.85	41.819
835.15	37.083
835.45	37.361
835.76	35.993
836.06	36.142
836.36	34.747
836.66	32.506
836.97	31.727
837.27	26.703
837.57	29.502
837.87	25.482
838.18	25.113
838.48	24.798
838.78	26.560
839.08	25.997
839.39	29.991
839.69	29.703
839.99	29.811
840.29	35.945
840.59	46.219
840.90	30.250
841.20	27.678
841.50	27.263
841.80	22.549
842.10	13.286
842.41	9.060
842.71	8.916
843.01	2.257
843.31	-3.737
843.61	-20.035
843.91	-31.870
844.21	-13.062
844.52	7.350
844.82	11.712
845.12	19.027
845.42	31.789
845.72	30.351
846.02	21.670
846.32	31.553
846.62	31.734
846.92	41.124
847.22	31.753
847.52	41.813
847.83	40.519
848.13	37.962
848.43	32.819
848.73	34.551
849.03	36.620
849.33	38.925
849.63	39.086
849.93	46.909
850.23	40.948
850.53	50.246
850.83	34.949
851.13	44.759
851.43	42.056
851.73	42.018
852.03	52.249
852.33	62.003
852.63	60.458
852.93	61.237
853.23	71.170
853.53	71.137
853.83	65.522
854.13	64.530
854.43	58.423
854.73	68.249
855.03	78.330
855.32	65.018
855.62	60.063
855.92	47.331
856.22	44.301
856.52	39.736
856.82	41.955
857.12	54.663
857.42	57.754
857.72	49.105
858.02	50.802
858.31	58.195
858.61	66.745
858.91	49.859
859.21	57.468
859.51	66.013
859.81	72.273
860.11	66.909
860.40	41.154
860.70	-0.837
861.00	-13.208
861.30	-34.601
861.60	-27.509
861.90	-73.799
862.19	-53.846
862.49	-28.777
862.79	-23.121
863.09	-53.086
863.39	-65.409
863.68	-63.415
863.98	-38.187
864.28	-43.732
864.58	-61.290
864.87	-58.997
865.17	-47.911
865.47	-29.912
865.77	-47.222
866.06	-30.702
866.36	-22.788
866.66	-49.577
866.96	-34.826
867.25	-29.032
867.55	-18.427
867.85	-17.354
868.14	-23.678
868.44	-15.933
868.74	-28.132
869.03	-13.251
869.33	-41.995
869.63	-38.873
869.92	-22.545
870.22	-25.856
870.52	-22.162
870.81	-7.175
871.11	12.403
871.41	4.669
871.70	8.654
872.00	-18.667
872.30	-58.659
872.59	-31.034
872.89	-22.500
873.18	-16.879
873.48	-24.204
873.78	-18.961
874.07	-41.088
874.37	-18.398
874.66	-1.635
874.96	-11.326
875.25	2.195
875.55	1.124
875.85	16.456
876.14	6.805
876.44	17.284
876.73	40.278
877.03	29.386
877.32	64.017
877.62	21.687
877.91	11.374
878.21	25.758
878.50	15.652
878.80	22.261
879.09	33.621
879.39	44.720
879.68	12.568
879.98	9.611
880.27	12.581
880.57	-0.947
880.86	5.082
881.16	4.020
881.45	6.979
881.74	9.058
882.04	7.638
882.33	4.867
882.63	4.548
882.92	11.534
883.22	16.380
883.51	18.196
883.80	20.387
884.10	23.148
884.39	24.272
884.69	21.982
884.98	23.260
885.27	20.546
885.57	19.588
885.86	25.912
886.15	26.869
886.45	14.811
886.74	10.780
887.03	0.733
887.33	-6.122
887.62	-2.062
887.91	-27.692
888.21	-41175139729314400.000
888.50	-262.500
888.79	162.500
889.09	76.923
