190.41	0.0000E00
190.79	0.0000E00
191.17	-0.0000E00
191.55	0.0000E00
191.94	0.0000E00
192.32	-0.0000E00
192.70	-0.0000E00
193.08	-0.0000E00
193.46	-0.0000E00
193.84	-0.0000E00
194.22	-0.0000E00
194.60	-0.0000E00
194.98	-0.0000E00
195.36	-0.0000E00
195.75	-0.0000E00
196.13	-0.0000E00
196.51	-0.0000E00
196.89	-0.0000E00
197.27	-0.0000E00
197.65	-0.0000E00
198.03	-0.0000E00
198.41	-0.0000E00
198.79	-0.0000E00
199.17	0.0000E00
199.55	0.0000E00
199.93	0.0000E00
200.31	1.5782E02
200.69	4.5451E01
201.08	8.3948E01
201.46	1.1640E02
201.84	1.5811E02
202.22	1.4632E02
202.60	1.5046E02
202.98	1.3922E02
203.36	8.6870E01
203.74	7.7907E01
204.12	4.3180E01
204.50	7.7218E01
204.88	1.0740E02
205.26	1.1048E02
205.64	9.7636E01
206.02	6.4864E01
206.40	5.9344E01
206.78	3.8912E01
207.16	3.9784E01
207.54	8.3478E01
207.92	5.7859E01
208.30	7.1259E01
208.68	5.4344E01
209.06	7.4217E01
209.44	5.6826E01
209.82	2.3637E01
210.20	4.2067E01
210.58	4.2455E01
210.96	5.5939E01
211.33	6.9674E01
211.71	6.5742E01
212.09	7.5229E01
212.47	5.9518E01
212.85	7.8702E01
213.23	6.3682E01
213.61	5.5796E01
213.99	6.5864E01
214.37	6.6331E01
214.75	6.1367E01
215.13	5.4019E01
215.51	4.2614E01
215.89	3.8605E01
216.27	4.2528E01
216.64	4.6339E01
217.02	3.3764E01
217.40	3.7490E01
217.78	4.9044E01
218.16	5.6293E01
218.54	5.1978E01
218.92	5.2136E01
219.30	5.3350E01
219.68	6.1267E01
220.06	6.0911E01
220.43	5.0396E01
220.81	5.2160E01
221.19	5.1053E01
221.57	4.6743E01
221.95	4.1852E01
222.33	3.8953E01
222.71	3.6484E01
223.08	3.6371E01
223.46	3.2876E01
223.84	2.5208E01
224.22	2.1956E01
224.60	2.1167E01
224.98	1.9843E01
225.35	1.4538E01
225.73	1.2420E01
226.11	1.1355E01
226.49	9.5190E00
226.87	7.6892E00
227.25	7.7946E00
227.62	1.0221E01
228.00	1.1708E01
228.38	1.4135E01
228.76	1.6687E01
229.14	1.5081E01
229.51	1.7563E01
229.89	1.9235E01
230.27	1.9100E01
230.65	1.7819E01
231.03	1.7645E01
231.40	1.5683E01
231.78	1.3140E01
232.16	1.2980E01
232.54	1.0211E01
232.91	8.5309E00
233.29	8.1090E00
233.67	8.6720E00
234.05	5.8838E00
234.42	6.3618E00
234.80	7.0578E00
235.18	8.2708E00
235.56	8.9898E00
235.93	9.2429E00
236.31	7.7574E00
236.69	7.4485E00
237.07	7.6324E00
237.44	7.9374E00
237.82	6.9781E00
238.20	8.1101E00
238.57	6.8582E00
238.95	5.3657E00
239.33	4.6676E00
239.71	4.0853E00
240.08	3.2842E00
240.46	4.0871E00
240.84	4.1945E00
241.21	4.8414E00
241.59	3.7966E00
241.97	2.7309E00
242.34	3.1718E00
242.72	3.5728E00
243.10	4.1922E00
243.47	4.1829E00
243.85	3.6653E00
244.23	3.6556E00
244.60	3.9678E00
244.98	3.4719E00
245.36	2.7552E00
245.73	3.6427E00
246.11	4.9443E00
246.49	4.2596E00
246.86	4.1954E00
247.24	3.9072E00
247.62	4.0686E00
247.99	4.4434E00
248.37	4.3165E00
248.74	3.1372E00
249.12	2.6457E00
249.50	3.1173E00
249.87	2.6088E00
250.25	1.8850E00
250.62	2.1512E00
251.00	1.6887E00
251.38	2.0223E00
251.75	1.7515E00
252.13	1.3707E00
252.50	1.7284E00
252.88	2.4488E00
253.26	2.8518E00
253.63	2.5120E00
254.01	2.4355E00
254.38	2.4362E00
254.76	2.0893E00
255.13	2.3473E00
255.51	2.0461E00
255.89	1.3481E00
256.26	1.8441E00
256.64	1.6903E00
257.01	1.6777E00
257.39	2.0253E00
257.76	1.8008E00
258.14	2.2486E00
258.51	2.1466E00
258.89	2.1321E00
259.26	2.3515E00
259.64	2.3157E00
260.01	3.1159E00
260.39	3.0502E00
260.77	2.6432E00
261.14	2.5282E00
261.52	2.4014E00
261.89	2.4323E00
262.27	2.1067E00
262.64	1.8892E00
263.02	1.8537E00
263.39	1.9503E00
263.76	2.0142E00
264.14	1.8913E00
264.51	1.7023E00
264.89	1.8084E00
265.26	1.8743E00
265.64	1.7013E00
266.01	1.5295E00
266.39	1.6610E00
266.76	1.9288E00
267.14	2.0479E00
267.51	1.7222E00
267.89	1.9309E00
268.26	1.8215E00
268.63	1.9373E00
269.01	2.1543E00
269.38	2.1025E00
269.76	2.1035E00
270.13	2.1878E00
270.51	2.2564E00
270.88	2.2691E00
271.25	2.4112E00
271.63	2.4333E00
272.00	2.3216E00
272.38	2.1277E00
272.75	2.0518E00
273.13	1.9731E00
273.50	1.8119E00
273.87	1.7000E00
274.25	1.7009E00
274.62	1.7596E00
274.99	1.6189E00
275.37	1.3554E00
275.74	1.3436E00
276.12	1.1256E00
276.49	1.2175E00
276.86	1.1578E00
277.24	1.0722E00
277.61	1.2505E00
277.98	1.2126E00
278.36	1.3464E00
278.73	1.4188E00
279.10	1.4128E00
279.48	1.4388E00
279.85	1.5791E00
280.22	1.6741E00
280.60	1.8713E00
280.97	1.8276E00
281.34	1.8838E00
281.72	1.7622E00
282.09	1.9439E00
282.46	1.8859E00
282.84	1.7592E00
283.21	1.6130E00
283.58	1.6592E00
283.96	1.6403E00
284.33	1.6756E00
284.70	1.4585E00
285.07	1.5119E00
285.45	1.5889E00
285.82	1.5517E00
286.19	1.3663E00
286.57	1.2712E00
286.94	1.1334E00
287.31	1.3672E00
287.68	1.1957E00
288.06	1.0764E00
288.43	1.1789E00
288.80	1.1085E00
289.17	9.9824E-01
289.55	9.2540E-01
289.92	1.0113E00
290.29	1.1652E00
290.66	1.0890E00
291.04	9.5060E-01
291.41	8.7946E-01
291.78	1.1047E00
292.15	1.1897E00
292.53	1.1651E00
292.90	1.3177E00
293.27	1.4348E00
293.64	1.4377E00
294.01	1.3524E00
294.39	1.2955E00
294.76	1.3135E00
295.13	1.4011E00
295.50	1.4479E00
295.87	1.3464E00
296.25	1.3434E00
296.62	1.3481E00
296.99	1.3073E00
297.36	1.2598E00
297.73	1.1984E00
298.10	1.0984E00
298.48	1.0783E00
298.85	1.1911E00
299.22	1.1487E00
299.59	1.0479E00
299.96	1.0810E00
300.33	8.4524E-01
300.70	7.4760E-01
301.08	6.6687E-01
301.45	6.7764E-01
301.82	7.8123E-01
302.19	9.6438E-01
302.56	1.0109E00
302.93	9.1169E-01
303.30	8.7088E-01
303.68	9.6313E-01
304.05	9.2348E-01
304.42	1.1142E00
304.79	1.2226E00
305.16	1.2655E00
305.53	1.3043E00
305.90	1.3506E00
306.27	1.4091E00
306.64	1.5340E00
307.01	1.6593E00
307.38	1.8865E00
307.76	1.9453E00
308.13	1.9936E00
308.50	2.0490E00
308.87	2.1070E00
309.24	2.2594E00
309.61	2.4219E00
309.98	2.5633E00
310.35	2.7124E00
310.72	2.9061E00
311.09	3.1157E00
311.46	3.2584E00
311.83	3.3935E00
312.20	3.6622E00
312.57	3.8847E00
312.94	4.0573E00
313.31	4.2719E00
313.68	4.3609E00
314.05	4.4677E00
314.42	4.5105E00
314.79	4.5545E00
315.16	4.7317E00
315.53	4.8883E00
315.90	5.0936E00
316.27	5.2325E00
316.64	5.5033E00
317.01	5.7077E00
317.38	5.8810E00
317.75	6.0896E00
318.12	6.3101E00
318.49	6.6140E00
318.86	6.8377E00
319.23	7.0466E00
319.60	7.2723E00
319.97	7.5087E00
320.34	7.7739E00
320.71	7.8847E00
321.08	8.0961E00
321.45	8.3578E00
321.82	8.5328E00
322.19	8.6563E00
322.56	8.7051E00
322.93	8.8299E00
323.30	8.9550E00
323.67	9.1173E00
324.03	9.2479E00
324.40	9.4154E00
324.77	9.7456E00
325.14	1.0016E01
325.51	1.0306E01
325.88	1.0693E01
326.25	1.1140E01
326.62	1.1641E01
326.99	1.2000E01
327.36	1.2392E01
327.72	1.2737E01
328.09	1.3111E01
328.46	1.3487E01
328.83	1.3760E01
329.20	1.4021E01
329.57	1.4216E01
329.94	1.4439E01
330.31	1.4568E01
330.67	1.4606E01
331.04	1.4791E01
331.41	1.4871E01
331.78	1.4985E01
332.15	1.5101E01
332.52	1.5101E01
332.89	1.5037E01
333.25	1.5067E01
333.62	1.5091E01
333.99	1.5103E01
334.36	1.5167E01
334.73	1.5234E01
335.09	1.5262E01
335.46	1.5267E01
335.83	1.5252E01
336.20	1.5128E01
336.57	1.5075E01
336.94	1.5020E01
337.30	1.4994E01
337.67	1.4951E01
338.04	1.4925E01
338.41	1.4917E01
338.77	1.4944E01
339.14	1.5033E01
339.51	1.5147E01
339.88	1.5229E01
340.25	1.5448E01
340.61	1.5745E01
340.98	1.6101E01
341.35	1.6336E01
341.72	1.6581E01
342.08	1.6714E01
342.45	1.6896E01
342.82	1.7114E01
343.19	1.7159E01
343.55	1.7108E01
343.92	1.7195E01
344.29	1.7153E01
344.65	1.7103E01
345.02	1.7064E01
345.39	1.7049E01
345.76	1.7040E01
346.12	1.7123E01
346.49	1.7059E01
346.86	1.7118E01
347.22	1.7178E01
347.59	1.7274E01
347.96	1.7453E01
348.32	1.7604E01
348.69	1.7687E01
349.06	1.7788E01
349.43	1.7887E01
349.79	1.7987E01
350.16	1.8164E01
350.53	1.8423E01
350.89	1.8589E01
351.26	1.8723E01
351.63	1.9006E01
351.99	1.9058E01
352.36	1.9135E01
352.72	1.9421E01
353.09	1.9581E01
353.46	1.9849E01
353.82	2.0163E01
354.19	2.0367E01
354.56	2.0588E01
354.92	2.0766E01
355.29	2.0990E01
355.65	2.1051E01
356.02	2.1121E01
356.39	2.1131E01
356.75	2.0950E01
357.12	2.0682E01
357.49	2.0309E01
357.85	1.9866E01
358.22	1.9500E01
358.58	1.9164E01
358.95	1.8920E01
359.31	1.8790E01
359.68	1.8803E01
360.05	1.8869E01
360.41	1.9051E01
360.78	1.9204E01
361.14	1.9469E01
361.51	1.9768E01
361.87	2.0144E01
362.24	2.0459E01
362.61	2.0780E01
362.97	2.1038E01
363.34	2.1324E01
363.70	2.1516E01
364.07	2.1803E01
364.43	2.2086E01
364.80	2.2498E01
365.16	2.2966E01
365.53	2.3496E01
365.89	2.3994E01
366.26	2.4429E01
366.62	2.4898E01
366.99	2.5360E01
367.35	2.5683E01
367.72	2.5992E01
368.08	2.6263E01
368.45	2.6509E01
368.81	2.6670E01
369.18	2.6830E01
369.54	2.6910E01
369.91	2.6967E01
370.27	2.7102E01
370.64	2.7119E01
371.00	2.7052E01
371.37	2.6959E01
371.73	2.6876E01
372.10	2.6687E01
372.46	2.6417E01
372.82	2.6092E01
373.19	2.5687E01
373.55	2.5200E01
373.92	2.4717E01
374.28	2.4261E01
374.65	2.3974E01
375.01	2.3751E01
375.37	2.3706E01
375.74	2.3709E01
376.10	2.3888E01
376.47	2.4207E01
376.83	2.4713E01
377.19	2.5316E01
377.56	2.6054E01
377.92	2.6828E01
378.29	2.7547E01
378.65	2.8028E01
379.01	2.8450E01
379.38	2.8714E01
379.74	2.8957E01
380.11	2.9122E01
380.47	2.9140E01
380.83	2.8983E01
381.20	2.8645E01
381.56	2.8103E01
381.92	2.7362E01
382.29	2.6513E01
382.65	2.5702E01
383.01	2.4975E01
383.38	2.4215E01
383.74	2.3616E01
384.10	2.3030E01
384.47	2.2708E01
384.83	2.2494E01
385.19	2.2463E01
385.56	2.2591E01
385.92	2.2870E01
386.28	2.3240E01
386.65	2.3760E01
387.01	2.4281E01
387.37	2.4817E01
387.74	2.5191E01
388.10	2.5627E01
388.46	2.5966E01
388.82	2.6367E01
389.19	2.6780E01
389.55	2.7281E01
389.91	2.7813E01
390.28	2.8459E01
390.64	2.9038E01
391.00	2.9532E01
391.36	3.0030E01
391.73	3.0304E01
392.09	3.0353E01
392.45	3.0051E01
392.81	2.9477E01
393.18	2.8788E01
393.54	2.8054E01
393.90	2.7397E01
394.26	2.6895E01
394.63	2.6590E01
394.99	2.6397E01
395.35	2.6289E01
395.71	2.6216E01
396.07	2.6220E01
396.44	2.6364E01
396.80	2.6801E01
397.16	2.7450E01
397.52	2.8206E01
397.88	2.9197E01
398.25	3.0278E01
398.61	3.1394E01
398.97	3.2572E01
399.33	3.3805E01
399.69	3.5334E01
400.06	3.7020E01
400.42	3.8819E01
400.78	4.0507E01
401.14	4.2150E01
401.50	4.3555E01
401.86	4.4666E01
402.23	4.5471E01
402.59	4.6019E01
402.95	4.6453E01
403.31	4.6740E01
403.67	4.6849E01
404.03	4.6910E01
404.39	4.6934E01
404.76	4.6987E01
405.12	4.6769E01
405.48	4.6690E01
405.84	4.6584E01
406.20	4.6405E01
406.56	4.6258E01
406.92	4.6201E01
407.28	4.6161E01
407.64	4.6336E01
408.00	4.6415E01
408.37	4.6655E01
408.73	4.6844E01
409.09	4.7135E01
409.45	4.7311E01
409.81	4.7413E01
410.17	4.7590E01
410.53	4.7743E01
410.89	4.7990E01
411.25	4.8293E01
411.61	4.8570E01
411.97	4.8877E01
412.33	4.9105E01
412.69	4.9195E01
413.05	4.9513E01
413.41	4.9734E01
413.77	5.0110E01
414.14	5.0493E01
414.50	5.0911E01
414.86	5.1102E01
415.22	5.1257E01
415.58	5.1355E01
415.94	5.1481E01
416.30	5.1505E01
416.66	5.1578E01
417.02	5.1488E01
417.38	5.1543E01
417.74	5.1420E01
418.10	5.1296E01
418.46	5.1199E01
418.82	5.1099E01
419.18	5.1057E01
419.54	5.1003E01
419.89	5.0915E01
420.25	5.1003E01
420.61	5.1157E01
420.97	5.1356E01
421.33	5.1456E01
421.69	5.1657E01
422.05	5.1697E01
422.41	5.1751E01
422.77	5.1757E01
423.13	5.1766E01
423.49	5.1722E01
423.85	5.1742E01
424.21	5.1616E01
424.57	5.1547E01
424.93	5.1353E01
425.29	5.1360E01
425.65	5.1252E01
426.00	5.1100E01
426.36	5.1011E01
426.72	5.0996E01
427.08	5.0821E01
427.44	5.0655E01
427.80	5.0465E01
428.16	5.0193E01
428.52	4.9826E01
428.88	4.9423E01
429.23	4.8783E01
429.59	4.8016E01
429.95	4.7395E01
430.31	4.6680E01
430.67	4.6157E01
431.03	4.5775E01
431.39	4.5664E01
431.74	4.5792E01
432.10	4.6036E01
432.46	4.6474E01
432.82	4.7039E01
433.18	4.7640E01
433.54	4.8560E01
433.89	4.9472E01
434.25	5.0358E01
434.61	5.1151E01
434.97	5.2027E01
435.33	5.2787E01
435.69	5.3379E01
436.04	5.3913E01
436.40	5.4358E01
436.76	5.4717E01
437.12	5.5059E01
437.48	5.5181E01
437.83	5.5310E01
438.19	5.5397E01
438.55	5.5472E01
438.91	5.5454E01
439.26	5.5268E01
439.62	5.5175E01
439.98	5.5181E01
440.34	5.5233E01
440.69	5.5462E01
441.05	5.5860E01
441.41	5.6350E01
441.77	5.6986E01
442.12	5.7739E01
442.48	5.8363E01
442.84	5.9002E01
443.20	5.9654E01
443.55	6.0246E01
443.91	6.0748E01
444.27	6.1155E01
444.63	6.1492E01
444.98	6.1593E01
445.34	6.1782E01
445.70	6.1744E01
446.05	6.1793E01
446.41	6.1890E01
446.77	6.2099E01
447.12	6.2411E01
447.48	6.2623E01
447.84	6.2863E01
448.20	6.3092E01
448.55	6.3438E01
448.91	6.3986E01
449.27	6.4493E01
449.62	6.5094E01
449.98	6.5641E01
450.33	6.6248E01
450.69	6.6712E01
451.05	6.7048E01
451.40	6.7261E01
451.76	6.7388E01
452.12	6.7527E01
452.47	6.7338E01
452.83	6.7165E01
453.19	6.6944E01
453.54	6.6743E01
453.90	6.6497E01
454.25	6.6270E01
454.61	6.6005E01
454.97	6.5859E01
455.32	6.5733E01
455.68	6.5785E01
456.03	6.5889E01
456.39	6.6345E01
456.75	6.6540E01
457.10	6.6920E01
457.46	6.7069E01
457.81	6.7236E01
458.17	6.7335E01
458.53	6.7255E01
458.88	6.7442E01
459.24	6.7396E01
459.59	6.7501E01
459.95	6.7452E01
460.30	6.7306E01
460.66	6.7250E01
461.01	6.7337E01
461.37	6.7545E01
461.72	6.7615E01
462.08	6.7812E01
462.44	6.8149E01
462.79	6.8295E01
463.15	6.8511E01
463.50	6.8473E01
463.86	6.8577E01
464.21	6.8559E01
464.57	6.8545E01
464.92	6.8278E01
465.28	6.8042E01
465.63	6.7858E01
465.99	6.7562E01
466.34	6.7274E01
466.70	6.6956E01
467.05	6.6779E01
467.40	6.6570E01
467.76	6.6590E01
468.11	6.6449E01
468.47	6.6391E01
468.82	6.6464E01
469.18	6.6483E01
469.53	6.6442E01
469.89	6.6420E01
470.24	6.6408E01
470.60	6.6438E01
470.95	6.6574E01
471.30	6.6634E01
471.66	6.6663E01
472.01	6.6842E01
472.37	6.7111E01
472.72	6.7063E01
473.08	6.7239E01
473.43	6.7501E01
473.78	6.7781E01
474.14	6.8008E01
474.49	6.8142E01
474.85	6.8265E01
475.20	6.8446E01
475.55	6.8349E01
475.91	6.8442E01
476.26	6.8405E01
476.61	6.8565E01
476.97	6.8624E01
477.32	6.8642E01
477.68	6.8631E01
478.03	6.8799E01
478.38	6.8963E01
478.74	6.9056E01
479.09	6.9238E01
479.44	6.9500E01
479.80	6.9574E01
480.15	6.9864E01
480.50	6.9983E01
480.86	7.0138E01
481.21	7.0316E01
481.56	7.0574E01
481.92	7.0663E01
482.27	7.0735E01
482.62	7.0774E01
482.98	7.0700E01
483.33	7.0620E01
483.68	7.0506E01
484.03	7.0180E01
484.39	6.9883E01
484.74	6.9395E01
485.09	6.8691E01
485.45	6.7824E01
485.80	6.6947E01
486.15	6.6037E01
486.50	6.5167E01
486.86	6.4507E01
487.21	6.4009E01
487.56	6.3654E01
487.91	6.3434E01
488.27	6.3374E01
488.62	6.3415E01
488.97	6.3778E01
489.32	6.4232E01
489.68	6.4853E01
490.03	6.5450E01
490.38	6.6152E01
490.73	6.6606E01
491.09	6.6830E01
491.44	6.7028E01
491.79	6.7138E01
492.14	6.7129E01
492.49	6.7176E01
492.85	6.7128E01
493.20	6.7165E01
493.55	6.7138E01
493.90	6.7200E01
494.25	6.7186E01
494.61	6.7290E01
494.96	6.7516E01
495.31	6.7623E01
495.66	6.7785E01
496.01	6.8044E01
496.36	6.8198E01
496.72	6.8380E01
497.07	6.8410E01
497.42	6.8328E01
497.77	6.8214E01
498.12	6.8145E01
498.47	6.7992E01
498.82	6.7722E01
499.18	6.7640E01
499.53	6.7388E01
499.88	6.7085E01
500.23	6.6956E01
500.58	6.6522E01
500.93	6.6190E01
501.28	6.5999E01
501.63	6.5795E01
501.98	6.5566E01
502.34	6.5437E01
502.69	6.5354E01
503.04	6.5200E01
503.39	6.5178E01
503.74	6.5205E01
504.09	6.5149E01
504.44	6.5320E01
504.79	6.5591E01
505.14	6.5858E01
505.49	6.6161E01
505.84	6.6467E01
506.19	6.6689E01
506.54	6.6926E01
506.89	6.7105E01
507.24	6.7209E01
507.60	6.7284E01
507.95	6.7391E01
508.30	6.7469E01
508.65	6.7445E01
509.00	6.7415E01
509.35	6.7337E01
509.70	6.7251E01
510.05	6.7206E01
510.40	6.7220E01
510.75	6.7263E01
511.10	6.7342E01
511.45	6.7417E01
511.80	6.7451E01
512.15	6.7487E01
512.50	6.7430E01
512.85	6.7346E01
513.20	6.7258E01
513.55	6.7101E01
513.90	6.6947E01
514.25	6.6759E01
514.59	6.6532E01
514.94	6.6298E01
515.29	6.6052E01
515.64	6.5632E01
515.99	6.5195E01
516.34	6.4744E01
516.69	6.4191E01
517.04	6.3667E01
517.39	6.3138E01
517.74	6.2624E01
518.09	6.2218E01
518.44	6.1895E01
518.79	6.1672E01
519.14	6.1612E01
519.49	6.1702E01
519.83	6.1940E01
520.18	6.2290E01
520.53	6.2747E01
520.88	6.3224E01
521.23	6.3796E01
521.58	6.4276E01
521.93	6.4733E01
522.28	6.5073E01
522.63	6.5422E01
522.97	6.5645E01
523.32	6.5888E01
523.67	6.6100E01
524.02	6.6287E01
524.37	6.6471E01
524.72	6.6592E01
525.06	6.6655E01
525.41	6.6672E01
525.76	6.6505E01
526.11	6.6358E01
526.46	6.6153E01
526.81	6.5848E01
527.15	6.5642E01
527.50	6.5403E01
527.85	6.5310E01
528.20	6.5218E01
528.55	6.5191E01
528.90	6.5282E01
529.24	6.5468E01
529.59	6.5857E01
529.94	6.6250E01
530.29	6.6628E01
530.63	6.7146E01
530.98	6.7536E01
531.33	6.7813E01
531.68	6.7903E01
532.03	6.7934E01
532.37	6.7914E01
532.72	6.7792E01
533.07	6.7692E01
533.42	6.7533E01
533.76	6.7419E01
534.11	6.7338E01
534.46	6.7262E01
534.81	6.7290E01
535.15	6.7340E01
535.50	6.7436E01
535.85	6.7558E01
536.19	6.7733E01
536.54	6.7857E01
536.89	6.7977E01
537.24	6.8072E01
537.58	6.8138E01
537.93	6.8171E01
538.28	6.8162E01
538.62	6.8035E01
538.97	6.7841E01
539.32	6.7647E01
539.66	6.7413E01
540.01	6.7156E01
540.36	6.6994E01
540.70	6.6807E01
541.05	6.6559E01
541.40	6.6457E01
541.74	6.6311E01
542.09	6.6199E01
542.44	6.6104E01
542.78	6.6200E01
543.13	6.6298E01
543.48	6.6420E01
543.82	6.6569E01
544.17	6.6756E01
544.52	6.7008E01
544.86	6.7209E01
545.21	6.7397E01
545.55	6.7506E01
545.90	6.7616E01
546.25	6.7745E01
546.59	6.7777E01
546.94	6.7787E01
547.28	6.7843E01
547.63	6.7846E01
547.98	6.7841E01
548.32	6.7768E01
548.67	6.7821E01
549.01	6.7779E01
549.36	6.7850E01
549.70	6.7805E01
550.05	6.7887E01
550.40	6.8009E01
550.74	6.8148E01
551.09	6.8224E01
551.43	6.8305E01
551.78	6.8426E01
552.12	6.8441E01
552.47	6.8429E01
552.81	6.8490E01
553.16	6.8455E01
553.50	6.8609E01
553.85	6.8589E01
554.19	6.8604E01
554.54	6.8606E01
554.88	6.8584E01
555.23	6.8620E01
555.57	6.8581E01
555.92	6.8593E01
556.26	6.8576E01
556.61	6.8507E01
556.95	6.8452E01
557.30	6.8269E01
557.64	6.8098E01
557.99	6.7857E01
558.33	6.7688E01
558.68	6.7477E01
559.02	6.7210E01
559.37	6.7046E01
559.71	6.6905E01
560.06	6.6815E01
560.40	6.6699E01
560.74	6.6694E01
561.09	6.6675E01
561.43	6.6743E01
561.78	6.6802E01
562.12	6.6809E01
562.47	6.6999E01
562.81	6.7179E01
563.15	6.7272E01
563.50	6.7408E01
563.84	6.7472E01
564.19	6.7560E01
564.53	6.7565E01
564.87	6.7623E01
565.22	6.7580E01
565.56	6.7581E01
565.91	6.7594E01
566.25	6.7502E01
566.59	6.7397E01
566.94	6.7295E01
567.28	6.7290E01
567.62	6.7163E01
567.97	6.7102E01
568.31	6.7054E01
568.66	6.6937E01
569.00	6.6871E01
569.34	6.6778E01
569.69	6.6597E01
570.03	6.6531E01
570.37	6.6463E01
570.72	6.6419E01
571.06	6.6255E01
571.40	6.6288E01
571.74	6.6264E01
572.09	6.6288E01
572.43	6.6380E01
572.77	6.6506E01
573.12	6.6634E01
573.46	6.6858E01
573.80	6.6892E01
574.15	6.6983E01
574.49	6.7053E01
574.83	6.7087E01
575.17	6.7112E01
575.52	6.7046E01
575.86	6.7039E01
576.20	6.6979E01
576.54	6.6951E01
576.89	6.6838E01
577.23	6.6683E01
577.57	6.6616E01
577.91	6.6493E01
578.26	6.6387E01
578.60	6.6366E01
578.94	6.6305E01
579.28	6.6312E01
579.63	6.6255E01
579.97	6.6312E01
580.31	6.6323E01
580.65	6.6426E01
580.99	6.6585E01
581.34	6.6720E01
581.68	6.6907E01
582.02	6.7091E01
582.36	6.7297E01
582.70	6.7531E01
583.05	6.7728E01
583.39	6.7897E01
583.73	6.8008E01
584.07	6.8100E01
584.41	6.8110E01
584.75	6.8103E01
585.10	6.8045E01
585.44	6.7936E01
585.78	6.7856E01
586.12	6.7726E01
586.46	6.7507E01
586.80	6.7308E01
587.14	6.7077E01
587.49	6.6775E01
587.83	6.6414E01
588.17	6.6012E01
588.51	6.5488E01
588.85	6.5029E01
589.19	6.4555E01
589.53	6.4091E01
589.87	6.3649E01
590.21	6.3340E01
590.56	6.3017E01
590.90	6.2874E01
591.24	6.2798E01
591.58	6.2789E01
591.92	6.2944E01
592.26	6.3224E01
592.60	6.3431E01
592.94	6.3754E01
593.28	6.3979E01
593.62	6.4227E01
593.96	6.4358E01
594.30	6.4535E01
594.64	6.4496E01
594.98	6.4511E01
595.32	6.4524E01
595.66	6.4565E01
596.00	6.4494E01
596.35	6.4638E01
596.69	6.4588E01
597.03	6.4658E01
597.37	6.4723E01
597.71	6.4702E01
598.05	6.4733E01
598.39	6.4808E01
598.73	6.4834E01
599.07	6.4845E01
599.41	6.4865E01
599.75	6.4917E01
600.09	6.4805E01
600.42	6.4815E01
600.76	6.4741E01
601.10	6.4615E01
601.44	6.4618E01
601.78	6.4560E01
602.12	6.4498E01
602.46	6.4519E01
602.80	6.4542E01
603.14	6.4611E01
603.48	6.4569E01
603.82	6.4673E01
604.16	6.4731E01
604.50	6.4834E01
604.84	6.4973E01
605.18	6.5048E01
605.52	6.5102E01
605.86	6.5194E01
606.19	6.5236E01
606.53	6.5226E01
606.87	6.5082E01
607.21	6.5097E01
607.55	6.5041E01
607.89	6.4988E01
608.23	6.4873E01
608.57	6.4735E01
608.91	6.4621E01
609.24	6.4496E01
609.58	6.4403E01
609.92	6.4237E01
610.26	6.4201E01
610.60	6.4147E01
610.94	6.4074E01
611.28	6.3980E01
611.61	6.3902E01
611.95	6.3857E01
612.29	6.3795E01
612.63	6.3741E01
612.97	6.3666E01
613.31	6.3606E01
613.64	6.3538E01
613.98	6.3367E01
614.32	6.3221E01
614.66	6.3125E01
615.00	6.2974E01
615.33	6.2791E01
615.67	6.2704E01
616.01	6.2592E01
616.35	6.2483E01
616.69	6.2452E01
617.02	6.2383E01
617.36	6.2340E01
617.70	6.2414E01
618.04	6.2437E01
618.37	6.2483E01
618.71	6.2624E01
619.05	6.2761E01
619.39	6.2805E01
619.72	6.2968E01
620.06	6.3119E01
620.40	6.3225E01
620.74	6.3324E01
621.07	6.3448E01
621.41	6.3513E01
621.75	6.3567E01
622.09	6.3523E01
622.42	6.3437E01
622.76	6.3374E01
623.10	6.3301E01
623.43	6.3216E01
623.77	6.3046E01
624.11	6.2894E01
624.44	6.2761E01
624.78	6.2607E01
625.12	6.2395E01
625.46	6.2292E01
625.79	6.2222E01
626.13	6.2140E01
626.47	6.2085E01
626.80	6.2060E01
627.14	6.1937E01
627.47	6.1916E01
627.81	6.1825E01
628.15	6.1789E01
628.48	6.1709E01
628.82	6.1641E01
629.16	6.1530E01
629.49	6.1415E01
629.83	6.1315E01
630.17	6.1187E01
630.50	6.1114E01
630.84	6.1057E01
631.17	6.0990E01
631.51	6.1012E01
631.85	6.0992E01
632.18	6.1040E01
632.52	6.1149E01
632.85	6.1300E01
633.19	6.1357E01
633.53	6.1401E01
633.86	6.1514E01
634.20	6.1579E01
634.53	6.1773E01
634.87	6.1831E01
635.20	6.1899E01
635.54	6.1995E01
635.87	6.2100E01
636.21	6.2139E01
636.55	6.2189E01
636.88	6.2243E01
637.22	6.2374E01
637.55	6.2399E01
637.89	6.2519E01
638.22	6.2460E01
638.56	6.2545E01
638.89	6.2609E01
639.23	6.2552E01
639.56	6.2498E01
639.90	6.2433E01
640.23	6.2359E01
640.57	6.2324E01
640.90	6.2192E01
641.24	6.2209E01
641.57	6.2039E01
641.91	6.2028E01
642.24	6.1909E01
642.58	6.1885E01
642.91	6.1919E01
643.25	6.1928E01
643.58	6.1942E01
643.91	6.1959E01
644.25	6.1967E01
644.58	6.2029E01
644.92	6.1829E01
645.25	6.1836E01
645.59	6.1754E01
645.92	6.1681E01
646.25	6.1513E01
646.59	6.1283E01
646.92	6.1186E01
647.26	6.1014E01
647.59	6.0768E01
647.93	6.0580E01
648.26	6.0382E01
648.59	6.0298E01
648.93	6.0043E01
649.26	5.9917E01
649.59	5.9826E01
649.93	5.9723E01
650.26	5.9780E01
650.60	5.9713E01
650.93	5.9750E01
651.26	5.9863E01
651.60	5.9956E01
651.93	5.9939E01
652.26	6.0054E01
652.60	6.0256E01
652.93	6.0304E01
653.26	6.0423E01
653.60	6.0445E01
653.93	6.0314E01
654.26	6.0178E01
654.60	5.9925E01
654.93	5.9555E01
655.26	5.9044E01
655.60	5.8635E01
655.93	5.8112E01
656.26	5.7500E01
656.59	5.7027E01
656.93	5.6586E01
657.26	5.6319E01
657.59	5.6192E01
657.93	5.6176E01
658.26	5.6266E01
658.59	5.6491E01
658.92	5.6888E01
659.26	5.7367E01
659.59	5.7856E01
659.92	5.8421E01
660.25	5.8941E01
660.59	5.9373E01
660.92	5.9738E01
661.25	6.0040E01
661.58	6.0300E01
661.92	6.0448E01
662.25	6.0671E01
662.58	6.0757E01
662.91	6.0847E01
663.24	6.0871E01
663.58	6.0891E01
663.91	6.0936E01
664.24	6.0914E01
664.57	6.0918E01
664.90	6.0970E01
665.24	6.1028E01
665.57	6.1055E01
665.90	6.0972E01
666.23	6.1037E01
666.56	6.0956E01
666.90	6.1024E01
667.23	6.1054E01
667.56	6.0955E01
667.89	6.0927E01
668.22	6.0877E01
668.55	6.0875E01
668.88	6.0843E01
669.22	6.0785E01
669.55	6.0763E01
669.88	6.0716E01
670.21	6.0695E01
670.54	6.0614E01
670.87	6.0556E01
671.20	6.0593E01
671.53	6.0585E01
671.87	6.0474E01
672.20	6.0357E01
672.53	6.0230E01
672.86	6.0260E01
673.19	6.0191E01
673.52	6.0177E01
673.85	6.0139E01
674.18	6.0104E01
674.51	6.0056E01
674.84	6.0048E01
675.17	5.9982E01
675.50	6.0023E01
675.83	6.0000E01
676.16	6.0002E01
676.50	5.9938E01
676.83	5.9915E01
677.16	5.9905E01
677.49	5.9917E01
677.82	5.9879E01
678.15	5.9872E01
678.48	5.9681E01
678.81	5.9709E01
679.14	5.9701E01
679.47	5.9638E01
679.80	5.9586E01
680.13	5.9508E01
680.46	5.9483E01
680.79	5.9426E01
681.12	5.9348E01
681.45	5.9331E01
681.78	5.9273E01
682.11	5.9345E01
682.44	5.9219E01
682.77	5.9147E01
683.10	5.9041E01
683.42	5.8968E01
683.75	5.8877E01
684.08	5.8747E01
684.41	5.8592E01
684.74	5.8416E01
685.07	5.8116E01
685.40	5.7775E01
685.73	5.7218E01
686.06	5.6614E01
686.39	5.5849E01
686.72	5.5125E01
687.05	5.4173E01
687.38	5.3275E01
687.71	5.2426E01
688.03	5.1642E01
688.36	5.0910E01
688.69	5.0354E01
689.02	4.9930E01
689.35	4.9615E01
689.68	4.9485E01
690.01	4.9590E01
690.34	4.9742E01
690.66	5.0120E01
690.99	5.0554E01
691.32	5.0916E01
691.65	5.1300E01
691.98	5.1663E01
692.31	5.2007E01
692.64	5.2282E01
692.96	5.2603E01
693.29	5.2854E01
693.62	5.3020E01
693.95	5.3173E01
694.28	5.3259E01
694.61	5.3317E01
694.93	5.3421E01
695.26	5.3474E01
695.59	5.3544E01
695.92	5.3624E01
696.25	5.3782E01
696.57	5.4005E01
696.90	5.4246E01
697.23	5.4340E01
697.56	5.4476E01
697.88	5.4580E01
698.21	5.4704E01
698.54	5.4784E01
698.87	5.4766E01
699.19	5.4722E01
699.52	5.4617E01
699.85	5.4507E01
700.18	5.4312E01
700.50	5.4100E01
700.83	5.3949E01
701.16	5.3826E01
701.49	5.3696E01
701.81	5.3591E01
702.14	5.3555E01
702.47	5.3557E01
702.79	5.3643E01
703.12	5.3708E01
703.45	5.3795E01
703.78	5.3895E01
704.10	5.4008E01
704.43	5.4206E01
704.76	5.4299E01
705.08	5.4458E01
705.41	5.4611E01
705.74	5.4673E01
706.06	5.4736E01
706.39	5.4730E01
706.72	5.4776E01
707.04	5.4735E01
707.37	5.4822E01
707.70	5.4867E01
708.02	5.4892E01
708.35	5.4894E01
708.67	5.4939E01
709.00	5.4963E01
709.33	5.4972E01
709.65	5.5026E01
709.98	5.5067E01
710.31	5.5087E01
710.63	5.5146E01
710.96	5.5008E01
711.28	5.4899E01
711.61	5.4923E01
711.94	5.5019E01
712.26	5.5027E01
712.59	5.5014E01
712.91	5.5003E01
713.24	5.4955E01
713.56	5.4879E01
713.89	5.4806E01
714.22	5.4667E01
714.54	5.4594E01
714.87	5.4532E01
715.19	5.4265E01
715.52	5.3872E01
715.84	5.3417E01
716.17	5.2860E01
716.49	5.2164E01
716.82	5.1375E01
717.14	5.0559E01
717.47	4.9670E01
717.79	4.8732E01
718.12	4.7790E01
718.44	4.6789E01
718.77	4.5853E01
719.09	4.5017E01
719.42	4.4382E01
719.74	4.3767E01
720.07	4.3485E01
720.39	4.3414E01
720.72	4.3534E01
721.04	4.3758E01
721.37	4.4111E01
721.69	4.4582E01
722.02	4.5105E01
722.34	4.5687E01
722.67	4.6160E01
722.99	4.6478E01
723.32	4.6762E01
723.64	4.6952E01
723.96	4.6929E01
724.29	4.6832E01
724.61	4.6699E01
724.94	4.6489E01
725.26	4.6225E01
725.58	4.6044E01
725.91	4.5797E01
726.23	4.5624E01
726.56	4.5523E01
726.88	4.5499E01
727.20	4.5471E01
727.53	4.5506E01
727.85	4.5541E01
728.18	4.5598E01
728.50	4.5686E01
728.82	4.5772E01
729.15	4.5758E01
729.47	4.5795E01
729.79	4.5786E01
730.12	4.5915E01
730.44	4.6023E01
730.76	4.6208E01
731.09	4.6376E01
731.41	4.6641E01
731.73	4.6905E01
732.06	4.7169E01
732.38	4.7522E01
732.70	4.7961E01
733.03	4.8385E01
733.35	4.8948E01
733.67	4.9343E01
734.00	4.9815E01
734.32	5.0233E01
734.64	5.0616E01
734.96	5.0854E01
735.29	5.1179E01
735.61	5.1461E01
735.93	5.1572E01
736.26	5.1662E01
736.58	5.1796E01
736.90	5.1870E01
737.22	5.1917E01
737.55	5.1969E01
737.87	5.1942E01
738.19	5.1938E01
738.51	5.2011E01
738.84	5.1982E01
739.16	5.1989E01
739.48	5.2137E01
739.80	5.2287E01
740.12	5.2287E01
740.45	5.2222E01
740.77	5.2248E01
741.09	5.2219E01
741.41	5.2266E01
741.73	5.2476E01
742.06	5.2551E01
742.38	5.2614E01
742.70	5.2692E01
743.02	5.2738E01
743.34	5.2770E01
743.67	5.2883E01
743.99	5.3039E01
744.31	5.3175E01
744.63	5.3358E01
744.95	5.3475E01
745.27	5.3540E01
745.60	5.3685E01
745.92	5.3829E01
746.24	5.3833E01
746.56	5.3800E01
746.88	5.3801E01
747.20	5.3885E01
747.52	5.3923E01
747.84	5.3889E01
748.16	5.3841E01
748.49	5.3790E01
748.81	5.3651E01
749.13	5.3594E01
749.45	5.3527E01
749.77	5.3540E01
750.09	5.3556E01
750.41	5.3520E01
750.73	5.3388E01
751.05	5.3333E01
751.37	5.3284E01
751.69	5.3268E01
752.01	5.3280E01
752.34	5.3363E01
752.66	5.3295E01
752.98	5.3314E01
753.30	5.3349E01
753.62	5.3364E01
753.94	5.3325E01
754.26	5.3467E01
754.58	5.3430E01
754.90	5.3423E01
755.22	5.3374E01
755.54	5.3317E01
755.86	5.3198E01
756.18	5.3167E01
756.50	5.3167E01
756.82	5.3035E01
757.14	5.2915E01
757.46	5.2793E01
757.78	5.2393E01
758.10	5.1733E01
758.42	5.0771E01
758.74	4.9479E01
759.06	4.7802E01
759.38	4.5768E01
759.70	4.3437E01
760.01	4.0742E01
760.33	3.8090E01
760.65	3.5299E01
760.97	3.2597E01
761.29	2.9978E01
761.61	2.7908E01
761.93	2.6204E01
762.25	2.4866E01
762.57	2.4008E01
762.89	2.3582E01
763.21	2.3485E01
763.53	2.3723E01
763.85	2.4142E01
764.16	2.4881E01
764.48	2.5778E01
764.80	2.6781E01
765.12	2.7782E01
765.44	2.8947E01
765.76	3.0330E01
766.08	3.1676E01
766.40	3.3080E01
766.71	3.4626E01
767.03	3.6279E01
767.35	3.7937E01
767.67	3.9440E01
767.99	4.0834E01
768.31	4.2182E01
768.62	4.3517E01
768.94	4.4738E01
769.26	4.5708E01
769.58	4.6570E01
769.90	4.7387E01
770.22	4.8007E01
770.53	4.8416E01
770.85	4.8831E01
771.17	4.9148E01
771.49	4.9436E01
771.81	4.9723E01
772.12	4.9877E01
772.44	4.9897E01
772.76	4.9927E01
773.08	4.9996E01
773.39	5.0083E01
773.71	5.0141E01
774.03	5.0181E01
774.35	5.0136E01
774.66	5.0142E01
774.98	5.0222E01
775.30	5.0200E01
775.62	5.0234E01
775.93	5.0248E01
776.25	5.0225E01
776.57	5.0278E01
776.89	5.0219E01
777.20	5.0226E01
777.52	5.0249E01
777.84	5.0299E01
778.15	5.0346E01
778.47	5.0234E01
778.79	5.0297E01
779.10	5.0162E01
779.42	5.0166E01
779.74	5.0191E01
780.05	5.0138E01
780.37	5.0115E01
780.69	5.0103E01
781.00	5.0051E01
781.32	5.0051E01
781.64	5.0053E01
781.95	4.9968E01
782.27	4.9877E01
782.59	4.9910E01
782.90	4.9819E01
783.22	4.9805E01
783.54	4.9815E01
783.85	4.9754E01
784.17	4.9693E01
784.48	4.9713E01
784.80	4.9678E01
785.12	4.9536E01
785.43	4.9699E01
785.75	4.9667E01
786.06	4.9672E01
786.38	4.9628E01
786.70	4.9576E01
787.01	4.9399E01
787.33	4.9365E01
787.64	4.9289E01
787.96	4.9220E01
788.27	4.9053E01
788.59	4.9102E01
788.91	4.8854E01
789.22	4.8781E01
789.54	4.8641E01
789.85	4.8670E01
790.17	4.8567E01
790.48	4.8556E01
790.80	4.8521E01
791.11	4.8433E01
791.43	4.8374E01
791.74	4.8427E01
792.06	4.8302E01
792.37	4.8389E01
792.69	4.8344E01
793.00	4.8284E01
793.32	4.8230E01
793.63	4.8243E01
793.95	4.8215E01
794.26	4.8130E01
794.58	4.8138E01
794.89	4.8085E01
795.21	4.7993E01
795.52	4.8012E01
795.84	4.7964E01
796.15	4.7988E01
796.46	4.8082E01
796.78	4.8176E01
797.09	4.8185E01
797.41	4.8294E01
797.72	4.8395E01
798.04	4.8364E01
798.35	4.8471E01
798.66	4.8511E01
798.98	4.8579E01
799.29	4.8570E01
799.61	4.8493E01
799.92	4.8399E01
800.23	4.8191E01
800.55	4.8054E01
800.86	4.7892E01
801.18	4.7783E01
801.49	4.7824E01
801.80	4.7750E01
802.12	4.7728E01
802.43	4.7602E01
802.74	4.7508E01
803.06	4.7484E01
803.37	4.7517E01
803.68	4.7614E01
804.00	4.7564E01
804.31	4.7572E01
804.62	4.7565E01
804.94	4.7526E01
805.25	4.7443E01
805.56	4.7577E01
805.88	4.7651E01
806.19	4.7730E01
806.50	4.7819E01
806.82	4.7775E01
807.13	4.7725E01
807.44	4.7948E01
807.75	4.7904E01
808.07	4.7894E01
808.38	4.7915E01
808.69	4.7941E01
809.01	4.7698E01
809.32	4.7453E01
809.63	4.7279E01
809.94	4.6912E01
810.26	4.6745E01
810.57	4.6453E01
810.88	4.6135E01
811.19	4.6106E01
811.51	4.5909E01
811.82	4.5569E01
812.13	4.5138E01
812.44	4.4887E01
812.75	4.4600E01
813.07	4.4057E01
813.38	4.3797E01
813.69	4.3352E01
814.00	4.2964E01
814.31	4.2423E01
814.63	4.1776E01
814.94	4.1116E01
815.25	4.0517E01
815.56	4.0058E01
815.87	3.9398E01
816.18	3.8867E01
816.50	3.8544E01
816.81	3.8152E01
817.12	3.7846E01
817.43	3.7530E01
817.74	3.7230E01
818.05	3.7043E01
818.37	3.7048E01
818.68	3.7009E01
818.99	3.7101E01
819.30	3.7447E01
819.61	3.7775E01
819.92	3.8128E01
820.23	3.8502E01
820.54	3.8789E01
820.85	3.9076E01
821.17	3.9298E01
821.48	3.9399E01
821.79	3.9394E01
822.10	3.9440E01
822.41	3.9260E01
822.72	3.8971E01
823.03	3.8761E01
823.34	3.8478E01
823.65	3.8197E01
823.96	3.8032E01
824.27	3.8007E01
824.58	3.8200E01
824.89	3.8316E01
825.20	3.8736E01
825.51	3.9122E01
825.82	3.9444E01
826.13	3.9944E01
826.44	4.0310E01
826.75	4.0668E01
827.06	4.0904E01
827.37	4.1011E01
827.68	4.1136E01
827.99	4.1067E01
828.30	4.1126E01
828.61	4.0855E01
828.92	4.0695E01
829.23	4.0683E01
829.54	4.0546E01
829.85	4.0462E01
830.16	4.0365E01
830.47	4.0431E01
830.78	4.0478E01
831.09	4.0454E01
831.40	4.0504E01
831.71	4.0601E01
832.02	4.0776E01
832.33	4.0918E01
832.64	4.0941E01
832.95	4.0895E01
833.26	4.0792E01
833.57	4.0835E01
833.87	4.0871E01
834.18	4.1081E01
834.49	4.1266E01
834.80	4.1470E01
835.11	4.1510E01
835.42	4.1568E01
835.73	4.1856E01
836.04	4.2188E01
836.35	4.2515E01
836.65	4.2952E01
836.96	4.3253E01
837.27	4.3402E01
837.58	4.3607E01
837.89	4.3616E01
838.20	4.3658E01
838.51	4.3698E01
838.81	4.3980E01
839.12	4.4006E01
839.43	4.4099E01
839.74	4.4143E01
840.05	4.4242E01
840.36	4.4341E01
840.66	4.4563E01
840.97	4.4522E01
841.28	4.4628E01
841.59	4.4771E01
841.90	4.5052E01
842.20	4.5113E01
842.51	4.4993E01
842.82	4.4967E01
843.13	4.5042E01
843.43	4.5015E01
843.74	4.4930E01
844.05	4.4995E01
844.36	4.4932E01
844.66	4.4859E01
844.97	4.4863E01
845.28	4.4821E01
845.59	4.4734E01
845.89	4.4915E01
846.20	4.4853E01
846.51	4.4968E01
846.82	4.4899E01
847.12	4.4943E01
847.43	4.4942E01
847.74	4.5146E01
848.04	4.5207E01
848.35	4.5233E01
848.66	4.5146E01
848.97	4.4982E01
849.27	4.4670E01
849.58	4.4486E01
849.89	4.4185E01
850.19	4.4039E01
850.50	4.3938E01
850.81	4.3558E01
851.11	4.3301E01
851.42	4.3244E01
851.73	4.3233E01
852.03	4.3257E01
852.34	4.3351E01
852.64	4.3398E01
852.95	4.3406E01
853.26	4.3162E01
853.56	4.2972E01
853.87	4.2563E01
854.18	4.2295E01
854.48	4.2039E01
854.79	4.1589E01
855.09	4.1262E01
855.40	4.1042E01
855.71	4.0703E01
856.01	4.0517E01
856.32	4.0453E01
856.62	4.0785E01
856.93	4.1059E01
857.23	4.1390E01
857.54	4.1799E01
857.85	4.2035E01
858.15	4.2570E01
858.46	4.2708E01
858.76	4.2884E01
859.07	4.3460E01
859.37	4.3803E01
859.68	4.4203E01
859.98	4.4155E01
860.29	4.4167E01
860.59	4.4314E01
860.90	4.4431E01
861.20	4.4493E01
861.51	4.4570E01
861.81	4.4800E01
862.12	4.4759E01
862.42	4.4607E01
862.73	4.4414E01
863.03	4.4316E01
863.34	4.4304E01
863.64	4.4090E01
863.95	4.3816E01
864.25	4.3443E01
864.56	4.3492E01
864.86	4.3384E01
865.16	4.3062E01
865.47	4.2893E01
865.77	4.2556E01
866.08	4.2319E01
866.38	4.1867E01
866.69	4.1885E01
866.99	4.1910E01
867.30	4.2045E01
867.60	4.1870E01
867.90	4.1579E01
868.21	4.1376E01
868.51	4.1572E01
868.82	4.1670E01
869.12	4.1731E01
869.42	4.1792E01
869.73	4.2118E01
870.03	4.1863E01
870.33	4.1982E01
870.64	4.1959E01
870.94	4.2498E01
871.24	4.2774E01
871.55	4.2987E01
871.85	4.2816E01
872.16	4.2881E01
872.46	4.3141E01
872.76	4.3365E01
873.07	4.3273E01
873.37	4.3223E01
873.67	4.3206E01
873.97	4.3151E01
874.28	4.3074E01
874.58	4.3103E01
874.88	4.2832E01
875.19	4.2787E01
875.49	4.2692E01
875.79	4.2519E01
876.10	4.2705E01
876.40	4.2810E01
876.70	4.3038E01
877.00	4.2943E01
877.31	4.2887E01
877.61	4.2657E01
877.91	4.2580E01
878.21	4.2861E01
878.52	4.2970E01
878.82	4.2916E01
879.12	4.3019E01
879.42	4.2731E01
879.73	4.2632E01
880.03	4.2913E01
880.33	4.3310E01
880.63	4.3673E01
880.93	4.3887E01
881.24	4.3573E01
881.54	4.3311E01
881.84	4.3275E01
882.14	4.3394E01
882.44	4.3163E01
882.75	4.3180E01
883.05	4.2988E01
883.35	4.2624E01
883.65	4.2349E01
883.95	4.1991E01
884.25	4.1939E01
884.56	4.1988E01
884.86	4.2228E01
885.16	4.1869E01
885.46	4.2239E01
885.76	4.2336E01
886.06	4.2618E01
886.36	4.2463E01
886.67	4.2355E01
886.97	4.2283E01
887.27	4.2524E01
887.57	4.2236E01
887.87	4.1923E01
888.17	4.1835E01
888.47	4.2142E01
888.77	4.1561E01
889.07	4.1492E01
889.37	4.1218E01
889.68	4.1576E01
889.98	4.1602E01
890.28	4.1794E01
890.58	4.1452E01
890.88	4.1180E01
891.18	4.1791E01
891.48	4.1069E01
891.78	4.5035E01
892.08	4.0422E01
892.38	3.7108E01
892.68	3.7108E01
