190.56	-2800.000
190.94	-2800.000
191.32	-2800.000
191.70	120.455
192.08	-163.636
192.46	17.582
192.84	8.520
193.22	36.434
193.60	36.667
193.98	19.535
194.36	26.222
194.74	50.920
195.13	51.908
195.51	88.596
195.89	118.750
196.27	26.471
196.65	101.010
197.03	8500.000
197.40	941.176
197.78	-127.632
198.16	445.238
198.54	576.923
198.92	445.455
199.30	-332.000
199.68	-274.545
200.06	-720.000
200.44	-7275.000
200.82	-219.492
201.20	-369.841
201.58	-413.953
201.96	-657.143
202.34	-66.667
202.72	-76.282
203.10	-6.154
203.48	-3.987
203.86	-39.583
204.24	-19.602
204.62	-9.192
205.00	-7.123
205.38	-7.973
205.76	-22.222
206.13	-33.882
206.51	-46.174
206.89	-91.275
207.27	-140.239
207.65	-144.492
208.03	-136.154
208.41	-102.120
208.79	-80.168
209.17	-71.739
209.55	-68.243
209.93	-32.687
210.30	-12.129
210.68	-13.625
211.06	11.943
211.44	28.545
211.82	21.107
212.20	34.141
212.58	26.347
212.96	31.050
213.33	24.385
213.71	7.400
214.09	4.545
214.47	-10.493
214.85	-8.000
215.23	-31.235
215.61	-49.315
215.98	-37.232
216.36	-38.560
216.74	-15.211
217.12	2.546
217.50	19.093
217.88	21.698
218.25	9.899
218.63	8.446
219.01	4.678
219.39	18.414
219.77	22.139
220.14	23.697
220.52	17.079
220.90	9.749
221.28	0.000
221.66	-1.411
222.03	-1.489
222.41	3.793
222.79	2.356
223.17	0.980
223.55	-4.705
223.92	-10.155
224.30	-10.118
224.68	-8.339
225.06	-8.589
225.43	-7.065
225.81	-12.456
226.19	-5.565
226.57	-5.359
226.95	-3.287
227.32	-2.660
227.70	-0.578
228.08	0.644
228.46	-0.261
228.83	-0.605
229.21	-0.584
229.59	0.229
229.96	1.635
230.34	0.439
230.72	0.435
231.10	0.662
231.47	2.089
231.85	0.838
232.23	0.094
232.60	1.160
232.98	1.307
233.36	1.898
233.74	1.207
234.11	0.756
234.49	0.816
234.87	-1.079
235.24	-1.502
235.62	-3.017
236.00	-2.003
236.37	-1.208
236.75	-1.046
237.13	-0.901
237.50	0.303
237.88	1.100
238.26	2.033
238.63	2.885
239.01	3.618
239.39	4.162
239.76	4.663
240.14	3.977
240.52	3.355
240.89	3.684
241.27	3.713
241.65	2.682
242.02	2.665
242.40	2.916
242.77	2.650
243.15	3.177
243.53	3.081
243.90	3.410
244.28	3.564
244.66	4.287
245.03	4.189
245.41	4.055
245.78	3.859
246.16	3.683
246.54	3.768
246.91	3.829
247.29	3.624
247.66	3.746
248.04	3.619
248.41	3.671
248.79	3.317
249.17	3.215
249.54	3.442
249.92	3.853
250.29	4.302
250.67	3.697
251.04	3.486
251.42	3.865
251.80	3.360
252.17	3.429
252.55	3.822
252.92	3.492
253.30	3.619
253.67	3.574
254.05	3.400
254.42	3.049
254.80	3.243
255.17	3.860
255.55	3.251
255.92	3.690
256.30	3.008
256.67	3.028
257.05	3.327
257.42	2.963
257.80	3.016
258.17	2.821
258.55	2.935
258.92	2.934
259.30	2.823
259.67	2.718
260.05	2.627
260.42	2.684
260.80	2.473
261.17	2.772
261.55	2.888
261.92	2.854
262.30	3.107
262.67	2.882
263.05	2.692
263.42	2.348
263.79	2.518
264.17	2.811
264.54	2.914
264.92	3.300
265.29	2.487
265.67	2.589
266.04	2.474
266.42	2.410
266.79	2.542
267.16	2.932
267.54	2.913
267.91	2.963
268.29	2.796
268.66	2.738
269.03	2.247
269.41	2.482
269.78	2.432
270.16	2.240
270.53	2.391
270.90	2.270
271.28	1.980
271.65	2.190
272.03	2.153
272.40	2.170
272.77	2.208
273.15	2.491
273.52	2.427
273.89	2.130
274.27	2.229
274.64	2.069
275.01	2.068
275.39	2.238
275.76	1.999
276.14	1.773
276.51	1.625
276.88	2.025
277.26	2.157
277.63	2.116
278.00	2.088
278.38	2.014
278.75	1.843
279.12	1.923
279.49	2.106
279.87	2.190
280.24	2.293
280.61	2.243
280.99	2.004
281.36	1.618
281.73	1.661
282.11	1.832
282.48	2.130
282.85	2.230
283.22	2.195
283.60	1.960
283.97	1.931
284.34	1.985
284.71	2.195
285.09	2.117
285.46	2.306
285.83	2.410
286.21	2.455
286.58	2.306
286.95	2.507
287.32	2.462
287.70	2.633
288.07	2.693
288.44	2.773
288.81	2.785
289.18	3.061
289.56	3.054
289.93	3.102
290.30	3.158
290.67	3.145
291.05	2.913
291.42	2.923
291.79	2.818
292.16	2.869
292.53	2.917
292.91	2.890
293.28	2.750
293.65	2.695
294.02	2.605
294.39	2.527
294.76	2.701
295.14	2.782
295.51	2.929
295.88	2.881
296.25	2.982
296.62	3.051
297.00	3.070
297.37	3.094
297.74	3.079
298.11	3.091
298.48	3.159
298.85	3.058
299.22	2.969
299.60	2.912
299.97	3.042
300.34	2.960
300.71	2.798
301.08	2.866
301.45	2.868
301.82	3.112
302.19	3.342
302.56	3.430
302.94	3.409
303.31	3.568
303.68	3.746
304.05	3.749
304.42	3.746
304.79	3.937
305.16	3.927
305.53	3.988
305.90	3.789
306.27	3.784
306.64	3.717
307.02	3.674
307.39	3.812
307.76	3.724
308.13	3.618
308.50	3.670
308.87	3.313
309.24	3.202
309.61	2.966
309.98	2.998
310.35	2.805
310.72	2.856
311.09	2.928
311.46	2.655
311.83	2.717
312.20	2.654
312.57	2.453
312.94	2.679
313.31	2.612
313.68	2.695
314.05	2.636
314.42	2.542
314.79	2.497
315.16	2.325
315.53	2.407
315.90	2.167
316.27	2.185
316.64	2.341
317.01	2.277
317.38	2.329
317.75	2.196
318.12	2.149
318.49	2.380
318.86	2.119
319.23	2.402
319.60	2.486
319.97	2.630
320.34	2.834
320.71	2.629
321.08	2.851
321.45	3.077
321.82	3.223
322.19	3.310
322.55	3.306
322.92	3.555
323.29	3.466
323.66	3.577
324.03	3.544
324.40	3.373
324.77	3.687
325.14	3.603
325.51	3.444
325.88	3.628
326.25	3.672
326.61	3.687
326.98	3.836
327.35	3.980
327.72	3.951
328.09	3.969
328.46	4.201
328.83	4.095
329.20	4.166
329.56	4.080
329.93	3.970
330.30	4.090
330.67	4.111
331.04	4.084
331.41	4.102
331.78	4.036
332.14	4.086
332.51	3.872
332.88	3.915
333.25	3.779
333.62	3.848
333.99	3.682
334.35	3.658
334.72	3.756
335.09	3.818
335.46	3.819
335.83	3.839
336.19	3.865
336.56	3.989
336.93	4.041
337.30	4.337
337.67	4.431
338.03	4.562
338.40	4.674
338.77	4.500
339.14	4.345
339.50	4.206
339.87	4.100
340.24	4.058
340.61	3.906
340.97	3.739
341.34	3.670
341.71	3.772
342.08	3.802
342.44	3.632
342.81	3.601
343.18	3.651
343.55	3.512
343.91	3.448
344.28	3.391
344.65	3.463
345.02	3.522
345.38	3.342
345.75	3.138
346.12	3.129
346.48	3.172
346.85	3.197
347.22	2.998
347.59	3.028
347.95	3.031
348.32	3.022
348.69	3.056
349.05	2.861
349.42	2.734
349.79	2.665
350.15	2.732
350.52	2.635
350.89	2.464
351.25	2.430
351.62	2.466
351.99	2.630
352.35	2.534
352.72	2.457
353.09	2.495
353.45	2.674
353.82	2.757
354.18	2.591
354.55	2.605
354.92	2.531
355.28	2.543
355.65	2.413
356.02	2.309
356.38	2.275
356.75	2.160
357.11	2.083
357.48	1.854
357.85	1.788
358.21	1.772
358.58	1.663
358.94	1.775
359.31	1.750
359.67	1.754
360.04	1.707
360.41	1.714
360.77	1.797
361.14	1.889
361.50	1.985
361.87	1.947
362.23	1.983
362.60	1.977
362.97	1.911
363.33	1.871
363.70	1.945
364.06	1.957
364.43	2.050
364.79	1.961
365.16	1.950
365.52	1.961
365.89	2.024
366.25	1.963
366.62	1.841
366.98	1.925
367.35	2.112
367.71	1.951
368.08	1.913
368.44	1.864
368.81	1.856
369.17	1.686
369.54	1.620
369.90	1.636
370.27	1.625
370.63	1.736
371.00	1.673
371.36	1.533
371.73	1.614
372.09	1.611
372.45	1.477
372.82	1.562
373.18	1.670
373.55	1.720
373.91	1.724
374.28	1.835
374.64	1.961
375.01	2.003
375.37	2.024
375.73	2.169
376.10	2.264
376.46	2.370
376.83	2.372
377.19	2.426
377.55	2.484
377.92	2.491
378.28	2.421
378.65	2.369
379.01	2.345
379.37	2.376
379.74	2.280
380.10	2.289
380.47	2.320
380.83	2.438
381.19	2.417
381.56	2.504
381.92	2.464
382.28	2.559
382.65	2.630
383.01	2.569
383.37	2.580
383.74	2.674
384.10	2.659
384.46	2.671
384.83	2.646
385.19	2.631
385.55	2.627
385.92	2.667
386.28	2.659
386.64	2.637
387.01	2.787
387.37	2.919
387.73	3.031
388.10	3.076
388.46	3.169
388.82	3.197
389.18	3.362
389.55	3.290
389.91	3.366
390.27	3.381
390.64	3.418
391.00	3.505
391.36	3.554
391.72	3.531
392.09	3.563
392.45	3.632
392.81	3.673
393.17	3.651
393.54	3.750
393.90	3.854
394.26	3.955
394.62	4.052
394.99	4.158
395.35	4.198
395.71	4.293
396.07	4.340
396.43	4.209
396.80	4.233
397.16	4.342
397.52	4.465
397.88	4.428
398.24	4.429
398.61	4.594
398.97	4.493
399.33	4.590
399.69	4.510
400.05	4.602
400.42	4.751
400.78	4.817
401.14	4.908
401.50	4.845
401.86	4.947
402.22	5.042
402.59	4.929
402.95	4.991
403.31	5.084
403.67	5.157
404.03	5.312
404.39	5.407
404.75	5.466
405.12	5.503
405.48	5.651
405.84	5.679
406.20	5.810
406.56	6.020
406.92	6.172
407.28	6.128
407.64	6.260
408.00	6.208
408.36	6.282
408.73	6.405
409.09	6.510
409.45	6.522
409.81	6.679
410.17	6.712
410.53	6.759
410.89	6.753
411.25	6.829
411.61	6.936
411.97	7.039
412.33	7.089
412.69	7.141
413.05	7.107
413.41	7.186
413.77	7.141
414.13	7.257
414.50	7.225
414.86	7.314
415.22	7.277
415.58	7.322
415.94	7.391
416.30	7.504
416.66	7.555
417.02	7.618
417.38	7.715
417.74	7.807
418.10	7.901
418.46	8.060
418.82	8.161
419.18	8.337
419.54	8.379
419.90	8.455
420.26	8.481
420.61	8.524
420.97	8.619
421.33	8.665
421.69	8.720
422.05	8.698
422.41	8.798
422.77	8.820
423.13	8.912
423.49	8.943
423.85	9.062
424.21	9.166
424.57	9.296
424.93	9.397
425.29	9.487
425.65	9.601
426.01	9.717
426.36	9.697
426.72	9.792
427.08	9.833
427.44	9.980
427.80	10.075
428.16	10.176
428.52	10.181
428.88	10.250
429.24	10.402
429.59	10.498
429.95	10.592
430.31	10.690
430.67	10.765
431.03	10.810
431.39	10.932
431.75	10.905
432.10	10.968
432.46	11.059
432.82	11.106
433.18	11.117
433.54	11.190
433.90	11.295
434.25	11.352
434.61	11.441
434.97	11.544
435.33	11.583
435.69	11.650
436.04	11.719
436.40	11.849
436.76	11.927
437.12	12.007
437.48	12.073
437.83	12.151
438.19	12.217
438.55	12.350
438.91	12.471
439.27	12.599
439.62	12.714
439.98	12.725
440.34	12.831
440.70	12.906
441.05	12.991
441.41	13.086
441.77	13.213
442.13	13.425
442.48	13.460
442.84	13.523
443.20	13.600
443.56	13.727
443.91	13.896
444.27	13.999
444.63	14.143
444.98	14.254
445.34	14.360
445.70	14.360
446.05	14.401
446.41	14.586
446.77	14.674
447.13	14.768
447.48	14.876
447.84	14.950
448.20	15.131
448.55	15.213
448.91	15.353
449.27	15.521
449.62	15.670
449.98	15.879
450.34	15.961
450.69	16.121
451.05	16.212
451.40	16.288
451.76	16.432
452.12	16.439
452.47	16.575
452.83	16.639
453.19	16.718
453.54	16.765
453.90	16.839
454.25	16.972
454.61	17.034
454.97	17.210
455.32	17.393
455.68	17.587
456.03	17.796
456.39	17.907
456.75	18.019
457.10	18.172
457.46	18.370
457.81	18.385
458.17	18.528
458.52	18.686
458.88	18.758
459.24	18.828
459.59	18.899
459.95	18.926
460.30	19.091
460.66	19.221
461.01	19.258
461.37	19.416
461.72	19.680
462.08	19.839
462.43	20.036
462.79	20.253
463.14	20.452
463.50	20.586
463.85	20.813
464.21	20.850
464.56	20.988
464.92	21.123
465.27	21.142
465.63	21.195
465.98	21.349
466.34	21.459
466.69	21.610
467.05	21.793
467.40	21.969
467.76	22.067
468.11	22.307
468.47	22.469
468.82	22.689
469.18	22.909
469.53	23.061
469.88	23.128
470.24	23.318
470.59	23.415
470.95	23.481
471.30	23.555
471.66	23.633
472.01	23.811
472.36	23.795
472.72	23.904
473.07	24.010
473.43	24.101
473.78	24.256
474.13	24.348
474.49	24.398
474.84	24.464
475.19	24.536
475.55	24.616
475.90	24.625
476.26	24.824
476.61	24.915
476.96	25.007
477.32	25.099
477.67	25.134
478.02	25.146
478.38	25.219
478.73	25.380
479.08	25.525
479.44	25.663
479.79	25.788
480.14	25.858
480.50	25.894
480.85	26.002
481.20	26.015
481.56	26.136
481.91	26.253
482.26	26.348
482.62	26.421
482.97	26.494
483.32	26.562
483.67	26.593
484.03	26.655
484.38	26.758
484.73	26.832
485.08	26.942
485.44	27.009
485.79	27.080
486.14	27.232
486.49	27.365
486.85	27.478
487.20	27.581
487.55	27.713
487.90	27.838
488.26	27.909
488.61	28.013
488.96	28.133
489.31	28.309
489.67	28.487
490.02	28.644
490.37	28.765
490.72	28.918
491.07	29.098
491.43	29.248
491.78	29.400
492.13	29.530
492.48	29.651
492.83	29.850
493.19	30.009
493.54	30.226
493.89	30.419
494.24	30.633
494.59	30.851
494.94	31.007
495.29	31.193
495.65	31.333
496.00	31.567
496.35	31.903
496.70	32.130
497.05	32.378
497.40	32.636
497.75	32.820
498.11	33.043
498.46	33.267
498.81	33.539
499.16	33.753
499.51	34.056
499.86	34.298
500.21	34.427
500.56	34.610
500.91	34.788
501.26	34.978
501.62	35.242
501.97	35.460
502.32	35.756
502.67	36.016
503.02	36.279
503.37	36.521
503.72	36.812
504.07	37.060
504.42	37.302
504.77	37.577
505.12	37.870
505.47	38.102
505.82	38.455
506.17	38.688
506.52	39.014
506.87	39.285
507.22	39.532
507.57	39.732
507.92	40.087
508.27	40.431
508.62	40.671
508.97	40.860
509.32	41.185
509.67	41.425
510.02	41.662
510.37	41.890
510.72	42.229
511.07	42.462
511.42	42.792
511.77	43.025
512.12	43.222
512.47	43.437
512.82	43.708
513.17	43.916
513.52	44.113
513.87	44.375
514.22	44.619
514.57	44.816
514.91	45.135
515.26	45.369
515.61	45.495
515.96	45.711
516.31	46.015
516.66	46.282
517.01	46.459
517.36	46.666
517.71	46.843
518.06	47.088
518.41	47.299
518.75	47.450
519.10	47.697
519.45	47.971
519.80	48.140
520.15	48.410
520.50	48.623
520.85	48.846
521.19	49.157
521.54	49.446
521.89	49.657
522.24	49.970
522.59	50.265
522.94	50.500
523.28	50.785
523.63	51.123
523.98	51.314
524.33	51.477
524.68	51.785
525.03	51.903
525.37	52.124
525.72	52.316
526.07	52.545
526.42	52.815
526.76	53.139
527.11	53.429
527.46	53.662
527.81	53.809
528.16	54.043
528.50	54.113
528.85	54.308
529.20	54.413
529.55	54.571
529.89	54.665
530.24	54.815
530.59	54.884
530.94	55.042
531.28	55.246
531.63	55.565
531.98	55.791
532.32	56.035
532.67	56.274
533.02	56.584
533.37	56.793
533.71	57.073
534.06	57.275
534.41	57.554
534.75	57.685
535.10	57.840
535.45	57.978
535.79	58.095
536.14	58.425
536.49	58.650
536.83	58.820
537.18	59.015
537.53	59.163
537.87	59.285
538.22	59.435
538.57	59.642
538.91	59.902
539.26	60.149
539.61	60.385
539.95	60.543
540.30	60.649
540.64	60.842
540.99	61.039
541.34	61.150
541.68	61.321
542.03	61.476
542.37	61.666
542.72	61.780
543.07	61.961
543.41	62.225
543.76	62.378
544.10	62.566
544.45	62.709
544.80	62.847
545.14	63.088
545.49	63.286
545.83	63.365
546.18	63.527
546.52	63.739
546.87	63.900
547.21	64.018
547.56	64.226
547.90	64.419
548.25	64.596
548.59	64.734
548.94	64.879
549.29	64.927
549.63	65.144
549.98	65.332
550.32	65.428
550.67	65.628
551.01	65.756
551.35	65.844
551.70	65.896
552.04	65.917
552.39	66.144
552.73	66.327
553.08	66.622
553.42	66.701
553.77	66.720
554.11	66.838
554.46	66.819
554.80	66.799
555.15	66.824
555.49	66.994
555.83	67.075
556.18	67.076
556.52	67.002
556.87	67.049
557.21	67.124
557.56	67.245
557.90	67.368
558.24	67.572
558.59	67.776
558.93	67.952
559.28	68.003
559.62	68.258
559.96	68.328
560.31	68.371
560.65	68.430
560.99	68.641
561.34	68.712
561.68	68.965
562.02	68.897
562.37	69.019
562.71	69.199
563.06	69.372
563.40	69.503
563.74	69.677
564.09	69.984
564.43	70.150
564.77	70.220
565.11	70.386
565.46	70.399
565.80	70.580
566.14	70.637
566.49	70.688
566.83	70.783
567.17	70.842
567.52	71.080
567.86	71.104
568.20	71.182
568.54	71.327
568.89	71.447
569.23	71.519
569.57	71.680
569.91	71.695
570.26	71.877
570.60	71.962
570.94	72.032
571.28	72.029
571.63	72.153
571.97	72.271
572.31	72.348
572.65	72.332
573.00	72.387
573.34	72.416
573.68	72.570
574.02	72.649
574.36	72.756
574.71	72.886
575.05	72.828
575.39	72.771
575.73	72.839
576.07	72.921
576.42	72.987
576.76	73.097
577.10	73.225
577.44	73.245
577.78	73.258
578.12	73.358
578.46	73.466
578.81	73.682
579.15	73.885
579.49	73.888
579.83	74.001
580.17	74.232
580.51	74.251
580.85	74.204
581.20	74.385
581.54	74.392
581.88	74.565
582.22	74.644
582.56	74.552
582.90	74.691
583.24	74.885
583.58	74.904
583.92	74.859
584.26	75.105
584.60	75.336
584.95	75.454
585.29	75.454
585.63	75.630
585.97	75.538
586.31	75.859
586.65	75.990
586.99	76.092
587.33	76.036
587.67	76.185
588.01	76.085
588.35	76.070
588.69	76.181
589.03	76.446
589.37	76.309
589.71	76.406
590.05	76.295
590.39	76.354
590.73	76.440
591.07	76.661
591.41	76.816
591.75	77.196
592.09	77.269
592.43	77.402
592.77	77.474
593.11	77.649
593.45	77.796
593.79	77.908
594.13	77.972
594.47	77.977
594.81	78.026
595.14	78.157
595.48	78.113
595.82	78.241
596.16	78.066
596.50	78.026
596.84	78.056
597.18	78.236
597.52	78.355
597.86	78.289
598.20	78.386
598.54	78.387
598.87	78.365
599.21	78.316
599.55	78.387
599.89	78.728
600.23	78.862
600.57	78.957
600.91	78.945
601.25	79.117
601.58	79.181
601.92	79.313
602.26	79.455
602.60	79.554
602.94	79.616
603.28	79.657
603.61	79.622
603.95	79.877
604.29	79.776
604.63	79.797
604.97	79.676
605.30	79.750
605.64	79.633
605.98	79.757
606.32	79.725
606.66	79.873
606.99	79.862
607.33	79.886
607.67	79.586
608.01	79.771
608.34	79.667
608.68	79.701
609.02	79.683
609.36	79.831
609.69	79.769
610.03	79.867
610.37	79.928
610.71	80.080
611.04	80.206
611.38	80.333
611.72	80.257
612.06	80.487
612.39	80.768
612.73	80.948
613.07	80.969
613.40	81.012
613.74	80.963
614.08	80.954
614.41	80.828
614.75	80.873
615.09	80.877
615.42	80.895
615.76	80.935
616.10	80.858
616.43	80.852
616.77	80.836
617.11	80.851
617.44	80.901
617.78	80.822
618.12	80.859
618.45	80.799
618.79	80.754
619.13	80.864
619.46	80.811
619.80	80.823
620.13	80.848
620.47	80.966
620.81	81.030
621.14	81.070
621.48	81.292
621.81	81.345
622.15	81.335
622.48	81.531
622.82	81.790
623.16	81.900
623.49	81.785
623.83	81.924
624.16	81.877
624.50	82.004
624.83	82.255
625.17	82.190
625.50	82.171
625.84	82.341
626.18	82.450
626.51	82.089
626.85	82.092
627.18	82.022
627.52	81.960
627.85	82.057
628.19	81.838
628.52	81.724
628.86	81.635
629.19	81.846
629.53	81.709
629.86	81.654
630.19	81.922
630.53	81.752
630.86	82.004
631.20	82.130
631.53	82.176
631.87	82.306
632.20	82.315
632.54	82.457
632.87	82.277
633.20	82.315
633.54	82.488
633.87	82.506
634.21	82.671
634.54	82.652
634.88	82.726
635.21	82.528
635.54	82.624
635.88	82.399
636.21	82.401
636.55	82.628
636.88	82.558
637.21	82.323
637.55	82.281
637.88	82.374
638.21	82.239
638.55	82.200
638.88	82.309
639.21	82.415
639.55	82.680
639.88	82.513
640.21	82.369
640.55	82.452
640.88	82.624
641.21	82.587
641.55	82.393
641.88	82.656
642.21	82.646
642.55	82.584
642.88	82.525
643.21	82.554
643.55	82.620
643.88	82.794
644.21	82.844
644.54	82.731
644.88	82.687
645.21	82.730
645.54	82.418
645.87	82.373
646.21	82.434
646.54	82.254
646.87	82.283
647.20	82.271
647.54	81.972
647.87	81.940
648.20	82.088
648.53	82.163
648.87	82.373
649.20	82.616
649.53	82.643
649.86	82.548
650.19	82.699
650.53	82.406
650.86	82.479
651.19	82.488
651.52	82.396
651.85	82.271
652.18	82.346
652.52	82.169
652.85	82.099
653.18	82.196
653.51	82.423
653.84	82.424
654.17	82.437
654.51	82.522
654.84	82.773
655.17	82.814
655.50	82.573
655.83	82.504
656.16	82.538
656.49	82.722
656.82	82.546
657.15	82.545
657.49	82.446
657.82	82.640
658.15	82.718
658.48	82.652
658.81	82.622
659.14	82.812
659.47	82.514
659.80	82.568
660.13	82.261
660.46	82.365
660.79	82.312
661.12	82.522
661.45	82.583
661.78	82.372
662.11	82.435
662.44	82.578
662.77	82.678
663.10	83.280
663.43	83.222
663.76	83.402
664.09	83.228
664.42	83.235
664.75	82.880
665.08	82.622
665.41	82.594
665.74	82.535
666.07	82.399
666.40	82.130
666.73	81.735
667.06	81.790
667.39	81.741
667.72	81.653
668.05	81.362
668.38	81.513
668.71	81.756
669.04	81.460
669.37	81.462
669.70	81.470
670.03	81.652
670.36	81.836
670.69	81.732
671.01	81.806
671.34	82.029
671.67	82.296
672.00	82.089
672.33	81.713
672.66	81.976
672.99	81.837
673.32	81.850
673.64	81.444
673.97	81.286
674.30	81.064
674.63	81.299
674.96	81.390
675.29	81.275
675.62	81.642
675.94	81.932
676.27	81.926
676.60	82.055
676.93	81.814
677.26	82.199
677.58	82.094
677.91	82.275
678.24	82.066
678.57	81.660
678.90	81.831
679.22	81.649
679.55	81.506
679.88	81.562
680.21	81.546
680.54	81.607
680.86	81.737
681.19	81.750
681.52	81.944
681.85	81.840
682.17	81.864
682.50	81.672
682.83	81.627
683.16	81.813
683.48	81.647
683.81	81.343
684.14	81.666
684.46	81.450
684.79	81.471
685.12	81.388
685.45	81.261
685.77	81.480
686.10	81.580
686.43	81.816
686.75	81.454
687.08	81.495
687.41	81.620
687.73	81.115
688.06	80.923
688.39	81.108
688.71	81.058
689.04	81.078
689.36	80.636
689.69	80.535
690.02	80.332
690.34	80.083
690.67	80.004
691.00	79.933
691.32	80.320
691.65	80.184
691.97	80.061
692.30	79.552
692.63	79.682
692.95	79.793
693.28	79.740
693.60	79.354
693.93	79.666
694.26	79.635
694.58	79.383
694.91	79.028
695.23	79.327
695.56	79.017
695.88	79.360
696.21	79.230
696.53	79.377
696.86	79.275
697.18	79.360
697.51	79.277
697.83	79.218
698.16	79.474
698.48	79.314
698.81	79.154
699.13	79.244
699.46	78.738
699.78	78.677
700.11	78.591
700.43	78.587
700.76	78.327
701.08	78.285
701.41	78.220
701.73	77.821
702.06	77.978
702.38	78.227
702.71	78.145
703.03	78.630
703.35	78.755
703.68	78.953
704.00	78.994
704.33	78.783
704.65	78.884
704.98	78.763
705.30	78.970
705.62	79.123
705.95	78.758
706.27	78.831
706.60	78.832
706.92	78.955
707.24	79.109
707.57	79.178
707.89	79.689
708.21	79.511
708.54	79.228
708.86	79.278
709.18	78.880
709.51	79.110
709.83	79.082
710.15	79.012
710.48	79.189
710.80	78.827
711.12	79.159
711.45	78.775
711.77	78.430
712.09	78.465
712.42	78.041
712.74	78.465
713.06	78.083
713.38	77.934
713.71	77.583
714.03	76.650
714.35	76.153
714.68	75.560
715.00	75.526
715.32	75.670
715.64	76.226
715.97	76.761
716.29	76.301
716.61	76.273
716.93	75.963
717.25	75.965
717.58	75.882
717.90	76.015
718.22	75.652
718.54	75.907
718.87	75.857
719.19	75.534
719.51	75.094
719.83	74.754
720.15	74.872
720.47	75.227
720.80	75.224
721.12	74.974
721.44	75.100
721.76	74.950
722.08	74.274
722.40	74.717
722.73	74.964
723.05	74.848
723.37	75.165
723.69	74.526
724.01	73.785
724.33	73.703
724.65	73.942
724.97	74.065
725.30	74.093
725.62	74.852
725.94	74.328
726.26	73.691
726.58	73.698
726.90	73.348
727.22	74.080
727.54	74.346
727.86	74.656
728.18	74.881
728.50	73.865
728.82	73.581
729.14	72.861
729.46	72.277
729.78	72.020
730.10	72.208
730.42	72.873
730.74	72.244
731.07	72.071
731.39	71.472
731.71	70.945
732.03	71.418
732.35	71.323
732.66	71.718
732.98	71.992
733.30	72.259
733.62	71.614
733.94	70.702
734.26	70.391
734.58	71.062
734.90	71.410
735.22	72.033
735.54	71.863
735.86	72.991
736.18	73.081
736.50	73.692
736.82	73.821
737.14	74.321
737.46	74.524
737.78	74.817
738.10	73.487
738.41	73.330
738.73	72.835
739.05	72.594
739.37	71.392
739.69	71.410
740.01	70.372
740.33	69.314
740.65	68.650
740.96	69.006
741.28	69.592
741.60	70.913
741.92	71.419
742.24	71.206
742.56	71.411
742.88	72.103
743.19	71.479
743.51	72.182
743.83	73.297
744.15	73.326
744.47	73.612
744.78	73.437
745.10	71.772
745.42	70.947
745.74	71.359
746.06	71.379
746.37	71.341
746.69	71.067
747.01	70.803
747.33	70.489
747.64	70.242
747.96	69.736
748.28	68.459
748.60	69.187
748.91	69.510
749.23	68.686
749.55	68.251
749.87	68.111
750.18	67.973
750.50	67.920
750.82	68.005
751.13	68.189
751.45	68.405
751.77	69.904
752.08	69.556
752.40	69.273
752.72	68.894
753.03	68.604
753.35	68.553
753.67	69.045
753.98	69.006
754.30	68.874
754.62	69.300
754.93	67.983
755.25	67.153
755.57	67.446
755.88	66.321
756.20	67.127
756.51	67.680
756.83	67.807
757.15	67.342
757.46	66.936
757.78	66.487
758.09	66.385
758.41	66.454
758.73	66.299
759.04	65.479
759.36	66.408
759.67	66.871
759.99	67.318
760.30	66.253
760.62	66.612
760.94	66.884
761.25	67.099
761.57	66.110
761.88	66.396
762.20	66.421
762.51	66.023
762.83	66.351
763.14	65.768
763.46	64.950
763.77	65.085
764.09	64.670
764.40	64.549
764.72	64.405
765.03	65.162
765.35	65.297
765.66	64.741
765.98	64.815
766.29	63.970
766.61	63.948
766.92	63.128
767.23	63.652
767.55	63.744
767.86	63.495
768.18	62.973
768.49	62.166
768.81	61.735
769.12	61.693
769.43	62.202
769.75	61.882
770.06	60.576
770.38	62.214
770.69	60.871
771.00	61.782
771.32	62.632
771.63	62.468
771.94	62.946
772.26	64.512
772.57	64.729
772.89	64.673
773.20	65.197
773.51	65.737
773.83	64.084
774.14	64.266
774.45	64.058
774.77	62.571
775.08	62.003
775.39	61.466
775.70	57.667
776.02	57.970
776.33	56.755
776.64	56.553
776.96	56.170
777.27	57.896
777.58	57.479
777.89	55.241
778.21	55.850
778.52	57.773
778.83	56.731
779.14	59.631
779.46	59.583
779.77	60.980
780.08	61.228
780.39	63.694
780.71	63.228
781.02	63.983
781.33	67.009
781.64	68.137
781.95	65.662
782.27	68.345
782.58	67.866
782.89	67.888
783.20	68.186
783.51	69.443
783.83	67.798
784.14	68.639
784.45	66.659
784.76	64.605
785.07	62.964
785.38	65.525
785.70	63.858
786.01	62.712
786.32	62.132
786.63	61.791
786.94	58.626
787.25	58.065
787.56	56.748
787.87	57.753
788.18	58.376
788.50	58.654
788.81	59.012
789.12	58.779
789.43	58.568
789.74	58.199
790.05	58.904
790.36	61.105
790.67	60.347
790.98	61.091
791.29	62.837
791.60	62.066
791.91	61.793
792.22	57.591
792.53	57.749
792.84	58.043
793.15	58.078
793.46	57.902
793.77	57.254
794.08	57.821
794.39	57.596
794.70	55.075
795.01	55.374
795.32	55.809
795.63	58.771
795.94	57.698
796.25	58.164
796.56	59.169
796.87	57.673
797.18	56.821
797.49	57.566
797.80	55.122
798.11	56.077
798.42	55.014
798.73	54.668
799.04	52.782
799.35	52.952
799.65	53.580
799.96	51.200
800.27	51.565
800.58	51.300
800.89	49.657
801.20	51.569
801.51	50.184
801.82	53.228
802.13	54.025
802.43	54.421
802.74	54.180
803.05	52.425
803.36	52.218
803.67	50.979
803.98	50.061
804.28	50.885
804.59	49.355
804.90	51.195
805.21	51.455
805.52	51.860
805.83	52.778
806.13	52.315
806.44	52.636
806.75	55.106
807.06	56.136
807.36	58.005
807.67	59.183
807.98	60.935
808.29	60.789
808.60	59.876
808.90	57.929
809.21	55.122
809.52	55.954
809.83	58.491
810.13	55.726
810.44	54.964
810.75	54.088
811.05	53.002
811.36	53.439
811.67	53.267
811.98	50.525
812.28	49.671
812.59	51.946
812.90	51.904
813.20	48.363
813.51	49.500
813.82	49.919
814.12	49.126
814.43	49.334
814.74	47.634
815.04	47.923
815.35	52.092
815.65	51.965
815.96	55.206
816.27	55.766
816.57	57.854
816.88	57.966
817.19	58.166
817.49	58.131
817.80	58.157
818.10	57.075
818.41	55.563
818.72	50.655
819.02	51.071
819.33	46.212
819.63	47.552
819.94	46.150
820.24	46.586
820.55	46.679
820.85	48.473
821.16	50.346
821.47	51.224
821.77	51.884
822.08	52.454
822.38	52.605
822.69	53.224
822.99	52.924
823.30	52.956
823.60	53.093
823.91	53.166
824.21	52.909
824.52	52.231
824.82	51.918
825.13	51.795
825.43	52.198
825.73	51.957
826.04	51.784
826.34	51.179
826.65	51.086
826.95	51.514
827.26	50.728
827.56	50.437
827.87	50.593
828.17	51.337
828.47	51.053
828.78	50.066
829.08	50.632
829.39	50.644
829.69	51.263
829.99	51.346
830.30	49.945
830.60	51.594
830.90	53.585
831.21	54.052
831.51	51.357
831.82	48.585
832.12	48.928
832.42	46.991
832.73	47.671
833.03	48.587
833.33	49.202
833.64	50.386
833.94	50.716
834.24	48.986
834.54	47.937
834.85	49.073
835.15	51.550
835.45	53.355
835.76	54.027
836.06	53.737
836.36	52.877
836.66	51.466
836.97	48.840
837.27	45.908
837.57	46.281
837.87	48.944
838.18	49.208
838.48	45.664
838.78	42.679
839.08	43.357
839.39	41.797
839.69	42.608
839.99	44.577
840.29	46.468
840.59	49.199
840.90	49.078
841.20	44.976
841.50	47.463
841.80	46.535
842.10	48.361
842.41	50.061
842.71	54.901
843.01	53.946
843.31	52.082
843.61	50.343
843.91	49.128
844.21	50.363
844.52	52.879
844.82	46.353
845.12	49.186
845.42	45.658
845.72	45.616
846.02	40.441
846.32	37.101
846.62	41.698
846.92	41.871
847.22	46.647
847.52	46.047
847.83	45.551
848.13	50.764
848.43	54.392
848.73	53.519
849.03	54.537
849.33	56.143
849.63	61.384
849.93	58.059
850.23	59.941
850.53	56.622
850.83	54.912
851.13	59.656
851.43	56.552
851.73	57.156
852.03	58.070
852.33	59.404
852.63	61.056
852.93	58.683
853.23	55.518
853.53	52.657
853.83	51.293
854.13	53.882
854.43	45.382
854.73	50.815
855.03	43.536
855.32	39.618
855.62	33.333
855.92	28.401
856.22	30.688
856.52	31.350
856.82	31.325
857.12	41.111
857.42	43.914
857.72	44.891
858.02	39.873
858.31	44.689
858.61	45.376
858.91	49.624
859.21	47.267
859.51	42.356
859.81	44.404
860.11	54.545
860.40	41.107
860.70	34.986
861.00	33.011
861.30	38.696
861.60	30.194
861.90	35.743
862.19	28.475
862.49	30.014
862.79	30.249
863.09	33.190
863.39	25.865
863.68	36.544
863.98	49.419
864.28	49.150
864.58	42.582
864.87	45.748
865.17	42.195
865.47	54.936
865.77	69.024
866.06	77.708
866.36	72.318
866.66	71.447
866.96	67.880
867.25	60.502
867.55	67.517
867.85	68.127
868.14	65.135
868.44	65.740
868.74	56.281
869.03	50.000
869.33	41.289
869.63	40.616
869.92	34.231
870.22	28.475
870.52	40.429
870.81	33.086
871.11	35.478
871.41	43.987
871.70	24.953
872.00	27.407
872.30	25.171
872.59	34.887
872.89	29.940
873.18	29.565
873.48	35.646
873.78	21.883
874.07	25.313
874.37	24.125
874.66	12.817
874.96	31.733
875.25	31.563
875.55	30.085
875.85	14.831
876.14	19.755
876.44	17.962
876.73	12.377
877.03	11.250
877.32	2.191
877.62	-1.411
877.91	7.067
878.21	-10.846
878.50	-11.297
878.80	-11.915
879.09	-4.536
879.39	-21.442
879.68	-13.996
879.98	-10.015
880.27	-7.906
880.57	5.455
880.86	13.145
881.16	24.778
881.45	29.028
881.74	33.657
882.04	35.301
882.33	34.977
882.63	37.649
882.92	41.085
883.22	42.027
883.51	41.164
883.80	41.154
884.10	42.519
884.39	38.998
884.69	38.102
884.98	35.485
885.27	34.737
885.57	37.612
885.86	36.617
886.15	32.431
886.45	30.013
886.74	31.726
887.03	30.231
887.33	26.107
887.62	32.344
887.91	13.402
888.21	30.337
888.50	64.706
888.79	45.205
889.09	-6.383
