190.56	-6700.000
190.94	-6700.000
191.32	-6700.000
191.70	0.000
192.08	-281.818
192.46	-53.480
192.84	-47.085
193.22	-10.465
193.60	10.000
193.98	25.581
194.36	29.333
194.74	63.804
195.13	89.313
195.51	102.632
195.89	706.250
196.27	288.235
196.65	-46.465
197.03	-7700.000
197.40	-570.588
197.78	139.474
198.16	-26.190
198.54	-134.615
198.92	-100.000
199.30	120.000
199.68	89.091
200.06	-73.333
200.44	-1075.000
200.82	27.119
201.20	85.714
201.58	69.767
201.96	392.857
202.34	118.440
202.72	114.744
203.10	75.769
203.48	47.508
203.86	54.514
204.24	47.727
204.62	46.518
205.00	38.462
205.38	36.902
205.76	35.556
206.13	27.529
206.51	24.011
206.89	15.772
207.27	-9.562
207.65	8.475
208.03	1.923
208.41	19.788
208.79	12.849
209.17	-6.793
209.55	-26.689
209.93	-20.222
210.30	-46.361
210.68	-39.173
211.06	-20.445
211.44	-5.273
211.82	-27.664
212.20	-37.172
212.58	-43.713
212.96	-61.416
213.33	-49.590
213.71	-51.400
214.09	-55.992
214.47	-51.606
214.85	-50.118
215.23	-80.872
215.61	-105.479
215.98	-71.838
216.36	-84.062
216.74	-83.380
217.12	-42.824
217.50	-37.947
217.88	-32.783
218.25	-22.828
218.63	-21.959
219.01	-29.678
219.39	-9.946
219.77	-2.488
220.14	-2.854
220.52	6.292
220.90	12.261
221.28	8.841
221.66	6.679
222.03	9.107
222.41	7.328
222.79	11.210
223.17	19.918
223.55	17.145
223.92	14.496
224.30	8.663
224.68	4.691
225.06	1.622
225.43	3.888
225.81	3.415
226.19	5.395
226.57	4.083
226.95	4.762
227.32	3.395
227.70	3.381
228.08	2.139
228.46	2.071
228.83	1.292
229.21	0.016
229.59	-1.021
229.96	-0.280
230.34	-1.273
230.72	-1.695
231.10	-1.845
231.47	-1.128
231.85	-1.819
232.23	-1.186
232.60	-0.097
232.98	1.247
233.36	3.578
233.74	3.481
234.11	4.178
234.49	4.060
234.87	5.139
235.24	4.011
235.62	2.751
236.00	3.004
236.37	3.102
236.75	2.275
237.13	2.126
237.50	1.425
237.88	1.237
238.26	0.874
238.63	1.202
239.01	1.588
239.39	1.845
239.76	2.048
240.14	2.280
240.52	2.093
240.89	2.765
241.27	2.440
241.65	2.021
242.02	2.448
242.40	3.036
242.77	3.031
243.15	3.070
243.53	2.805
243.90	2.913
244.28	2.947
244.66	3.545
245.03	3.732
245.41	3.585
245.78	3.896
246.16	4.012
246.54	3.852
246.91	3.521
247.29	3.316
247.66	3.432
248.04	3.467
248.41	3.529
248.79	3.206
249.17	3.136
249.54	3.760
249.92	3.710
250.29	3.509
250.67	2.795
251.04	3.203
251.42	3.790
251.80	4.006
252.17	4.153
252.55	4.236
252.92	4.220
253.30	4.188
253.67	3.601
254.05	3.670
254.42	3.462
254.80	3.539
255.17	3.247
255.55	2.183
255.92	1.975
256.30	1.579
256.67	1.422
257.05	1.153
257.42	1.134
257.80	1.359
258.17	0.993
258.55	1.175
258.92	1.337
259.30	1.179
259.67	1.195
260.05	1.213
260.42	1.065
260.80	0.975
261.17	1.055
261.55	1.060
261.92	1.092
262.30	1.429
262.67	1.167
263.05	0.804
263.42	0.952
263.79	1.144
264.17	1.608
264.54	1.423
264.92	1.732
265.29	1.582
265.67	1.818
266.04	1.678
266.42	1.855
266.79	2.184
267.16	2.726
267.54	2.380
267.91	2.387
268.29	2.070
268.66	2.188
269.03	1.686
269.41	1.966
269.78	1.672
270.16	1.401
270.53	1.322
270.90	1.115
271.28	0.746
271.65	1.216
272.03	1.304
272.40	1.201
272.77	1.205
273.15	1.304
273.52	1.036
273.89	0.878
274.27	0.938
274.64	0.811
275.01	0.856
275.39	0.974
275.76	0.829
276.14	0.719
276.51	0.737
276.88	1.259
277.26	1.465
277.63	1.724
278.00	1.947
278.38	1.845
278.75	1.831
279.12	1.747
279.49	1.926
279.87	1.851
280.24	1.899
280.61	1.772
280.99	1.500
281.36	1.253
281.73	1.090
282.11	1.041
282.48	1.328
282.85	1.393
283.22	1.443
283.60	1.245
283.97	1.075
284.34	0.854
284.71	1.037
285.09	1.005
285.46	1.060
285.83	1.443
286.21	1.365
286.58	1.240
286.95	1.297
287.32	1.383
287.70	1.648
288.07	1.870
288.44	2.158
288.81	2.239
289.18	2.380
289.56	2.453
289.93	2.300
290.30	2.508
290.67	2.510
291.05	2.370
291.42	2.224
291.79	2.115
292.16	2.265
292.53	2.269
292.91	2.284
293.28	2.032
293.65	1.978
294.02	1.935
294.39	1.827
294.76	2.019
295.14	2.065
295.51	2.201
295.88	2.207
296.25	2.143
296.62	2.128
297.00	2.079
297.37	2.252
297.74	2.262
298.11	2.112
298.48	2.189
298.85	2.172
299.22	2.296
299.60	2.224
299.97	2.234
300.34	2.215
300.71	2.216
301.08	2.194
301.45	2.228
301.82	2.448
302.19	2.747
302.56	2.797
302.94	2.780
303.31	2.577
303.68	2.887
304.05	2.901
304.42	3.062
304.79	3.081
305.16	3.204
305.53	3.261
305.90	3.016
306.27	2.819
306.64	2.832
307.02	2.752
307.39	3.074
307.76	2.757
308.13	2.887
308.50	2.694
308.87	2.496
309.24	2.459
309.61	2.420
309.98	2.687
310.35	2.860
310.72	2.724
311.09	2.794
311.46	2.408
311.83	2.607
312.20	2.550
312.57	2.540
312.94	2.735
313.31	2.757
313.68	2.758
314.05	2.714
314.42	2.581
314.79	2.531
315.16	2.534
315.53	2.802
315.90	2.645
316.27	2.512
316.64	2.532
317.01	2.670
317.38	2.676
317.75	2.698
318.12	2.438
318.49	2.661
318.86	2.782
319.23	3.011
319.60	3.178
319.97	3.587
320.34	4.056
320.71	4.093
321.08	4.210
321.45	4.617
321.82	5.084
322.19	5.692
322.55	5.792
322.92	6.210
323.29	6.300
323.66	6.572
324.03	6.615
324.40	6.941
324.77	7.627
325.14	8.079
325.51	8.372
325.88	8.598
326.25	9.165
326.61	9.811
326.98	10.467
327.35	11.147
327.72	11.743
328.09	12.524
328.46	12.980
328.83	13.614
329.20	14.239
329.56	14.680
329.93	15.357
330.30	15.951
330.67	16.533
331.04	17.277
331.41	17.909
331.78	18.655
332.14	19.243
332.51	19.826
332.88	20.254
333.25	20.612
333.62	21.131
333.99	21.422
334.35	21.865
334.72	22.476
335.09	22.597
335.46	23.049
335.83	23.073
336.19	23.472
336.56	23.695
336.93	24.033
337.30	24.552
337.67	24.849
338.03	25.215
338.40	25.223
338.77	25.228
339.14	25.478
339.50	25.363
339.87	25.567
340.24	25.514
340.61	25.615
340.97	25.590
341.34	25.506
341.71	25.619
342.08	25.780
342.44	26.063
342.81	26.138
343.18	26.275
343.55	26.406
343.91	26.368
344.28	26.425
344.65	26.519
345.02	26.663
345.38	26.534
345.75	26.499
346.12	26.401
346.48	26.363
346.85	26.411
347.22	26.317
347.59	26.345
347.95	26.403
348.32	26.098
348.69	26.073
349.05	25.984
349.42	25.938
349.79	26.043
350.15	26.189
350.52	26.197
350.89	26.038
351.25	26.047
351.62	25.922
351.99	26.005
352.35	26.386
352.72	26.433
353.09	26.361
353.45	26.464
353.82	26.412
354.18	26.230
354.55	25.946
354.92	25.895
355.28	25.956
355.65	25.915
356.02	25.963
356.38	25.940
356.75	25.839
357.11	25.883
357.48	25.837
357.85	25.855
358.21	25.915
358.58	25.919
358.94	26.028
359.31	25.946
359.67	26.015
360.04	25.897
360.41	25.837
360.77	25.946
361.14	25.977
361.50	26.055
361.87	26.064
362.23	26.094
362.60	26.233
362.97	26.303
363.33	26.380
363.70	26.599
364.06	26.690
364.43	26.766
364.79	26.801
365.16	26.881
365.52	26.960
365.89	27.059
366.25	27.170
366.62	27.199
366.98	27.092
367.35	27.120
367.71	27.047
368.08	27.206
368.44	27.306
368.81	27.331
369.17	27.269
369.54	27.198
369.90	27.152
370.27	27.186
370.63	27.264
371.00	27.462
371.36	27.597
371.73	27.630
372.09	27.572
372.45	27.697
372.82	27.752
373.18	27.795
373.55	28.116
373.91	28.204
374.28	28.389
374.64	28.511
375.01	28.509
375.37	28.618
375.73	28.820
376.10	28.981
376.46	29.047
376.83	29.203
377.19	29.479
377.55	29.582
377.92	29.764
378.28	29.770
378.65	29.873
379.01	30.160
379.37	30.206
379.74	30.313
380.10	30.572
380.47	30.717
380.83	30.940
381.19	31.105
381.56	31.181
381.92	31.418
382.28	31.722
382.65	32.047
383.01	32.182
383.37	32.531
383.74	32.753
384.10	32.971
384.46	33.231
384.83	33.488
385.19	33.608
385.55	33.873
385.92	34.006
386.28	34.184
386.64	34.406
387.01	34.645
387.37	34.834
387.73	35.076
388.10	35.117
388.46	35.400
388.82	35.542
389.18	35.863
389.55	36.102
389.91	36.384
390.27	36.642
390.64	36.786
391.00	37.021
391.36	37.185
391.72	37.298
392.09	37.719
392.45	37.879
392.81	38.118
393.17	38.316
393.54	38.504
393.90	38.737
394.26	38.984
394.62	39.210
394.99	39.396
395.35	39.566
395.71	39.864
396.07	39.972
396.43	40.295
396.80	40.556
397.16	40.896
397.52	41.127
397.88	41.361
398.24	41.553
398.61	41.861
398.97	42.143
399.33	42.601
399.69	42.866
400.05	43.243
400.42	43.472
400.78	43.750
401.14	43.981
401.50	44.264
401.86	44.616
402.22	44.886
402.59	45.187
402.95	45.509
403.31	45.744
403.67	45.991
404.03	46.176
404.39	46.412
404.75	46.749
405.12	46.989
405.48	47.233
405.84	47.440
406.20	47.699
406.56	47.858
406.92	48.147
407.28	48.398
407.64	48.611
408.00	48.896
408.36	49.142
408.73	49.362
409.09	49.631
409.45	49.945
409.81	50.125
410.17	50.386
410.53	50.754
410.89	50.902
411.25	51.115
411.61	51.409
411.97	51.772
412.33	51.963
412.69	51.969
413.05	52.182
413.41	52.444
413.77	52.761
414.13	53.013
414.50	53.107
414.86	53.288
415.22	53.456
415.58	53.681
415.94	53.753
416.30	54.044
416.66	54.281
417.02	54.402
417.38	54.436
417.74	54.592
418.10	54.834
418.46	54.985
418.82	55.178
419.18	55.338
419.54	55.419
419.90	55.618
420.26	55.806
420.61	56.016
420.97	56.136
421.33	56.314
421.69	56.557
422.05	56.516
422.41	56.794
422.77	56.933
423.13	57.130
423.49	57.232
423.85	57.294
424.21	57.316
424.57	57.454
424.93	57.634
425.29	57.704
425.65	57.714
426.01	57.906
426.36	57.886
426.72	58.058
427.08	58.113
427.44	58.295
427.80	58.590
428.16	58.663
428.52	58.886
428.88	59.045
429.24	59.349
429.59	59.604
429.95	59.738
430.31	59.920
430.67	59.951
431.03	60.113
431.39	60.247
431.75	60.266
432.10	60.620
432.46	60.538
432.82	60.707
433.18	60.777
433.54	60.817
433.90	61.092
434.25	61.169
434.61	61.307
434.97	61.515
435.33	61.822
435.69	61.860
436.04	61.947
436.40	62.204
436.76	62.210
437.12	62.329
437.48	62.446
437.83	62.546
438.19	62.705
438.55	62.835
438.91	62.966
439.27	62.990
439.62	63.354
439.98	63.385
440.34	63.512
440.70	63.656
441.05	63.755
441.41	63.870
441.77	64.033
442.13	64.077
442.48	64.139
442.84	64.120
443.20	64.233
443.56	64.212
443.91	64.373
444.27	64.487
444.63	64.562
444.98	64.693
445.34	64.662
445.70	64.602
446.05	64.813
446.41	64.921
446.77	65.132
447.13	65.120
447.48	65.169
447.84	65.140
448.20	65.206
448.55	65.349
448.91	65.338
449.27	65.563
449.62	65.584
449.98	65.597
450.34	65.689
450.69	65.572
451.05	65.688
451.40	65.609
451.76	65.670
452.12	65.463
452.47	65.498
452.83	65.458
453.19	65.432
453.54	65.400
453.90	65.379
454.25	65.316
454.61	65.407
454.97	65.354
455.32	65.314
455.68	65.262
456.03	65.433
456.39	65.365
456.75	65.598
457.10	65.577
457.46	65.718
457.81	65.715
458.17	65.809
458.52	65.770
458.88	65.805
459.24	65.881
459.59	65.973
459.95	65.975
460.30	65.973
460.66	65.849
461.01	65.842
461.37	65.842
461.72	65.881
462.08	65.819
462.43	65.955
462.79	66.001
463.14	66.050
463.50	66.081
463.85	66.144
464.21	66.080
464.56	66.208
464.92	66.150
465.27	66.115
465.63	66.036
465.98	66.124
466.34	66.059
466.69	66.139
467.05	66.197
467.40	66.099
467.76	66.100
468.11	66.106
468.47	66.102
468.82	66.171
469.18	66.159
469.53	66.247
469.88	66.134
470.24	66.107
470.59	66.179
470.95	66.164
471.30	66.255
471.66	66.209
472.01	66.315
472.36	66.216
472.72	66.243
473.07	66.286
473.43	66.296
473.78	66.283
474.13	66.272
474.49	66.224
474.84	66.327
475.19	66.280
475.55	66.321
475.90	66.309
476.26	66.348
476.61	66.446
476.96	66.522
477.32	66.659
477.67	66.789
478.02	66.873
478.38	66.903
478.73	66.875
479.08	66.983
479.44	67.007
479.79	67.099
480.14	67.216
480.50	67.207
480.85	67.269
481.20	67.173
481.56	67.192
481.91	67.303
482.26	67.354
482.62	67.346
482.97	67.403
483.32	67.400
483.67	67.371
484.03	67.361
484.38	67.405
484.73	67.352
485.08	67.384
485.44	67.377
485.79	67.307
486.14	67.222
486.49	67.236
486.85	67.191
487.20	67.210
487.55	67.288
487.90	67.316
488.26	67.238
488.61	67.326
488.96	67.296
489.31	67.272
489.67	67.304
490.02	67.351
490.37	67.444
490.72	67.471
491.07	67.585
491.43	67.543
491.78	67.513
492.13	67.607
492.48	67.649
492.83	67.744
493.19	67.844
493.54	67.938
493.89	68.024
494.24	67.974
494.59	67.990
494.94	67.899
495.29	68.017
495.65	68.034
496.00	68.047
496.35	68.002
496.70	68.055
497.05	68.196
497.40	68.297
497.75	68.393
498.11	68.416
498.46	68.526
498.81	68.600
499.16	68.693
499.51	68.821
499.86	68.825
500.21	68.961
500.56	69.131
500.91	69.132
501.26	69.093
501.62	69.046
501.97	69.179
502.32	69.285
502.67	69.466
503.02	69.516
503.37	69.630
503.72	69.652
504.07	69.654
504.42	69.544
504.77	69.564
505.12	69.559
505.47	69.595
505.82	69.583
506.17	69.602
506.52	69.568
506.87	69.560
507.22	69.513
507.57	69.625
507.92	69.657
508.27	69.731
508.62	69.828
508.97	69.896
509.32	70.022
509.67	70.095
510.02	70.053
510.37	70.076
510.72	70.191
511.07	70.353
511.42	70.347
511.77	70.436
512.12	70.540
512.47	70.540
512.82	70.726
513.17	70.825
513.52	70.948
513.87	71.060
514.22	71.221
514.57	71.166
514.91	71.171
515.26	71.434
515.61	71.413
515.96	71.477
516.31	71.580
516.66	71.579
517.01	71.561
517.36	71.572
517.71	71.628
518.06	71.711
518.41	71.741
518.75	71.766
519.10	71.859
519.45	72.014
519.80	72.177
520.15	72.189
520.50	72.278
520.85	72.453
521.19	72.653
521.54	72.718
521.89	72.708
522.24	72.972
522.59	73.107
522.94	72.963
523.28	73.150
523.63	73.190
523.98	73.320
524.33	73.367
524.68	73.564
525.03	73.568
525.37	73.740
525.72	73.807
526.07	73.911
526.42	74.002
526.76	74.280
527.11	74.336
527.46	74.454
527.81	74.629
528.16	74.815
528.50	74.814
528.85	74.855
529.20	74.883
529.55	75.006
529.89	75.080
530.24	75.196
530.59	75.208
530.94	75.423
531.28	75.486
531.63	75.518
531.98	75.462
532.32	75.524
532.67	75.794
533.02	75.894
533.37	76.022
533.71	76.142
534.06	76.232
534.41	76.321
534.75	76.282
535.10	76.310
535.45	76.429
535.79	76.523
536.14	76.711
536.49	76.758
536.83	76.858
537.18	76.845
537.53	76.877
537.87	76.873
538.22	76.905
538.57	76.925
538.91	77.123
539.26	77.195
539.61	77.238
539.95	77.303
540.30	77.306
540.64	77.418
540.99	77.570
541.34	77.642
541.68	77.723
542.03	77.885
542.37	77.988
542.72	78.027
543.07	78.103
543.41	78.301
543.76	78.281
544.10	78.307
544.45	78.321
544.80	78.260
545.14	78.304
545.49	78.530
545.83	78.480
546.18	78.530
546.52	78.655
546.87	78.784
547.21	78.935
547.56	79.122
547.90	79.302
548.25	79.409
548.59	79.578
548.94	79.674
549.29	79.643
549.63	79.800
549.98	79.908
550.32	79.956
550.67	80.014
551.01	79.905
551.35	79.867
551.70	79.923
552.04	79.937
552.39	80.124
552.73	80.237
553.08	80.336
553.42	80.330
553.77	80.270
554.11	80.354
554.46	80.431
554.80	80.548
555.15	80.663
555.49	80.739
555.83	80.985
556.18	80.863
556.52	80.789
556.87	80.828
557.21	80.933
557.56	81.046
557.90	81.063
558.24	80.987
558.59	80.898
558.93	81.041
559.28	80.977
559.62	81.003
559.96	81.091
560.31	81.155
560.65	81.212
560.99	81.337
561.34	81.518
561.68	81.696
562.02	81.786
562.37	81.897
562.71	81.901
563.06	81.964
563.40	82.014
563.74	82.077
564.09	82.173
564.43	82.309
564.77	82.251
565.11	82.243
565.46	82.132
565.80	82.049
566.14	82.157
566.49	82.239
566.83	82.328
567.17	82.346
567.52	82.428
567.86	82.513
568.20	82.438
568.54	82.574
568.89	82.647
569.23	82.666
569.57	82.901
569.91	82.919
570.26	82.862
570.60	82.720
570.94	82.630
571.28	82.701
571.63	82.761
571.97	82.657
572.31	82.602
572.65	82.619
573.00	82.700
573.34	82.521
573.68	82.573
574.02	82.717
574.36	82.803
574.71	82.987
575.05	82.889
575.39	82.739
575.73	82.959
576.07	83.103
576.42	83.133
576.76	83.092
577.10	83.336
577.44	83.277
577.78	83.156
578.12	83.107
578.46	82.906
578.81	82.941
579.15	83.062
579.49	83.072
579.83	83.025
580.17	83.000
580.51	82.862
580.85	82.826
581.20	83.012
581.54	83.008
581.88	83.277
582.22	83.471
582.56	83.502
582.90	83.389
583.24	83.232
583.58	83.290
583.92	83.228
584.26	83.575
584.60	83.551
584.95	83.357
585.29	83.318
585.63	83.348
585.97	83.364
586.31	83.493
586.65	83.820
586.99	84.015
587.33	83.970
587.67	84.134
588.01	84.066
588.35	84.121
588.69	84.330
589.03	84.539
589.37	84.627
589.71	84.738
590.05	84.645
590.39	84.455
590.73	84.534
591.07	84.636
591.41	84.747
591.75	84.721
592.09	84.799
592.43	84.888
592.77	84.890
593.11	84.782
593.45	84.701
593.79	84.622
594.13	84.659
594.47	84.646
594.81	84.684
595.14	84.623
595.48	84.638
595.82	84.620
596.16	84.487
596.50	84.496
596.84	84.533
597.18	84.618
597.52	84.819
597.86	84.741
598.20	84.667
598.54	84.645
598.87	84.885
599.21	84.976
599.55	84.863
599.89	84.884
600.23	84.947
600.57	84.996
600.91	84.838
601.25	84.942
601.58	85.007
601.92	85.022
602.26	84.789
602.60	84.568
602.94	84.590
603.28	84.700
603.61	84.821
603.95	84.842
604.29	84.782
604.63	84.943
604.97	84.831
605.30	84.993
605.64	85.083
605.98	85.303
606.32	85.173
606.66	85.159
606.99	85.044
607.33	84.940
607.67	84.694
608.01	84.785
608.34	84.859
608.68	84.813
609.02	84.764
609.36	84.825
609.69	84.745
610.03	84.891
610.37	84.803
610.71	85.034
611.04	85.147
611.38	85.395
611.72	85.428
612.06	85.324
612.39	85.516
612.73	85.565
613.07	85.563
613.40	85.668
613.74	85.713
614.08	85.935
614.41	85.699
614.75	85.598
615.09	85.749
615.42	85.637
615.76	85.530
616.10	85.283
616.43	85.200
616.77	85.137
617.11	85.099
617.44	85.051
617.78	84.855
618.12	84.954
618.45	84.873
618.79	84.560
619.13	84.628
619.46	84.863
619.80	85.054
620.13	85.133
620.47	85.124
620.81	85.110
621.14	85.070
621.48	85.191
621.81	85.250
622.15	85.137
622.48	85.303
622.82	85.270
623.16	85.209
623.49	85.140
623.83	85.085
624.16	85.049
624.50	85.014
624.83	85.328
625.17	85.441
625.50	85.417
625.84	85.812
626.18	85.764
626.51	85.659
626.85	85.607
627.18	85.589
627.52	85.510
627.85	85.596
628.19	85.506
628.52	85.370
628.86	85.282
629.19	85.418
629.53	85.399
629.86	85.572
630.19	85.738
630.53	85.712
630.86	85.887
631.20	86.065
631.53	86.186
631.87	86.383
632.20	86.350
632.54	86.417
632.87	86.420
633.20	86.345
633.54	86.378
633.87	86.323
634.21	86.321
634.54	86.360
634.88	86.497
635.21	86.323
635.54	86.390
635.88	86.399
636.21	86.623
636.55	86.659
636.88	86.513
637.21	86.434
637.55	86.611
637.88	86.688
638.21	86.372
638.55	86.182
638.88	86.133
639.21	86.230
639.55	86.332
639.88	85.892
640.21	85.776
640.55	85.868
640.88	85.817
641.21	85.757
641.55	85.842
641.88	86.035
642.21	86.250
642.55	86.345
642.88	86.239
643.21	86.183
643.55	86.435
643.88	86.438
644.21	86.475
644.54	86.491
644.88	86.440
645.21	86.316
645.54	86.229
645.87	86.091
646.21	86.075
646.54	86.260
646.87	86.160
647.20	85.842
647.54	85.514
647.87	85.571
648.20	85.709
648.53	85.575
648.87	85.780
649.20	85.864
649.53	85.808
649.86	85.738
650.19	85.609
650.53	85.582
650.86	85.691
651.19	85.834
651.52	85.660
651.85	85.555
652.18	85.546
652.52	85.404
652.85	85.142
653.18	85.315
653.51	85.514
653.84	85.506
654.17	85.617
654.51	85.689
654.84	85.797
655.17	85.831
655.50	85.677
655.83	85.642
656.16	85.866
656.49	86.315
656.82	86.251
657.15	86.127
657.49	86.286
657.82	86.223
658.15	86.441
658.48	86.420
658.81	86.670
659.14	86.827
659.47	86.777
659.80	86.605
660.13	86.415
660.46	86.313
660.79	86.393
661.12	86.250
661.45	86.200
661.78	86.040
662.11	86.213
662.44	86.099
662.77	86.099
663.10	86.260
663.43	86.146
663.76	86.273
664.09	86.224
664.42	86.057
664.75	85.969
665.08	85.999
665.41	85.932
665.74	85.738
666.07	85.479
666.40	85.043
666.73	85.011
667.06	85.030
667.39	84.745
667.72	84.492
668.05	84.510
668.38	84.536
668.71	84.569
669.04	84.424
669.37	84.491
669.70	84.483
670.03	84.745
670.36	84.982
670.69	84.741
671.01	84.729
671.34	84.952
671.67	85.186
672.00	84.976
672.33	84.672
672.66	84.860
672.99	84.763
673.32	85.089
673.64	85.126
673.97	84.897
674.30	85.071
674.63	85.260
674.96	85.091
675.29	84.763
675.62	85.240
675.94	85.647
676.27	85.446
676.60	85.545
676.93	85.277
677.26	85.205
677.58	85.297
677.91	85.146
678.24	84.927
678.57	85.184
678.90	85.440
679.22	85.041
679.55	84.771
679.88	84.657
680.21	84.589
680.54	84.472
680.86	84.316
681.19	84.025
681.52	84.415
681.85	84.392
682.17	84.176
682.50	84.286
682.83	84.119
683.16	84.406
683.48	84.413
683.81	84.500
684.14	84.720
684.46	84.848
684.79	85.075
685.12	84.874
685.45	85.168
685.77	85.334
686.10	84.811
686.43	85.213
686.75	84.840
687.08	85.002
687.41	84.990
687.73	84.856
688.06	84.916
688.39	84.955
688.71	84.728
689.04	84.636
689.36	84.355
689.69	84.251
690.02	83.839
690.34	83.865
690.67	83.903
691.00	83.609
691.32	83.752
691.65	83.859
691.97	84.154
692.30	84.299
692.63	84.370
692.95	84.701
693.28	85.129
693.60	85.027
693.93	85.010
694.26	85.051
694.58	84.967
694.91	84.267
695.23	83.953
695.56	83.770
695.88	83.734
696.21	83.252
696.53	83.116
696.86	82.700
697.18	83.026
697.51	82.973
697.83	82.808
698.16	82.959
698.48	83.101
698.81	82.945
699.13	82.850
699.46	82.805
699.78	82.972
700.11	82.923
700.43	83.393
700.76	83.173
701.08	83.175
701.41	83.195
701.73	82.987
702.06	83.394
702.38	83.911
702.71	83.677
703.03	83.855
703.35	84.021
703.68	84.165
704.00	83.762
704.33	83.310
704.65	83.064
704.98	82.589
705.30	82.727
705.62	82.461
705.95	82.177
706.27	82.425
706.60	82.286
706.92	82.082
707.24	82.079
707.57	82.254
707.89	82.800
708.21	83.375
708.54	83.355
708.86	83.322
709.18	83.322
709.51	83.441
709.83	83.139
710.15	82.665
710.48	82.869
710.80	82.741
711.12	82.532
711.45	82.594
711.77	82.235
712.09	82.302
712.42	82.157
712.74	81.750
713.06	81.258
713.38	81.393
713.71	81.605
714.03	80.905
714.35	80.621
714.68	80.907
715.00	80.650
715.32	80.315
715.64	80.480
715.97	80.669
716.29	80.815
716.61	80.647
716.93	80.615
717.25	80.060
717.58	80.596
717.90	80.450
718.22	79.962
718.54	80.322
718.87	80.280
719.19	80.530
719.51	79.766
719.83	80.048
720.15	80.697
720.47	80.176
720.80	80.675
721.12	80.111
721.44	79.832
721.76	79.360
722.08	78.363
722.40	78.746
722.73	78.328
723.05	78.638
723.37	78.035
723.69	77.273
724.01	77.648
724.33	77.329
724.65	77.331
724.97	77.298
725.30	77.086
725.62	77.588
725.94	77.072
726.26	76.574
726.58	77.090
726.90	77.288
727.22	78.112
727.54	77.181
727.86	77.376
728.18	77.257
728.50	77.216
728.82	77.077
729.14	76.474
729.46	76.206
729.78	76.107
730.10	75.579
730.42	75.223
730.74	74.021
731.07	74.444
731.39	74.813
731.71	74.887
732.03	75.257
732.35	76.025
732.66	76.367
732.98	76.321
733.30	76.728
733.62	76.410
733.94	76.635
734.26	76.618
734.58	77.059
734.90	77.023
735.22	77.948
735.54	77.324
735.86	76.819
736.18	76.662
736.50	77.406
736.82	77.390
737.14	77.880
737.46	77.191
737.78	77.333
738.10	76.277
738.41	75.002
738.73	73.990
739.05	74.308
739.37	73.773
739.69	74.064
740.01	73.428
740.33	73.076
740.65	72.094
740.96	73.030
741.28	72.861
741.60	74.005
741.92	73.811
742.24	74.221
742.56	74.052
742.88	74.061
743.19	74.018
743.51	74.184
743.83	73.927
744.15	74.516
744.47	73.816
744.78	74.091
745.10	73.076
745.42	73.865
745.74	72.838
746.06	72.014
746.37	73.192
746.69	72.573
747.01	72.606
747.33	73.011
747.64	72.783
747.96	72.543
748.28	72.243
748.60	72.580
748.91	72.554
749.23	72.280
749.55	73.106
749.87	72.232
750.18	72.367
750.50	72.420
750.82	72.530
751.13	73.135
751.45	73.722
751.77	73.974
752.08	73.648
752.40	73.134
752.72	72.163
753.03	71.748
753.35	72.422
753.67	72.625
753.98	72.163
754.30	71.632
754.62	70.390
754.93	69.705
755.25	69.198
755.57	69.746
755.88	70.304
756.20	72.684
756.51	72.421
756.83	71.854
757.15	71.569
757.46	71.358
757.78	70.849
758.09	71.145
758.41	71.031
758.73	71.494
759.04	70.026
759.36	70.169
759.67	68.553
759.99	68.749
760.30	67.599
760.62	67.751
760.94	67.110
761.25	67.700
761.57	67.449
761.88	67.989
762.20	68.591
762.51	68.225
762.83	67.971
763.14	67.983
763.46	68.027
763.77	68.537
764.09	68.302
764.40	69.247
764.72	69.469
765.03	70.041
765.35	69.791
765.66	69.695
765.98	70.593
766.29	70.087
766.61	70.709
766.92	69.813
767.23	70.986
767.55	71.544
767.86	70.454
768.18	70.145
768.49	69.904
768.81	70.045
769.12	69.568
769.43	69.632
769.75	69.340
770.06	68.925
770.38	70.244
770.69	68.216
771.00	67.672
771.32	68.303
771.63	68.442
771.94	67.971
772.26	68.666
772.57	68.554
772.89	69.541
773.20	70.799
773.51	70.016
773.83	69.886
774.14	70.143
774.45	69.972
774.77	69.904
775.08	69.261
775.39	68.039
775.70	66.295
776.02	65.903
776.33	63.576
776.64	63.594
776.96	64.591
777.27	65.623
777.58	65.119
777.89	63.839
778.21	64.824
778.52	64.439
778.83	65.009
779.14	67.029
779.46	67.342
779.77	67.812
780.08	67.680
780.39	68.582
780.71	66.905
781.02	68.447
781.33	69.521
781.64	69.304
781.95	69.842
782.27	70.614
782.58	69.292
782.89	68.291
783.20	67.599
783.51	68.043
783.83	64.470
784.14	65.315
784.45	62.754
784.76	61.669
785.07	60.130
785.38	61.406
785.70	60.928
786.01	60.088
786.32	61.157
786.63	61.813
786.94	59.782
787.25	61.326
787.56	61.167
787.87	62.468
788.18	63.684
788.50	63.378
788.81	62.230
789.12	63.474
789.43	62.933
789.74	62.294
790.05	63.623
790.36	64.370
790.67	64.590
790.98	66.040
791.29	67.034
791.60	66.156
791.91	66.553
792.22	67.133
792.53	64.319
792.84	66.125
793.15	65.957
793.46	63.768
793.77	64.651
794.08	64.481
794.39	63.111
794.70	62.299
795.01	63.653
795.32	63.871
795.63	61.892
795.94	64.166
796.25	63.768
796.56	62.393
796.87	62.379
797.18	61.465
797.49	61.607
797.80	60.472
798.11	60.387
798.42	58.215
798.73	59.155
799.04	61.059
799.35	58.749
799.65	58.317
799.96	60.243
800.27	61.144
800.58	62.650
800.89	62.286
801.20	62.122
801.51	62.610
801.82	62.478
802.13	60.128
802.43	58.726
802.74	59.874
803.05	58.737
803.36	56.307
803.67	56.949
803.98	54.576
804.28	54.755
804.59	54.605
804.90	53.853
805.21	55.728
805.52	57.362
805.83	57.326
806.13	56.825
806.44	57.316
806.75	60.182
807.06	60.678
807.36	62.918
807.67	64.967
807.98	64.763
808.29	65.758
808.60	63.571
808.90	61.278
809.21	58.929
809.52	57.872
809.83	58.427
810.13	55.005
810.44	53.470
810.75	52.409
811.05	49.167
811.36	52.350
811.67	51.143
811.98	52.297
812.28	52.367
812.59	53.826
812.90	54.244
813.20	56.171
813.51	57.929
813.82	58.394
814.12	57.399
814.43	58.970
814.74	54.394
815.04	53.059
815.35	56.149
815.65	57.616
815.96	58.181
816.27	58.773
816.57	55.461
816.88	54.413
817.19	53.745
817.49	51.605
817.80	50.814
818.10	50.358
818.41	51.592
818.72	48.820
819.02	48.960
819.33	47.429
819.63	49.956
819.94	49.691
820.24	51.001
820.55	51.407
820.85	54.014
821.16	53.925
821.47	53.822
821.77	54.509
822.08	55.160
822.38	55.666
822.69	56.479
822.99	56.187
823.30	56.325
823.60	56.332
823.91	56.783
824.21	56.659
824.52	57.670
824.82	58.740
825.13	58.618
825.43	58.680
825.73	58.506
826.04	57.808
826.34	57.222
826.65	57.047
826.95	56.581
827.26	55.175
827.56	54.888
827.87	54.595
828.17	54.602
828.47	54.738
828.78	53.693
829.08	53.067
829.39	54.007
829.69	53.918
829.99	53.155
830.30	53.561
830.60	54.331
830.90	53.804
831.21	52.161
831.51	49.792
831.82	46.287
832.12	46.615
832.42	47.776
832.73	46.233
833.03	48.875
833.33	50.936
833.64	49.134
833.94	48.958
834.24	48.576
834.54	49.305
834.85	49.165
835.15	50.638
835.45	50.698
835.76	50.141
836.06	50.404
836.36	48.236
836.66	45.928
836.97	46.997
837.27	46.052
837.57	44.393
837.87	39.845
838.18	37.512
838.48	37.444
838.78	36.659
839.08	34.186
839.39	34.040
839.69	33.108
839.99	35.575
840.29	36.416
840.59	38.889
840.90	41.022
841.20	42.477
841.50	47.736
841.80	46.197
842.10	49.824
842.41	56.503
842.71	57.848
843.01	60.947
843.31	56.387
843.61	52.675
843.91	50.945
844.21	51.412
844.52	49.230
844.82	41.977
845.12	44.730
845.42	43.508
845.72	36.847
846.02	39.207
846.32	37.557
846.62	46.132
846.92	47.164
847.22	49.704
847.52	53.488
847.83	52.511
848.13	54.987
848.43	53.327
848.73	47.871
849.03	47.388
849.33	40.000
849.63	38.069
849.93	34.799
850.23	36.301
850.53	40.499
850.83	38.114
851.13	44.995
851.43	47.782
851.73	49.860
852.03	48.947
852.33	52.048
852.63	50.582
852.93	53.663
853.23	57.470
853.53	53.884
853.83	43.017
854.13	36.670
854.43	33.233
854.73	28.819
855.03	25.083
855.32	25.418
855.62	27.647
855.92	21.450
856.22	22.540
856.52	16.578
856.82	16.210
857.12	27.879
857.42	41.667
857.72	40.785
858.02	43.052
858.31	41.392
858.61	47.013
858.91	52.739
859.21	62.870
859.51	56.965
859.81	52.311
860.11	59.351
860.40	56.390
860.70	43.388
861.00	37.017
861.30	41.014
861.60	43.767
861.90	29.719
862.19	20.243
862.49	20.464
862.79	18.785
863.09	27.011
863.39	18.647
863.68	28.746
863.98	37.500
864.28	53.683
864.58	56.825
864.87	53.372
865.17	65.842
865.47	68.790
865.77	70.707
866.06	69.702
866.36	67.417
866.66	67.478
866.96	55.397
867.25	53.369
867.55	45.369
867.85	37.981
868.14	38.649
868.44	26.043
868.74	19.335
869.03	12.242
869.33	10.837
869.63	4.692
869.92	4.279
870.22	0.508
870.52	1.431
870.81	-6.134
871.11	-3.826
871.41	-3.460
871.70	1.876
872.00	5.370
872.30	22.603
872.59	31.190
872.89	32.335
873.18	34.493
873.48	39.728
873.78	36.260
874.07	45.614
874.37	43.320
874.66	38.301
874.96	47.200
875.25	49.263
875.55	47.034
875.85	43.319
876.14	53.322
876.44	40.587
876.73	39.489
877.03	32.292
877.32	15.737
877.62	21.976
877.91	30.212
878.21	23.210
878.50	14.226
878.80	17.872
879.09	-0.619
879.39	-11.891
879.68	-5.893
879.98	-0.295
880.27	6.519
880.57	21.688
880.86	29.424
881.16	35.432
881.45	35.365
881.74	40.314
882.04	37.243
882.33	40.153
882.63	41.964
882.92	43.981
883.22	45.069
883.51	42.831
883.80	39.617
884.10	38.990
884.39	37.791
884.69	35.471
884.98	32.984
885.27	32.921
885.57	30.969
885.86	28.607
886.15	23.272
886.45	19.987
886.74	24.261
887.03	29.718
887.33	26.579
887.62	27.253
887.91	29.897
888.21	79.775
888.50	54.902
888.79	19.178
889.09	44.681
