190.56	495.238
190.94	495.238
191.32	495.238
191.70	303.125
192.08	-1025.000
192.46	2865.714
192.84	-4457.143
193.22	-654.348
193.60	-401.389
193.98	-291.246
194.36	-280.195
194.74	-375.581
195.13	-387.008
195.51	-433.475
195.89	-480.976
196.27	-452.451
196.65	-539.181
197.03	-507.865
197.40	-1056.471
197.78	20100.000
198.16	1896.078
198.54	2586.486
198.92	3312.000
199.30	2289.189
199.68	-1840.476
200.06	-543.066
200.44	-435.912
200.82	-469.892
201.20	-565.909
201.58	-871.429
201.96	-445.192
202.34	-335.106
202.72	-381.200
203.10	-389.963
203.48	-294.172
203.86	-322.591
204.24	-461.860
204.62	-504.020
205.00	-380.328
205.38	-460.406
205.76	-352.852
206.13	-368.093
206.51	-353.053
206.89	-361.567
207.27	-279.518
207.65	-337.874
208.03	-503.704
208.41	-439.676
208.79	-487.111
209.17	-782.692
209.55	-513.717
209.93	-373.913
210.30	-374.576
210.68	-473.171
211.06	-417.778
211.44	-545.455
211.82	-418.959
212.20	-313.743
212.58	-312.387
212.96	-249.492
213.33	-161.284
213.71	-161.895
214.09	-198.337
214.47	-172.495
214.85	-131.204
215.23	-114.952
215.61	-104.854
215.98	-95.686
216.36	-67.784
216.74	-80.437
217.12	-92.055
217.50	-92.503
217.88	-78.436
218.25	-72.765
218.63	-74.258
219.01	-77.894
219.39	-75.799
219.77	-73.181
220.14	-69.205
220.52	-83.764
220.90	-68.519
221.28	-60.482
221.66	-71.593
222.03	-80.889
222.41	-76.546
222.79	-72.581
223.17	-70.610
223.55	-61.295
223.92	-54.774
224.30	-53.082
224.68	-49.236
225.06	-45.424
225.43	-41.104
225.81	-36.036
226.19	-27.833
226.57	-22.412
226.95	-20.133
227.32	-15.704
227.70	-14.485
228.08	-13.383
228.46	-11.217
228.83	-9.637
229.21	-10.519
229.59	-10.360
229.96	-9.221
230.34	-9.492
230.72	-9.227
231.10	-8.968
231.47	-9.826
231.85	-9.785
232.23	-9.763
232.60	-10.363
232.98	-11.017
233.36	-9.680
233.74	-7.756
234.11	-8.042
234.49	-7.620
234.87	-9.050
235.24	-9.085
235.62	-8.834
236.00	-9.208
236.37	-9.595
236.75	-10.619
237.13	-11.308
237.50	-11.026
237.88	-11.651
238.26	-10.632
238.63	-10.594
239.01	-9.486
239.39	-8.019
239.76	-7.211
240.14	-6.444
240.52	-5.539
240.89	-4.185
241.27	-3.650
241.65	-3.136
242.02	-3.414
242.40	-2.983
242.77	-3.062
243.15	-2.763
243.53	-2.591
243.90	-2.703
244.28	-2.893
244.66	-2.424
245.03	-2.313
245.41	-1.440
245.78	-1.355
246.16	-0.782
246.54	-0.917
246.91	-1.034
247.29	-1.051
247.66	-1.070
248.04	-1.097
248.41	-1.109
248.79	-1.451
249.17	-1.695
249.54	-2.312
249.92	-2.547
250.29	-2.717
250.67	-2.956
251.04	-2.550
251.42	-2.534
251.80	-3.060
252.17	-2.934
252.55	-2.408
252.92	-2.246
253.30	-2.325
253.67	-2.121
254.05	-2.327
254.42	-2.392
254.80	-2.116
255.17	-2.088
255.55	-2.140
255.92	-1.586
256.30	-1.399
256.67	-1.741
257.05	-1.442
257.42	-1.168
257.80	-0.819
258.17	-0.497
258.55	-0.412
258.92	-0.263
259.30	-0.325
259.67	-0.276
260.05	-0.515
260.42	-0.389
260.80	-0.326
261.17	-0.417
261.55	-0.602
261.92	-0.820
262.30	-0.936
262.67	-1.445
263.05	-1.972
263.42	-1.936
263.79	-1.907
264.17	-1.834
264.54	-2.072
264.92	-1.903
265.29	-1.878
265.67	-1.721
266.04	-1.764
266.42	-1.942
266.79	-1.732
267.16	-1.603
267.54	-1.933
267.91	-1.921
268.29	-1.934
268.66	-2.064
269.03	-2.153
269.41	-2.233
269.78	-2.218
270.16	-2.009
270.53	-1.878
270.90	-1.679
271.28	-1.525
271.65	-1.322
272.03	-1.208
272.40	-1.078
272.77	-1.015
273.15	-1.024
273.52	-0.778
273.89	-0.859
274.27	-0.810
274.64	-0.779
275.01	-0.872
275.39	-0.872
275.76	-0.927
276.14	-0.986
276.51	-1.055
276.88	-1.016
277.26	-1.029
277.63	-1.148
278.00	-0.782
278.38	-1.038
278.75	-0.930
279.12	-1.083
279.49	-1.108
279.87	-1.037
280.24	-1.128
280.61	-0.970
280.99	-0.931
281.36	-0.986
281.73	-0.875
282.11	-0.920
282.48	-0.849
282.85	-0.837
283.22	-0.819
283.60	-0.876
283.97	-0.941
284.34	-0.873
284.71	-0.880
285.09	-0.718
285.46	-0.531
285.83	-0.644
286.21	-0.604
286.58	-0.554
286.95	-0.547
287.32	-0.267
287.70	-0.167
288.07	-0.057
288.44	-0.096
288.81	-0.074
289.18	-0.047
289.56	-0.077
289.93	0.091
290.30	0.000
290.67	0.142
291.05	0.122
291.42	0.104
291.79	0.216
292.16	0.376
292.53	0.584
292.91	0.775
293.28	0.805
293.65	1.014
294.02	1.166
294.39	1.482
294.76	1.676
295.14	1.952
295.51	2.043
295.88	2.110
296.25	2.131
296.62	2.235
297.00	2.145
297.37	2.281
297.74	2.431
298.11	2.402
298.48	2.238
298.85	2.243
299.22	2.366
299.60	2.444
299.97	2.665
300.34	2.815
300.71	2.891
301.08	3.163
301.45	3.102
301.82	3.075
302.19	3.143
302.56	3.344
302.94	3.419
303.31	3.268
303.68	3.456
304.05	3.540
304.42	3.630
304.79	3.625
305.16	3.362
305.53	3.632
305.90	3.796
306.27	3.844
306.64	4.110
307.02	4.065
307.39	4.341
307.76	4.248
308.13	4.213
308.50	4.339
308.87	4.382
309.24	4.835
309.61	5.020
309.98	5.082
310.35	5.585
310.72	5.808
311.09	6.199
311.46	6.466
311.83	6.792
312.20	7.098
312.57	7.253
312.94	7.719
313.31	8.029
313.68	8.307
314.05	8.640
314.42	8.821
314.79	8.974
315.16	9.189
315.53	9.367
315.90	9.763
316.27	9.979
316.64	10.276
317.01	10.554
317.38	10.712
317.75	10.782
318.12	10.831
318.49	10.831
318.86	11.038
319.23	11.261
319.60	11.317
319.97	11.239
320.34	11.620
320.71	11.911
321.08	11.953
321.45	12.388
321.82	12.869
322.19	13.419
322.55	13.955
322.92	14.134
323.29	14.438
323.66	14.784
324.03	14.978
324.40	14.945
324.77	15.249
325.14	15.585
325.51	15.620
325.88	15.827
326.25	15.988
326.61	16.105
326.98	16.444
327.35	16.580
327.72	16.546
328.09	16.818
328.46	16.971
328.83	16.987
329.20	17.150
329.56	17.374
329.93	17.554
330.30	17.767
330.67	17.983
331.04	18.128
331.41	18.403
331.78	18.721
332.14	18.699
332.51	18.871
332.88	18.901
333.25	18.983
333.62	19.158
333.99	19.086
334.35	18.927
334.72	18.905
335.09	18.801
335.46	18.736
335.83	18.887
336.19	19.104
336.56	19.069
336.93	19.211
337.30	19.274
337.67	19.262
338.03	19.400
338.40	19.454
338.77	19.677
339.14	19.649
339.50	19.453
339.87	19.399
340.24	19.289
340.61	19.423
340.97	19.280
341.34	19.255
341.71	19.274
342.08	19.130
342.44	19.241
342.81	19.040
343.18	19.053
343.55	19.253
343.91	19.264
344.28	19.346
344.65	19.113
345.02	19.123
345.38	19.169
345.75	19.051
346.12	19.128
346.48	19.161
346.85	19.083
347.22	19.181
347.59	19.130
347.95	19.081
348.32	19.127
348.69	19.144
349.05	19.112
349.42	18.870
349.79	19.023
350.15	18.930
350.52	18.724
350.89	18.800
351.25	18.775
351.62	18.776
351.99	18.683
352.35	18.440
352.72	18.636
353.09	18.733
353.45	18.781
353.82	18.549
354.18	18.514
354.55	18.542
354.92	18.479
355.28	18.365
355.65	18.248
356.02	18.248
356.38	18.174
356.75	18.131
357.11	18.109
357.48	18.047
357.85	18.109
358.21	18.145
358.58	18.113
358.94	18.023
359.31	18.064
359.67	17.916
360.04	17.802
360.41	17.890
360.77	17.821
361.14	17.811
361.50	17.802
361.87	17.819
362.23	17.772
362.60	17.743
362.97	17.714
363.33	17.627
363.70	17.690
364.06	17.703
364.43	17.731
364.79	17.705
365.16	17.476
365.52	17.489
365.89	17.384
366.25	17.277
366.62	17.277
366.98	17.324
367.35	17.350
367.71	17.263
368.08	17.337
368.44	17.337
368.81	17.353
369.17	17.480
369.54	17.499
369.90	17.385
370.27	17.462
370.63	17.463
371.00	17.540
371.36	17.635
371.73	17.802
372.09	17.590
372.45	17.560
372.82	17.587
373.18	17.517
373.55	17.590
373.91	17.582
374.28	17.485
374.64	17.338
375.01	17.152
375.37	16.939
375.73	16.904
376.10	16.994
376.46	16.869
376.83	16.773
377.19	16.823
377.55	16.743
377.92	16.724
378.28	16.746
378.65	16.761
379.01	16.886
379.37	16.942
379.74	16.905
380.10	16.904
380.47	16.847
380.83	16.996
381.19	16.992
381.56	16.897
381.92	16.935
382.28	16.883
382.65	16.918
383.01	16.781
383.37	16.807
383.74	16.801
384.10	16.799
384.46	16.848
384.83	16.677
385.19	16.534
385.55	16.564
385.92	16.465
386.28	16.477
386.64	16.469
387.01	16.392
387.37	16.343
387.73	16.333
388.10	16.349
388.46	16.289
388.82	16.236
389.18	16.375
389.55	16.261
389.91	16.290
390.27	16.246
390.64	16.149
391.00	16.174
391.36	16.145
391.72	16.016
392.09	16.028
392.45	16.014
392.81	16.080
393.17	15.942
393.54	15.961
393.90	15.898
394.26	15.865
394.62	15.869
394.99	15.805
395.35	15.693
395.71	15.723
396.07	15.572
396.43	15.501
396.80	15.463
397.16	15.449
397.52	15.359
397.88	15.422
398.24	15.236
398.61	15.256
398.97	15.194
399.33	15.136
399.69	15.000
400.05	14.897
400.42	14.906
400.78	14.827
401.14	14.704
401.50	14.642
401.86	14.523
402.22	14.500
402.59	14.427
402.95	14.484
403.31	14.534
403.67	14.478
404.03	14.465
404.39	14.384
404.75	14.299
405.12	14.394
405.48	14.318
405.84	14.285
406.20	14.430
406.56	14.447
406.92	14.429
407.28	14.273
407.64	14.260
408.00	14.247
408.36	14.230
408.73	14.184
409.09	14.072
409.45	14.160
409.81	14.207
410.17	14.055
410.53	13.855
410.89	13.772
411.25	13.898
411.61	13.909
411.97	13.898
412.33	14.019
412.69	14.021
413.05	13.989
413.41	14.024
413.77	13.950
414.13	13.964
414.50	14.057
414.86	14.065
415.22	14.053
415.58	13.944
415.94	13.907
416.30	13.846
416.66	13.817
417.02	13.732
417.38	13.589
417.74	13.607
418.10	13.667
418.46	13.700
418.82	13.666
419.18	13.649
419.54	13.708
419.90	13.696
420.26	13.566
420.61	13.554
420.97	13.618
421.33	13.654
421.69	13.628
422.05	13.628
422.41	13.510
422.77	13.552
423.13	13.521
423.49	13.581
423.85	13.592
424.21	13.696
424.57	13.688
424.93	13.688
425.29	13.676
425.65	13.650
426.01	13.608
426.36	13.778
426.72	13.718
427.08	13.689
427.44	13.640
427.80	13.683
428.16	13.692
428.52	13.748
428.88	13.706
429.24	13.619
429.59	13.737
429.95	13.781
430.31	13.651
430.67	13.636
431.03	13.615
431.39	13.579
431.75	13.508
432.10	13.416
432.46	13.364
432.82	13.381
433.18	13.517
433.54	13.450
433.90	13.372
434.25	13.376
434.61	13.476
434.97	13.501
435.33	13.494
435.69	13.480
436.04	13.566
436.40	13.580
436.76	13.628
437.12	13.599
437.48	13.576
437.83	13.631
438.19	13.671
438.55	13.658
438.91	13.698
439.27	13.816
439.62	13.793
439.98	13.721
440.34	13.759
440.70	13.844
441.05	13.951
441.41	14.007
441.77	14.036
442.13	14.133
442.48	14.149
442.84	14.174
443.20	14.213
443.56	14.341
443.91	14.476
444.27	14.521
444.63	14.528
444.98	14.547
445.34	14.647
445.70	14.697
446.05	14.673
446.41	14.757
446.77	14.863
447.13	14.921
447.48	15.011
447.84	15.066
448.20	15.256
448.55	15.348
448.91	15.448
449.27	15.471
449.62	15.553
449.98	15.645
450.34	15.699
450.69	15.760
451.05	15.760
451.40	15.857
451.76	15.912
452.12	15.775
452.47	15.837
452.83	15.913
453.19	16.017
453.54	16.052
453.90	16.175
454.25	16.292
454.61	16.327
454.97	16.345
455.32	16.353
455.68	16.419
456.03	16.581
456.39	16.661
456.75	16.623
457.10	16.658
457.46	16.774
457.81	16.782
458.17	16.848
458.52	16.924
458.88	17.079
459.24	17.167
459.59	17.186
459.95	17.223
460.30	17.236
460.66	17.263
461.01	17.272
461.37	17.296
461.72	17.357
462.08	17.320
462.43	17.317
462.79	17.249
463.14	17.212
463.50	17.263
463.85	17.218
464.21	17.189
464.56	17.279
464.92	17.307
465.27	17.323
465.63	17.343
465.98	17.404
466.34	17.444
466.69	17.557
467.05	17.633
467.40	17.661
467.76	17.794
468.11	17.884
468.47	17.931
468.82	18.058
469.18	18.123
469.53	18.051
469.88	18.122
470.24	18.220
470.59	18.217
470.95	18.198
471.30	18.277
471.66	18.290
472.01	18.262
472.36	18.245
472.72	18.197
473.07	18.245
473.43	18.372
473.78	18.396
474.13	18.307
474.49	18.332
474.84	18.342
475.19	18.344
475.55	18.327
475.90	18.385
476.26	18.418
476.61	18.414
476.96	18.430
477.32	18.472
477.67	18.455
478.02	18.625
478.38	18.647
478.73	18.611
479.08	18.543
479.44	18.543
479.79	18.474
480.14	18.498
480.50	18.447
480.85	18.416
481.20	18.332
481.56	18.335
481.91	18.328
482.26	18.330
482.62	18.368
482.97	18.409
483.32	18.410
483.67	18.484
484.03	18.453
484.38	18.497
484.73	18.512
485.08	18.550
485.44	18.554
485.79	18.496
486.14	18.492
486.49	18.483
486.85	18.477
487.20	18.489
487.55	18.426
487.90	18.438
488.26	18.428
488.61	18.393
488.96	18.375
489.31	18.376
489.67	18.410
490.02	18.316
490.37	18.282
490.72	18.205
491.07	18.178
491.43	18.183
491.78	18.132
492.13	18.130
492.48	18.116
492.83	18.102
493.19	18.028
493.54	17.995
493.89	18.062
494.24	18.104
494.59	18.165
494.94	18.117
495.29	18.110
495.65	18.211
496.00	18.203
496.35	18.160
496.70	18.127
497.05	18.177
497.40	18.142
497.75	18.146
498.11	18.122
498.46	18.150
498.81	18.247
499.16	18.267
499.51	18.163
499.86	18.090
500.21	18.118
500.56	18.112
500.91	18.104
501.26	18.149
501.62	18.148
501.97	18.113
502.32	18.025
502.67	17.959
503.02	17.915
503.37	17.986
503.72	18.051
504.07	18.057
504.42	18.050
504.77	18.003
505.12	17.926
505.47	17.904
505.82	17.938
506.17	17.984
506.52	17.936
506.87	17.867
507.22	17.747
507.57	17.643
507.92	17.608
508.27	17.558
508.62	17.530
508.97	17.563
509.32	17.559
509.67	17.526
510.02	17.452
510.37	17.475
510.72	17.520
511.07	17.567
511.42	17.567
511.77	17.527
512.12	17.516
512.47	17.556
512.82	17.553
513.17	17.548
513.52	17.482
513.87	17.411
514.22	17.354
514.57	17.285
514.91	17.261
515.26	17.193
515.61	17.113
515.96	17.090
516.31	16.951
516.66	16.846
517.01	16.776
517.36	16.785
517.71	16.770
518.06	16.747
518.41	16.667
518.75	16.532
519.10	16.515
519.45	16.542
519.80	16.488
520.15	16.478
520.50	16.471
520.85	16.397
521.19	16.320
521.54	16.275
521.89	16.145
522.24	16.139
522.59	16.099
522.94	16.033
523.28	15.914
523.63	15.821
523.98	15.775
524.33	15.690
524.68	15.601
525.03	15.493
525.37	15.455
525.72	15.411
526.07	15.335
526.42	15.252
526.76	15.116
527.11	15.024
527.46	14.923
527.81	14.826
528.16	14.759
528.50	14.765
528.85	14.766
529.20	14.705
529.55	14.664
529.89	14.605
530.24	14.561
530.59	14.556
530.94	14.563
531.28	14.585
531.63	14.561
531.98	14.474
532.32	14.347
532.67	14.201
533.02	14.138
533.37	14.079
533.71	14.042
534.06	14.020
534.41	13.982
534.75	13.855
535.10	13.731
535.45	13.692
535.79	13.629
536.14	13.598
536.49	13.620
536.83	13.537
537.18	13.504
537.53	13.446
537.87	13.432
538.22	13.344
538.57	13.335
538.91	13.358
539.26	13.278
539.61	13.258
539.95	13.158
540.30	13.052
540.64	13.046
540.99	12.981
541.34	12.963
541.68	12.924
542.03	12.918
542.37	12.938
542.72	12.915
543.07	12.914
543.41	12.928
543.76	13.001
544.10	12.997
544.45	12.989
544.80	13.001
545.14	12.940
545.49	12.947
545.83	12.953
546.18	12.923
546.52	12.886
546.87	12.876
547.21	12.892
547.56	12.841
547.90	12.917
548.25	12.972
548.59	12.965
548.94	13.048
549.29	12.981
549.63	12.967
549.98	13.027
550.32	13.017
550.67	12.987
551.01	12.915
551.35	12.963
551.70	12.977
552.04	12.954
552.39	13.005
552.73	12.936
553.08	13.038
553.42	13.024
553.77	12.998
554.11	13.005
554.46	13.006
554.80	13.092
555.15	12.987
555.49	12.961
555.83	12.924
556.18	12.923
556.52	13.058
556.87	13.012
557.21	13.028
557.56	12.966
557.90	12.974
558.24	13.047
558.59	13.026
558.93	13.080
559.28	13.106
559.62	13.109
559.96	13.114
560.31	13.021
560.65	12.961
560.99	13.100
561.34	13.131
561.68	13.173
562.02	13.076
562.37	13.148
562.71	13.192
563.06	13.099
563.40	13.100
563.74	13.058
564.09	13.039
564.43	13.027
564.77	12.927
565.11	12.939
565.46	12.944
565.80	13.000
566.14	12.961
566.49	12.969
566.83	12.979
567.17	12.978
567.52	12.975
567.86	12.934
568.20	12.970
568.54	12.974
568.89	12.953
569.23	12.897
569.57	12.872
569.91	12.829
570.26	12.786
570.60	12.797
570.94	12.729
571.28	12.716
571.63	12.803
571.97	12.762
572.31	12.632
572.65	12.565
573.00	12.550
573.34	12.520
573.68	12.485
574.02	12.426
574.36	12.406
574.71	12.428
575.05	12.420
575.39	12.351
575.73	12.293
576.07	12.324
576.42	12.278
576.76	12.289
577.10	12.268
577.44	12.235
577.78	12.269
578.12	12.297
578.46	12.306
578.81	12.233
579.15	12.135
579.49	12.212
579.83	12.227
580.17	12.203
580.51	12.136
580.85	12.160
581.20	12.209
581.54	12.204
581.88	12.193
582.22	12.380
582.56	12.544
582.90	12.648
583.24	12.714
583.58	12.861
583.92	13.097
584.26	13.203
584.60	13.382
584.95	13.497
585.29	13.685
585.63	13.797
585.97	13.811
586.31	13.992
586.65	14.260
586.99	14.424
587.33	14.615
587.67	14.738
588.01	15.013
588.35	15.194
588.69	15.363
589.03	15.583
589.37	15.760
589.71	15.853
590.05	15.940
590.39	16.105
590.73	16.269
591.07	16.427
591.41	16.645
591.75	16.792
592.09	16.835
592.43	17.024
592.77	17.195
593.11	17.457
593.45	17.735
593.79	17.940
594.13	17.988
594.47	18.145
594.81	18.295
595.14	18.503
595.48	18.711
595.82	18.966
596.16	19.217
596.50	19.365
596.84	19.591
597.18	19.740
597.52	19.931
597.86	20.250
598.20	20.560
598.54	20.855
598.87	21.113
599.21	21.442
599.55	21.652
599.89	21.881
600.23	22.200
600.57	22.429
600.91	22.760
601.25	23.101
601.58	23.316
601.92	23.480
602.26	23.762
602.60	23.955
602.94	24.072
603.28	24.448
603.61	24.653
603.95	24.807
604.29	24.954
604.63	25.171
604.97	25.251
605.30	25.508
605.64	25.697
605.98	25.829
606.32	26.064
606.66	26.281
606.99	26.266
607.33	26.427
607.67	26.577
608.01	26.702
608.34	26.795
608.68	26.988
609.02	27.054
609.36	27.382
609.69	27.519
610.03	27.537
610.37	27.709
610.71	27.958
611.04	28.084
611.38	28.190
611.72	28.299
612.06	28.383
612.39	28.611
612.73	28.807
613.07	28.693
613.40	28.820
613.74	29.021
614.08	28.983
614.41	29.058
614.75	29.163
615.09	29.523
615.42	29.902
615.76	30.041
616.10	30.035
616.43	30.190
616.77	30.356
617.11	30.263
617.44	30.343
617.78	30.423
618.12	30.519
618.45	30.645
618.79	30.505
619.13	30.379
619.46	30.596
619.80	30.838
620.13	30.756
620.47	30.886
620.81	31.099
621.14	31.111
621.48	31.229
621.81	31.416
622.15	31.458
622.48	31.465
622.82	31.636
623.16	31.583
623.49	31.463
623.83	31.427
624.16	31.285
624.50	31.256
624.83	31.345
625.17	31.468
625.50	31.495
625.84	31.681
626.18	31.825
626.51	31.735
626.85	31.821
627.18	31.886
627.52	32.022
627.85	32.169
628.19	32.349
628.52	32.479
628.86	32.429
629.19	32.512
629.53	32.390
629.86	32.380
630.19	32.507
630.53	32.413
630.86	32.410
631.20	32.270
631.53	32.243
631.87	32.033
632.20	31.942
632.54	31.986
632.87	31.802
633.20	31.884
633.54	31.978
633.87	31.893
634.21	31.999
634.54	32.114
634.88	32.253
635.21	32.193
635.54	32.390
635.88	32.282
636.21	32.213
636.55	32.425
636.88	32.495
637.21	32.492
637.55	32.414
637.88	32.519
638.21	32.570
638.55	32.504
638.88	32.560
639.21	32.600
639.55	32.704
639.88	32.792
640.21	32.714
640.55	32.549
640.88	32.481
641.21	32.440
641.55	32.033
641.88	31.870
642.21	31.908
642.55	31.781
642.88	31.817
643.21	31.918
643.55	31.965
643.88	31.795
644.21	31.616
644.54	31.557
644.88	31.691
645.21	32.082
645.54	32.178
645.87	32.339
646.21	32.678
646.54	32.408
646.87	32.388
647.20	32.495
647.54	32.363
647.87	32.653
648.20	32.754
648.53	32.954
648.87	32.854
649.20	32.982
649.53	33.037
649.86	32.964
650.19	33.093
650.53	33.040
650.86	32.754
651.19	32.927
651.52	32.661
651.85	32.646
652.18	32.625
652.52	32.695
652.85	32.597
653.18	32.317
653.51	32.207
653.84	32.256
654.17	32.205
654.51	32.382
654.84	32.409
655.17	32.642
655.50	32.674
655.83	32.419
656.16	32.512
656.49	32.562
656.82	32.700
657.15	32.655
657.49	32.515
657.82	32.610
658.15	32.598
658.48	32.584
658.81	32.484
659.14	32.439
659.47	32.686
659.80	32.535
660.13	32.543
660.46	32.587
660.79	32.444
661.12	32.264
661.45	32.146
661.78	31.971
662.11	31.987
662.44	32.031
662.77	31.943
663.10	31.683
663.43	31.536
663.76	31.388
664.09	31.543
664.42	31.737
664.75	31.936
665.08	31.946
665.41	32.043
665.74	32.106
666.07	31.960
666.40	32.039
666.73	32.024
667.06	31.887
667.39	31.974
667.72	31.816
668.05	31.879
668.38	31.680
668.71	31.440
669.04	31.298
669.37	31.030
669.70	30.922
670.03	30.817
670.36	30.835
670.69	30.967
671.01	30.588
671.34	30.300
671.67	30.157
672.00	30.353
672.33	30.404
672.66	30.610
672.99	30.519
673.32	30.402
673.64	30.274
673.97	30.152
674.30	30.171
674.63	30.107
674.96	30.199
675.29	30.049
675.62	29.766
675.94	29.772
676.27	29.621
676.60	29.717
676.93	29.773
677.26	29.685
677.58	29.784
677.91	29.700
678.24	29.771
678.57	29.530
678.90	29.727
679.22	29.839
679.55	29.799
679.88	29.656
680.21	29.611
680.54	29.526
680.86	29.523
681.19	29.345
681.52	29.290
681.85	29.487
682.17	29.578
682.50	29.308
682.83	29.417
683.16	29.320
683.48	29.492
683.81	29.440
684.14	29.423
684.46	29.393
684.79	29.041
685.12	28.688
685.45	28.185
685.77	27.952
686.10	27.936
686.43	27.679
686.75	27.734
687.08	27.484
687.41	27.337
687.73	27.306
688.06	27.067
688.39	26.966
688.71	27.443
689.04	27.594
689.36	27.662
689.69	27.545
690.02	27.441
690.34	27.114
690.67	26.767
691.00	26.574
691.32	26.298
691.65	26.513
691.97	26.393
692.30	25.514
692.63	25.128
692.95	24.988
693.28	24.530
693.60	24.514
693.93	24.480
694.26	24.542
694.58	24.588
694.91	24.517
695.23	24.307
695.56	24.615
695.88	24.951
696.21	24.929
696.53	24.751
696.86	25.198
697.18	24.796
697.51	24.580
697.83	24.562
698.16	24.292
698.48	24.517
698.81	24.318
699.13	24.110
699.46	23.914
699.78	23.788
700.11	23.829
700.43	23.055
700.76	23.047
701.08	22.901
701.41	22.549
701.73	22.621
702.06	22.064
702.38	21.737
702.71	21.685
703.03	21.749
703.35	21.703
703.68	21.202
704.00	21.706
704.33	21.324
704.65	21.311
704.98	21.261
705.30	20.664
705.62	20.508
705.95	20.718
706.27	20.459
706.60	19.843
706.92	19.458
707.24	19.525
707.57	19.114
707.89	19.130
708.21	19.200
708.54	19.277
708.86	19.264
709.18	19.371
709.51	19.181
709.83	19.339
710.15	19.389
710.48	19.080
710.80	18.874
711.12	18.680
711.45	18.756
711.77	18.315
712.09	18.019
712.42	17.852
712.74	17.822
713.06	17.817
713.38	17.680
713.71	17.528
714.03	17.402
714.35	17.036
714.68	17.250
715.00	16.546
715.32	16.154
715.64	15.794
715.97	15.970
716.29	15.614
716.61	15.047
716.93	14.780
717.25	14.857
717.58	14.846
717.90	15.013
718.22	14.403
718.54	14.817
718.87	15.224
719.19	15.277
719.51	15.093
719.83	14.632
720.15	14.328
720.47	14.300
720.80	14.341
721.12	14.476
721.44	13.806
721.76	14.376
722.08	14.214
722.40	13.724
722.73	13.791
723.05	13.654
723.37	14.013
723.69	14.286
724.01	14.182
724.33	13.254
724.65	13.288
724.97	14.069
725.30	13.688
725.62	13.762
725.94	13.793
726.26	13.393
726.58	13.035
726.90	12.999
727.22	12.380
727.54	12.530
727.86	12.768
728.18	12.547
728.50	12.076
728.82	12.033
729.14	11.652
729.46	11.539
729.78	11.300
730.10	11.373
730.42	10.917
730.74	11.742
731.07	11.308
731.39	11.561
731.71	11.554
732.03	11.852
732.35	11.860
732.66	11.740
732.98	11.977
733.30	11.934
733.62	12.266
733.94	12.363
734.26	12.543
734.58	12.515
734.90	12.061
735.22	11.325
735.54	10.593
735.86	10.173
736.18	10.331
736.50	10.276
736.82	10.759
737.14	10.430
737.46	10.720
737.78	9.673
738.10	10.202
738.41	10.626
738.73	11.018
739.05	10.837
739.37	10.343
739.69	10.764
740.01	10.025
740.33	9.814
740.65	9.212
740.96	8.999
741.28	8.864
741.60	7.950
741.92	7.108
742.24	6.869
742.56	6.908
742.88	7.298
743.19	6.802
743.51	6.518
743.83	6.819
744.15	7.050
744.47	6.921
744.78	7.031
745.10	6.413
745.42	6.817
745.74	5.960
746.06	6.123
746.37	6.631
746.69	5.999
747.01	7.620
747.33	7.260
747.64	6.955
747.96	6.367
748.28	6.652
748.60	7.413
748.91	7.675
749.23	9.430
749.55	9.262
749.87	8.865
750.18	8.491
750.50	6.779
750.82	6.640
751.13	7.321
751.45	8.073
751.77	7.080
752.08	6.953
752.40	5.859
752.72	4.944
753.03	5.051
753.35	4.471
753.67	4.608
753.98	5.496
754.30	4.877
754.62	4.481
754.93	2.685
755.25	3.190
755.57	2.358
755.88	3.129
756.20	2.865
756.51	3.206
756.83	3.518
757.15	3.728
757.46	2.673
757.78	1.792
758.09	0.664
758.41	1.613
758.73	1.338
759.04	1.317
759.36	1.549
759.67	1.695
759.99	1.362
760.30	1.891
760.62	1.103
760.94	1.680
761.25	2.375
761.57	3.395
761.88	4.538
762.20	4.753
762.51	6.240
762.83	6.508
763.14	7.324
763.46	6.754
763.77	6.358
764.09	6.339
764.40	5.874
764.72	5.549
765.03	5.885
765.35	5.282
765.66	4.695
765.98	4.064
766.29	3.492
766.61	2.682
766.92	3.249
767.23	4.034
767.55	4.752
767.86	5.598
768.18	7.676
768.49	6.706
768.81	6.505
769.12	7.160
769.43	5.826
769.75	4.963
770.06	4.472
770.38	2.741
770.69	0.760
771.00	-0.166
771.32	-2.347
771.63	-2.948
771.94	-3.078
772.26	-3.907
772.57	-5.343
772.89	-4.705
773.20	-6.098
773.51	-7.469
773.83	-6.443
774.14	-6.263
774.45	-6.261
774.77	-3.886
775.08	-4.808
775.39	-4.862
775.70	-4.281
776.02	-4.057
776.33	-4.901
776.64	-4.908
776.96	-2.924
777.27	-3.579
777.58	-3.237
777.89	-1.989
778.21	-1.529
778.52	-3.095
778.83	-4.736
779.14	-5.547
779.46	-4.043
779.77	-4.025
780.08	-2.428
780.39	-5.437
780.71	-4.907
781.02	-7.053
781.33	-6.734
781.64	-8.899
781.95	-7.005
782.27	-5.296
782.58	-4.344
782.89	-4.121
783.20	-4.356
783.51	-5.376
783.83	-3.517
784.14	-1.625
784.45	1.272
784.76	-0.481
785.07	-0.538
785.38	-1.818
785.70	-1.493
786.01	-3.579
786.32	-5.906
786.63	-6.758
786.94	-5.808
787.25	-6.107
787.56	-6.415
787.87	-7.100
788.18	-7.198
788.50	-6.523
788.81	-8.481
789.12	-7.755
789.43	-6.313
789.74	-4.163
790.05	-3.909
790.36	-4.669
790.67	-4.029
790.98	-6.434
791.29	-8.414
791.60	-8.910
791.91	-9.024
792.22	-8.762
792.53	-8.924
792.84	-10.552
793.15	-12.261
793.46	-11.881
793.77	-9.460
794.08	-10.401
794.39	-6.816
794.70	-3.226
795.01	-1.089
795.32	0.218
795.63	1.712
795.94	-0.678
796.25	-0.083
796.56	0.695
796.87	1.035
797.18	-1.206
797.49	-1.505
797.80	-5.991
798.11	-9.685
798.42	-8.804
798.73	-12.421
799.04	-13.774
799.35	-13.957
799.65	-13.006
799.96	-13.522
800.27	-13.440
800.58	-15.041
800.89	-17.148
801.20	-14.469
801.51	-13.264
801.82	-18.397
802.13	-16.287
802.43	-12.326
802.74	-11.145
803.05	-13.139
803.36	-15.146
803.67	-15.770
803.98	-14.461
804.28	-10.727
804.59	-13.582
804.90	-13.234
805.21	-9.570
805.52	-8.354
805.83	-11.699
806.13	-11.126
806.44	-9.607
806.75	-8.290
807.06	-11.475
807.36	-11.966
807.67	-13.576
807.98	-13.522
808.29	-13.538
808.60	-15.814
808.90	-19.004
809.21	-18.029
809.52	-19.460
809.83	-20.133
810.13	-23.822
810.44	-22.540
810.75	-23.129
811.05	-23.162
811.36	-20.634
811.67	-20.476
811.98	-22.398
812.28	-21.884
812.59	-27.557
812.90	-31.190
813.20	-31.588
813.51	-27.792
813.82	-31.456
814.12	-30.321
814.43	-31.444
814.74	-31.494
815.04	-33.752
815.35	-27.973
815.65	-25.414
815.96	-20.586
816.27	-18.306
816.57	-18.705
816.88	-20.248
817.19	-14.104
817.49	-10.294
817.80	-8.536
818.10	-7.678
818.41	-4.024
818.72	-6.649
819.02	-6.956
819.33	-8.178
819.63	-7.034
819.94	-5.619
820.24	-3.408
820.55	-1.514
820.85	-1.641
821.16	1.839
821.47	3.939
821.77	5.257
822.08	6.864
822.38	6.962
822.69	8.074
822.99	9.081
823.30	9.854
823.60	10.093
823.91	10.107
824.21	10.547
824.52	10.082
824.82	9.385
825.13	8.836
825.43	8.862
825.73	7.970
826.04	6.902
826.34	6.564
826.65	6.052
826.95	6.425
827.26	5.399
827.56	5.421
827.87	5.594
828.17	4.912
828.47	3.841
828.78	3.379
829.08	3.445
829.39	2.421
829.69	-0.529
829.99	-2.299
830.30	-6.113
830.60	-6.667
830.90	-8.954
831.21	-11.937
831.51	-15.064
831.82	-19.178
832.12	-20.860
832.42	-22.650
832.73	-17.170
833.03	-15.234
833.33	-13.883
833.64	-11.284
833.94	-12.304
834.24	-10.734
834.54	-13.015
834.85	-9.711
835.15	-6.593
835.45	-7.308
835.76	-6.297
836.06	-9.478
836.36	-10.107
836.66	-13.232
836.97	-16.464
837.27	-25.181
837.57	-30.549
837.87	-30.715
838.18	-36.985
838.48	-44.826
838.78	-50.886
839.08	-52.521
839.39	-60.314
839.69	-58.361
839.99	-58.025
840.29	-55.570
840.59	-43.452
840.90	-44.583
841.20	-37.800
841.50	-36.364
841.80	-32.772
842.10	-33.006
842.41	-33.200
842.71	-27.667
843.01	-32.910
843.31	-32.759
843.61	-31.612
843.91	-38.402
844.21	-37.900
844.52	-43.833
844.82	-43.837
845.12	-50.831
845.42	-62.294
845.72	-63.196
846.02	-71.267
846.32	-62.275
846.62	-60.490
846.92	-69.322
847.22	-59.873
847.52	-67.125
847.83	-67.164
848.13	-88.816
848.43	-80.500
848.73	-55.978
849.03	-58.902
849.33	-63.720
849.63	-79.575
849.93	-101.982
850.23	-111.496
850.53	-130.289
850.83	-137.408
851.13	-128.159
851.43	-105.422
851.73	-108.615
852.03	-110.024
852.33	-108.200
852.63	-109.773
852.93	-113.976
853.23	-93.432
853.53	-92.475
853.83	-98.896
854.13	-87.676
854.43	-90.928
854.73	-93.209
855.03	-101.365
855.32	-109.836
855.62	-119.092
855.92	-110.847
856.22	-106.125
856.52	-106.037
856.82	-100.750
857.12	-77.238
857.42	-81.925
857.72	-81.897
858.02	-95.238
858.31	-92.135
858.61	-93.836
858.91	-97.187
859.21	-96.229
859.51	-87.617
859.81	-103.577
860.11	-114.286
860.40	-118.841
860.70	-120.095
861.00	-128.912
861.30	-110.138
861.60	-101.248
861.90	-119.205
862.19	-97.917
862.49	-113.953
862.79	-122.386
863.09	-109.795
863.39	-86.416
863.68	-97.455
863.98	-111.577
864.28	-129.585
864.58	-139.775
864.87	-145.941
865.17	-129.189
865.47	-132.240
865.77	-112.420
866.06	-99.409
866.36	-101.020
866.66	-120.496
866.96	-105.581
867.25	-100.137
867.55	-81.146
867.85	-78.960
868.14	-74.495
868.44	-97.421
868.74	-102.972
869.03	-107.262
869.33	-121.343
869.63	-146.735
869.92	-169.982
870.22	-208.602
870.52	-200.000
870.81	-210.699
871.11	-206.637
871.41	-205.046
871.70	-174.310
872.00	-165.361
872.30	-154.721
872.59	-153.459
872.89	-132.458
873.18	-108.319
873.48	-90.937
873.78	-84.831
874.07	-86.636
874.37	-89.853
874.66	-82.650
874.96	-87.899
875.25	-96.211
875.55	-90.314
875.85	-102.282
876.14	-104.137
876.44	-97.486
876.73	-100.795
877.03	-96.883
877.32	-84.891
877.62	-83.694
877.91	-104.274
878.21	-95.856
878.50	-85.271
878.80	-93.570
879.09	-77.632
879.39	-77.076
879.68	-84.247
879.98	-101.606
880.27	-116.808
880.57	-115.816
880.86	-94.788
881.16	-75.666
881.45	-50.908
881.74	-44.722
882.04	-33.333
882.33	-34.020
882.63	-31.550
882.92	-28.645
883.22	-24.259
883.51	-20.826
883.80	-18.670
884.10	-21.703
884.39	-22.839
884.69	-27.843
884.98	-30.103
885.27	-37.410
885.57	-36.364
885.86	-40.774
886.15	-42.795
886.45	-46.280
886.74	-59.888
887.03	-57.980
887.33	-62.024
887.62	-65.416
887.91	-70.175
888.21	-340.625
888.50	2.439
888.79	-400.000
889.09	-146.667
