190.56	-226.923
190.94	-226.923
191.32	-226.923
191.70	188.462
192.08	750.000
192.46	-1411.628
192.84	-5041.667
193.22	1127.119
193.60	808.333
193.98	-1222.500
194.36	-1684.375
194.74	12480.000
195.13	-1592.308
195.51	2337.931
195.89	-1592.308
196.27	-567.213
196.65	-9571.429
197.03	-2106.250
197.40	-614.433
197.78	-823.810
198.16	1971.795
198.54	-1136.923
198.92	-396.364
199.30	-2521.429
199.68	1738.095
200.06	1563.043
200.44	1303.922
200.82	-1084.746
201.20	-457.778
201.58	-1108.065
201.96	-356.886
202.34	-349.143
202.72	-561.345
203.10	-453.793
203.48	-224.820
203.86	-187.172
204.24	-161.165
204.62	-129.449
205.00	-120.943
205.38	-155.711
205.76	-118.476
206.13	-238.922
206.51	-186.284
206.89	-188.831
207.27	-235.241
207.65	-283.391
208.03	-308.365
208.41	-433.684
208.79	-1011.828
209.17	-3788.000
209.55	-1207.042
209.93	-7184.615
210.30	-520.732
210.68	-395.067
211.06	-425.366
211.44	-388.210
211.82	-257.860
212.20	-231.385
212.58	-246.732
212.96	-203.216
213.33	-198.864
213.71	-197.150
214.09	-163.288
214.47	-171.663
214.85	-178.772
215.23	-141.164
215.61	-108.148
215.98	-91.181
216.36	-83.056
216.74	-62.018
217.12	-47.417
217.50	-49.605
217.88	-45.828
218.25	-32.534
218.63	-31.419
219.01	-25.874
219.39	-28.192
219.77	-29.261
220.14	-29.277
220.52	-29.716
220.90	-27.595
221.28	-29.650
221.66	-26.408
222.03	-24.340
222.41	-19.537
222.79	-13.810
223.17	-14.091
223.55	-16.358
223.92	-18.200
224.30	-19.718
224.68	-19.312
225.06	-17.569
225.43	-15.172
225.81	-11.008
226.19	-8.668
226.57	-10.727
226.95	-8.566
227.32	-5.641
227.70	-4.044
228.08	-3.056
228.46	-2.916
228.83	-1.464
229.21	-2.048
229.59	-1.978
229.96	-1.439
230.34	-2.871
230.72	-3.511
231.10	-3.955
231.47	-4.439
231.85	-4.836
232.23	-5.885
232.60	-6.071
232.98	-7.703
233.36	-8.183
233.74	-7.909
234.11	-9.820
234.49	-9.379
234.87	-8.082
235.24	-8.188
235.62	-8.430
236.00	-6.868
236.37	-6.128
236.75	-6.338
237.13	-5.652
237.50	-3.992
237.88	-3.099
238.26	-3.218
238.63	-2.450
239.01	-0.523
239.39	-0.422
239.76	-0.999
240.14	-1.178
240.52	-0.120
240.89	0.527
241.27	0.486
241.65	0.090
242.02	-0.881
242.40	0.013
242.77	0.085
243.15	-0.200
243.53	0.307
243.90	0.610
244.28	0.382
244.66	0.364
245.03	-0.095
245.41	0.141
245.78	0.357
246.16	1.110
246.54	1.011
246.91	1.163
247.29	0.985
247.66	1.089
248.04	1.057
248.41	1.061
248.79	0.874
249.17	0.980
249.54	0.525
249.92	0.357
250.29	-0.177
250.67	-0.178
251.04	-0.375
251.42	-0.281
251.80	-0.600
252.17	-1.003
252.55	-0.741
252.92	-0.612
253.30	-0.210
253.67	0.541
254.05	0.394
254.42	0.561
254.80	0.437
255.17	0.234
255.55	0.034
255.92	-0.227
256.30	0.503
256.67	0.043
257.05	0.103
257.42	-0.063
257.80	0.098
258.17	0.405
258.55	0.506
258.92	0.565
259.30	0.719
259.67	1.046
260.05	0.973
260.42	0.872
260.80	0.971
261.17	0.850
261.55	0.933
261.92	0.494
262.30	0.388
262.67	0.208
263.05	0.190
263.42	-0.137
263.79	-0.771
264.17	-0.831
264.54	-0.888
264.92	-0.746
265.29	-0.455
265.67	-0.671
266.04	-0.140
266.42	-0.511
266.79	-0.248
267.16	-0.484
267.54	-0.268
267.91	-0.056
268.29	0.059
268.66	-0.054
269.03	-0.079
269.41	-0.201
269.78	0.201
270.16	0.234
270.53	0.461
270.90	0.626
271.28	0.744
271.65	0.872
272.03	0.799
272.40	0.827
272.77	0.778
273.15	0.708
273.52	0.792
273.89	0.426
274.27	0.109
274.64	0.221
275.01	-0.136
275.39	-0.418
275.76	-0.573
276.14	-0.630
276.51	-0.448
276.88	-0.183
277.26	-0.119
277.63	-0.178
278.00	0.127
278.38	0.176
278.75	0.006
279.12	0.092
279.49	0.533
279.87	0.483
280.24	0.689
280.61	0.646
280.99	0.788
281.36	1.044
281.73	0.960
282.11	0.745
282.48	1.082
282.85	1.154
283.22	1.423
283.60	1.400
283.97	1.643
284.34	1.726
284.71	1.802
285.09	1.730
285.46	1.738
285.83	1.824
286.21	2.091
286.58	2.090
286.95	2.206
287.32	2.063
287.70	2.004
288.07	1.872
288.44	1.749
288.81	1.718
289.18	1.803
289.56	1.850
289.93	1.827
290.30	1.701
290.67	1.777
291.05	1.711
291.42	1.837
291.79	1.929
292.16	2.272
292.53	2.301
292.91	2.395
293.28	2.384
293.65	2.297
294.02	2.505
294.39	2.649
294.76	2.681
295.14	2.842
295.51	2.738
295.88	2.647
296.25	2.392
296.62	2.483
297.00	2.492
297.37	2.516
297.74	2.567
298.11	2.605
298.48	2.491
298.85	2.231
299.22	2.203
299.60	2.208
299.97	2.368
300.34	2.509
300.71	2.627
301.08	2.818
301.45	2.774
301.82	2.751
302.19	2.554
302.56	2.755
302.94	2.751
303.31	2.531
303.68	2.462
304.05	2.041
304.42	1.997
304.79	1.615
305.16	1.303
305.53	1.351
305.90	1.346
306.27	1.327
306.64	1.317
307.02	1.613
307.39	2.030
307.76	2.177
308.13	2.424
308.50	2.364
308.87	2.616
309.24	2.576
309.61	2.518
309.98	2.511
310.35	2.730
310.72	2.660
311.09	2.490
311.46	2.348
311.83	2.292
312.20	2.379
312.57	2.544
312.94	2.521
313.31	2.664
313.68	2.619
314.05	2.568
314.42	2.246
314.79	2.109
315.16	2.158
315.53	2.198
315.90	1.933
316.27	1.930
316.64	1.624
317.01	1.518
317.38	1.415
317.75	1.457
318.12	1.567
318.49	1.865
318.86	1.963
319.23	1.971
319.60	1.651
319.97	2.107
320.34	2.159
320.71	2.360
321.08	2.603
321.45	2.470
321.82	2.577
322.19	2.662
322.55	2.779
322.92	2.822
323.29	3.061
323.66	3.452
324.03	3.570
324.40	3.768
324.77	4.247
325.14	4.548
325.51	5.117
325.88	5.532
326.25	5.945
326.61	6.217
326.98	6.843
327.35	7.220
327.72	7.506
328.09	7.927
328.46	8.254
328.83	8.282
329.20	8.562
329.56	8.869
329.93	9.312
330.30	9.771
330.67	9.976
331.04	10.103
331.41	10.389
331.78	10.656
332.14	10.874
332.51	11.140
332.88	11.262
333.25	11.357
333.62	11.357
333.99	11.248
334.35	11.228
334.72	11.564
335.09	11.785
335.46	11.733
335.83	11.723
336.19	11.603
336.56	11.660
336.93	12.053
337.30	12.099
337.67	12.116
338.03	12.101
338.40	12.077
338.77	12.017
339.14	11.820
339.50	11.909
339.87	11.746
340.24	11.951
340.61	11.957
340.97	11.724
341.34	11.758
341.71	11.668
342.08	11.974
342.44	12.014
342.81	11.924
343.18	12.081
343.55	12.117
343.91	12.235
344.28	12.114
344.65	12.206
345.02	12.126
345.38	11.996
345.75	12.121
346.12	11.942
346.48	11.870
346.85	11.705
347.22	11.533
347.59	11.389
347.95	11.319
348.32	11.308
348.69	11.089
349.05	10.997
349.42	11.236
349.79	11.054
350.15	11.011
350.52	10.927
350.89	11.077
351.25	11.021
351.62	10.954
351.99	10.999
352.35	10.870
352.72	10.623
353.09	10.591
353.45	10.320
353.82	10.386
354.18	10.393
354.55	10.389
354.92	10.412
355.28	10.424
355.65	10.420
356.02	10.385
356.38	10.528
356.75	10.756
357.11	10.814
357.48	10.817
357.85	10.780
358.21	10.682
358.58	10.617
358.94	10.488
359.31	10.474
359.67	10.533
360.04	10.527
360.41	10.409
360.77	10.375
361.14	10.315
361.50	10.283
361.87	10.270
362.23	10.228
362.60	10.245
362.97	10.182
363.33	10.112
363.70	10.015
364.06	9.883
364.43	9.749
364.79	9.602
365.16	9.574
365.52	9.584
365.89	9.580
366.25	9.537
366.62	9.494
366.98	9.511
367.35	9.635
367.71	9.620
368.08	9.558
368.44	9.668
368.81	9.623
369.17	9.794
369.54	9.820
369.90	9.751
370.27	9.860
370.63	9.882
371.00	9.905
371.36	9.782
371.73	9.884
372.09	10.069
372.45	10.116
372.82	10.286
373.18	10.178
373.55	10.129
373.91	10.201
374.28	10.118
374.64	10.223
375.01	10.347
375.37	10.489
375.73	10.525
376.10	10.529
376.46	10.571
376.83	10.553
377.19	10.605
377.55	10.697
377.92	10.863
378.28	10.891
378.65	10.863
379.01	10.917
379.37	10.906
379.74	10.920
380.10	10.935
380.47	10.849
380.83	10.836
381.19	10.860
381.56	10.807
381.92	10.705
382.28	10.726
382.65	10.618
383.01	10.612
383.37	10.616
383.74	10.549
384.10	10.544
384.46	10.609
384.83	10.646
385.19	10.633
385.55	10.716
385.92	10.716
386.28	10.817
386.64	11.055
387.01	11.049
387.37	11.073
387.73	11.117
388.10	11.216
388.46	11.223
388.82	11.221
389.18	11.265
389.55	11.297
389.91	11.342
390.27	11.419
390.64	11.348
391.00	11.406
391.36	11.446
391.72	11.586
392.09	11.611
392.45	11.646
392.81	11.778
393.17	11.886
393.54	11.976
393.90	12.008
394.26	12.009
394.62	12.071
394.99	12.203
395.35	12.234
395.71	12.181
396.07	12.277
396.43	12.415
396.80	12.434
397.16	12.478
397.52	12.488
397.88	12.541
398.24	12.649
398.61	12.655
398.97	12.627
399.33	12.703
399.69	12.762
400.05	12.808
400.42	12.879
400.78	12.908
401.14	12.924
401.50	12.922
401.86	13.030
402.22	13.063
402.59	13.136
402.95	13.195
403.31	13.222
403.67	13.307
404.03	13.352
404.39	13.399
404.75	13.529
405.12	13.555
405.48	13.662
405.84	13.764
406.20	13.872
406.56	13.910
406.92	13.938
407.28	14.081
407.64	14.186
408.00	14.269
408.36	14.352
408.73	14.365
409.09	14.368
409.45	14.514
409.81	14.522
410.17	14.576
410.53	14.709
410.89	14.791
411.25	14.885
411.61	14.958
411.97	14.989
412.33	15.047
412.69	15.136
413.05	15.415
413.41	15.435
413.77	15.480
414.13	15.501
414.50	15.593
414.86	15.677
415.22	15.770
415.58	15.842
415.94	15.898
416.30	15.987
416.66	16.204
417.02	16.253
417.38	16.364
417.74	16.546
418.10	16.608
418.46	16.668
418.82	16.767
419.18	16.783
419.54	16.922
419.90	17.090
420.26	17.171
420.61	17.197
420.97	17.317
421.33	17.444
421.69	17.534
422.05	17.721
422.41	17.870
422.77	17.972
423.13	18.091
423.49	18.162
423.85	18.270
424.21	18.388
424.57	18.437
424.93	18.452
425.29	18.521
425.65	18.598
426.01	18.665
426.36	18.743
426.72	18.818
427.08	18.991
427.44	19.107
427.80	19.127
428.16	19.275
428.52	19.432
428.88	19.486
429.24	19.539
429.59	19.601
429.95	19.711
430.31	19.769
430.67	19.912
431.03	19.902
431.39	19.931
431.75	20.062
432.10	20.066
432.46	20.111
432.82	20.314
433.18	20.436
433.54	20.570
433.90	20.679
434.25	20.867
434.61	20.985
434.97	21.141
435.33	21.292
435.69	21.343
436.04	21.516
436.40	21.734
436.76	21.816
437.12	21.923
437.48	21.960
437.83	21.998
438.19	22.044
438.55	22.127
438.91	22.312
439.27	22.406
439.62	22.586
439.98	22.701
440.34	22.667
440.70	22.764
441.05	22.848
441.41	23.046
441.77	23.143
442.13	23.198
442.48	23.317
442.84	23.388
443.20	23.591
443.56	23.695
443.91	23.786
444.27	23.992
444.63	24.163
444.98	24.302
445.34	24.415
445.70	24.611
446.05	24.749
446.41	24.838
446.77	24.938
447.13	25.021
447.48	25.192
447.84	25.344
448.20	25.481
448.55	25.644
448.91	25.821
449.27	25.937
449.62	26.053
449.98	26.326
450.34	26.526
450.69	26.735
451.05	26.886
451.40	27.051
451.76	27.184
452.12	27.349
452.47	27.536
452.83	27.726
453.19	27.887
453.54	28.078
453.90	28.135
454.25	28.334
454.61	28.493
454.97	28.754
455.32	28.944
455.68	29.148
456.03	29.364
456.39	29.399
456.75	29.451
457.10	29.627
457.46	29.795
457.81	30.007
458.17	30.199
458.52	30.309
458.88	30.454
459.24	30.625
459.59	30.792
459.95	30.894
460.30	31.064
460.66	31.259
461.01	31.381
461.37	31.449
461.72	31.597
462.08	31.762
462.43	31.987
462.79	32.125
463.14	32.319
463.50	32.446
463.85	32.637
464.21	32.821
464.56	32.919
464.92	33.207
465.27	33.435
465.63	33.602
465.98	33.700
466.34	33.852
466.69	34.036
467.05	34.117
467.40	34.343
467.76	34.470
468.11	34.622
468.47	34.825
468.82	34.941
469.18	35.148
469.53	35.267
469.88	35.448
470.24	35.634
470.59	35.864
470.95	36.000
471.30	36.117
471.66	36.298
472.01	36.547
472.36	36.701
472.72	36.787
473.07	36.927
473.43	37.193
473.78	37.411
474.13	37.506
474.49	37.633
474.84	37.860
475.19	38.060
475.55	38.248
475.90	38.341
476.26	38.544
476.61	38.777
476.96	38.953
477.32	39.044
477.67	39.068
478.02	39.217
478.38	39.279
478.73	39.369
479.08	39.567
479.44	39.670
479.79	39.867
480.14	40.115
480.50	40.185
480.85	40.280
481.20	40.397
481.56	40.611
481.91	40.777
482.26	41.015
482.62	41.199
482.97	41.282
483.32	41.390
483.67	41.499
484.03	41.550
484.38	41.612
484.73	41.720
485.08	41.836
485.44	41.923
485.79	42.069
486.14	42.142
486.49	42.212
486.85	42.276
487.20	42.376
487.55	42.417
487.90	42.500
488.26	42.645
488.61	42.714
488.96	42.854
489.31	42.934
489.67	42.990
490.02	43.067
490.37	43.192
490.72	43.261
491.07	43.359
491.43	43.437
491.78	43.478
492.13	43.523
492.48	43.639
492.83	43.693
493.19	43.786
493.54	43.876
493.89	43.947
494.24	44.071
494.59	44.206
494.94	44.302
495.29	44.369
495.65	44.485
496.00	44.597
496.35	44.674
496.70	44.713
497.05	44.869
497.40	44.997
497.75	45.131
498.11	45.223
498.46	45.355
498.81	45.422
499.16	45.614
499.51	45.771
499.86	45.947
500.21	46.119
500.56	46.333
500.91	46.426
501.26	46.537
501.62	46.731
501.97	46.864
502.32	47.028
502.67	47.251
503.02	47.301
503.37	47.382
503.72	47.478
504.07	47.517
504.42	47.548
504.77	47.761
505.12	47.870
505.47	47.893
505.82	47.873
506.17	47.942
506.52	47.933
506.87	48.039
507.22	48.210
507.57	48.321
507.92	48.351
508.27	48.468
508.62	48.505
508.97	48.691
509.32	48.865
509.67	48.990
510.02	49.118
510.37	49.210
510.72	49.302
511.07	49.353
511.42	49.484
511.77	49.747
512.12	49.875
512.47	50.041
512.82	50.085
513.17	50.207
513.52	50.330
513.87	50.410
514.22	50.562
514.57	50.711
514.91	50.844
515.26	50.836
515.61	50.815
515.96	50.898
516.31	50.931
516.66	51.060
517.01	51.100
517.36	51.172
517.71	51.343
518.06	51.438
518.41	51.644
518.75	51.763
519.10	51.979
519.45	52.150
519.80	52.312
520.15	52.472
520.50	52.554
520.85	52.681
521.19	52.873
521.54	52.985
521.89	53.140
522.24	53.206
522.59	53.298
522.94	53.459
523.28	53.544
523.63	53.608
523.98	53.742
524.33	53.927
524.68	54.078
525.03	54.178
525.37	54.337
525.72	54.505
526.07	54.657
526.42	54.917
526.76	55.087
527.11	55.242
527.46	55.405
527.81	55.549
528.16	55.675
528.50	55.765
528.85	55.889
529.20	55.953
529.55	56.075
529.89	56.189
530.24	56.263
530.59	56.333
530.94	56.534
531.28	56.702
531.63	56.825
531.98	56.981
532.32	57.122
532.67	57.217
533.02	57.395
533.37	57.472
533.71	57.566
534.06	57.676
534.41	57.783
534.75	57.911
535.10	58.081
535.45	58.215
535.79	58.354
536.14	58.490
536.49	58.716
536.83	58.757
537.18	58.944
537.53	59.085
537.87	59.180
538.22	59.308
538.57	59.409
538.91	59.576
539.26	59.844
539.61	59.868
539.95	60.104
540.30	60.240
540.64	60.381
540.99	60.450
541.34	60.565
541.68	60.632
542.03	60.700
542.37	60.744
542.72	60.767
543.07	60.739
543.41	60.880
543.76	60.871
544.10	60.938
544.45	60.959
544.80	61.114
545.14	61.189
545.49	61.383
545.83	61.596
546.18	61.838
546.52	61.957
546.87	62.106
547.21	62.190
547.56	62.371
547.90	62.487
548.25	62.771
548.59	62.836
548.94	63.000
549.29	63.083
549.63	63.163
549.98	63.220
550.32	63.351
550.67	63.573
551.01	63.874
551.35	64.013
551.70	64.136
552.04	64.245
552.39	64.367
552.73	64.480
553.08	64.583
553.42	64.723
553.77	64.733
554.11	64.838
554.46	64.816
554.80	64.800
555.15	64.897
555.49	64.951
555.83	64.999
556.18	65.046
556.52	65.035
556.87	65.190
557.21	65.194
557.56	65.324
557.90	65.275
558.24	65.396
558.59	65.516
558.93	65.528
559.28	65.671
559.62	65.705
559.96	65.769
560.31	66.012
560.65	66.115
560.99	66.359
561.34	66.401
561.68	66.550
562.02	66.648
562.37	66.722
562.71	66.877
563.06	66.960
563.40	67.067
563.74	67.291
564.09	67.350
564.43	67.497
564.77	67.535
565.11	67.786
565.46	67.970
565.80	68.024
566.14	68.223
566.49	68.402
566.83	68.571
567.17	68.684
567.52	68.717
567.86	68.744
568.20	68.809
568.54	68.927
568.89	69.138
569.23	69.187
569.57	69.396
569.91	69.450
570.26	69.545
570.60	69.538
570.94	69.748
571.28	69.877
571.63	70.029
571.97	70.151
572.31	70.254
572.65	70.139
573.00	70.201
573.34	70.175
573.68	70.204
574.02	70.214
574.36	70.148
574.71	70.109
575.05	70.072
575.39	70.107
575.73	69.992
576.07	69.987
576.42	69.992
576.76	70.047
577.10	70.076
577.44	70.123
577.78	70.062
578.12	70.186
578.46	70.293
578.81	70.329
579.15	70.324
579.49	70.400
579.83	70.528
580.17	70.673
580.51	70.714
580.85	70.765
581.20	70.702
581.54	70.653
581.88	70.734
582.22	70.667
582.56	70.819
582.90	70.927
583.24	71.067
583.58	70.978
583.92	71.066
584.26	71.150
584.60	71.269
584.95	71.360
585.29	71.517
585.63	71.547
585.97	71.704
586.31	71.778
586.65	71.849
586.99	71.802
587.33	71.897
587.67	71.785
588.01	71.899
588.35	72.006
588.69	71.942
589.03	72.084
589.37	72.280
589.71	72.345
590.05	72.222
590.39	72.369
590.73	72.388
591.07	72.478
591.41	72.641
591.75	72.758
592.09	72.928
592.43	73.191
592.77	73.262
593.11	73.223
593.45	73.277
593.79	73.321
594.13	73.228
594.47	73.596
594.81	73.771
595.14	73.851
595.48	73.922
595.82	73.966
596.16	74.123
596.50	74.232
596.84	74.303
597.18	74.326
597.52	74.483
597.86	74.554
598.20	74.458
598.54	74.360
598.87	74.225
599.21	74.172
599.55	74.143
599.89	74.007
600.23	73.944
600.57	74.022
600.91	74.014
601.25	74.351
601.58	74.388
601.92	74.274
602.26	74.289
602.60	74.755
602.94	74.845
603.28	74.659
603.61	74.732
603.95	74.647
604.29	74.596
604.63	74.686
604.97	74.584
605.30	74.683
605.64	74.678
605.98	74.717
606.32	74.543
606.66	74.607
606.99	74.674
607.33	74.830
607.67	74.998
608.01	75.099
608.34	75.039
608.68	74.724
609.02	74.562
609.36	74.453
609.69	74.416
610.03	74.284
610.37	74.028
610.71	73.955
611.04	73.564
611.38	73.328
611.72	73.143
612.06	73.245
612.39	73.472
612.73	73.531
613.07	73.811
613.40	73.901
613.74	73.954
614.08	74.139
614.41	74.404
614.75	74.705
615.09	74.776
615.42	75.049
615.76	74.901
616.10	74.923
616.43	75.173
616.77	75.216
617.11	75.244
617.44	75.442
617.78	75.448
618.12	75.370
618.45	75.459
618.79	75.728
619.13	75.634
619.46	75.625
619.80	75.684
620.13	75.620
620.47	75.676
620.81	75.649
621.14	75.707
621.48	75.713
621.81	75.712
622.15	75.723
622.48	75.787
622.82	75.791
623.16	75.768
623.49	75.695
623.83	75.799
624.16	75.625
624.50	75.800
624.83	75.439
625.17	75.610
625.50	75.831
625.84	75.718
626.18	75.686
626.51	75.683
626.85	75.776
627.18	75.807
627.52	75.673
627.85	75.936
628.19	75.920
628.52	76.209
628.86	76.008
629.19	75.816
629.53	75.780
629.86	75.710
630.19	75.859
630.53	76.088
630.86	76.304
631.20	76.378
631.53	76.338
631.87	76.356
632.20	76.249
632.54	76.358
632.87	76.395
633.20	76.614
633.54	76.777
633.87	76.763
634.21	76.661
634.54	76.608
634.88	76.564
635.21	76.247
635.54	76.323
635.88	76.491
636.21	76.537
636.55	76.532
636.88	76.505
637.21	76.309
637.55	76.438
637.88	76.538
638.21	76.414
638.55	76.584
638.88	76.840
639.21	76.801
639.55	76.748
639.88	76.737
640.21	76.826
640.55	76.783
640.88	76.927
641.21	76.794
641.55	76.829
641.88	76.987
642.21	76.885
642.55	76.907
642.88	76.913
643.21	76.877
643.55	76.851
643.88	76.905
644.21	76.884
644.54	76.980
644.88	76.993
645.21	76.902
645.54	76.917
645.87	76.802
646.21	76.636
646.54	76.592
646.87	76.623
647.20	76.842
647.54	76.645
647.87	76.633
648.20	76.323
648.53	76.028
648.87	76.065
649.20	75.973
649.53	75.963
649.86	76.045
650.19	76.012
650.53	76.232
650.86	76.149
651.19	76.373
651.52	76.476
651.85	76.687
652.18	76.974
652.52	77.044
652.85	77.072
653.18	77.169
653.51	77.475
653.84	77.594
654.17	77.226
654.51	77.359
654.84	77.277
655.17	77.285
655.50	77.073
655.83	77.294
656.16	77.246
656.49	77.231
656.82	77.300
657.15	76.957
657.49	76.810
657.82	77.053
658.15	76.950
658.48	77.082
658.81	77.158
659.14	77.336
659.47	77.019
659.80	76.951
660.13	76.996
660.46	77.052
660.79	77.051
661.12	77.131
661.45	76.869
661.78	76.739
662.11	76.562
662.44	76.241
662.77	76.297
663.10	76.384
663.43	76.543
663.76	76.454
664.09	76.349
664.42	76.409
664.75	76.335
665.08	76.355
665.41	76.485
665.74	76.591
666.07	76.759
666.40	76.675
666.73	76.577
667.06	76.406
667.39	76.331
667.72	76.195
668.05	75.933
668.38	75.816
668.71	75.909
669.04	75.832
669.37	75.788
669.70	75.620
670.03	75.746
670.36	75.961
670.69	76.008
671.01	76.183
671.34	76.191
671.67	76.634
672.00	76.659
672.33	76.738
672.66	76.743
672.99	76.826
673.32	77.048
673.64	76.765
673.97	76.689
674.30	76.486
674.63	76.296
674.96	76.545
675.29	76.328
675.62	76.289
675.94	76.284
676.27	76.265
676.60	76.428
676.93	76.291
677.26	76.655
677.58	76.463
677.91	76.647
678.24	76.793
678.57	76.620
678.90	76.385
679.22	76.228
679.55	76.110
679.88	75.984
680.21	75.656
680.54	75.648
680.86	75.138
681.19	75.353
681.52	75.251
681.85	75.375
682.17	75.413
682.50	75.368
682.83	75.716
683.16	75.709
683.48	75.528
683.81	75.508
684.14	75.546
684.46	75.619
684.79	75.091
685.12	74.991
685.45	74.656
685.77	74.358
686.10	74.419
686.43	73.906
686.75	74.109
687.08	74.219
687.41	74.071
687.73	73.697
688.06	73.793
688.39	73.648
688.71	73.460
689.04	73.558
689.36	73.380
689.69	73.610
690.02	73.831
690.34	73.813
690.67	73.714
691.00	73.900
691.32	74.409
691.65	73.870
691.97	74.254
692.30	74.229
692.63	73.982
692.95	74.151
693.28	73.993
693.60	73.958
693.93	73.433
694.26	73.584
694.58	73.355
694.91	72.942
695.23	73.337
695.56	73.491
695.88	73.689
696.21	73.064
696.53	72.790
696.86	72.997
697.18	73.252
697.51	73.303
697.83	73.265
698.16	73.101
698.48	73.199
698.81	73.111
699.13	72.919
699.46	72.631
699.78	73.075
700.11	73.020
700.43	72.650
700.76	72.070
701.08	71.840
701.41	71.620
701.73	71.451
702.06	71.122
702.38	70.798
702.71	70.752
703.03	70.585
703.35	69.978
703.68	69.910
704.00	69.712
704.33	69.950
704.65	69.963
704.98	70.238
705.30	69.944
705.62	69.906
705.95	70.101
706.27	69.740
706.60	69.659
706.92	70.253
707.24	70.007
707.57	69.922
707.89	69.569
708.21	69.400
708.54	68.933
708.86	69.166
709.18	69.201
709.51	68.807
709.83	68.897
710.15	68.933
710.48	68.732
710.80	68.973
711.12	68.838
711.45	68.828
711.77	68.519
712.09	68.631
712.42	68.686
712.74	68.545
713.06	68.912
713.38	68.634
713.71	68.627
714.03	68.061
714.35	68.226
714.68	68.388
715.00	68.258
715.32	68.356
715.64	67.814
715.97	67.522
716.29	67.024
716.61	66.450
716.93	66.056
717.25	65.867
717.58	65.902
717.90	65.428
718.22	64.922
718.54	64.552
718.87	64.106
719.19	63.868
719.51	63.872
719.83	64.257
720.15	64.404
720.47	64.430
720.80	64.101
721.12	63.922
721.44	63.724
721.76	63.749
722.08	64.066
722.40	64.450
722.73	64.127
723.05	63.952
723.37	63.625
723.69	63.405
724.01	63.822
724.33	63.990
724.65	64.334
724.97	64.355
725.30	63.982
725.62	63.580
725.94	63.263
726.26	63.173
726.58	62.520
726.90	62.479
727.22	61.808
727.54	61.424
727.86	61.736
728.18	61.204
728.50	61.270
728.82	61.020
729.14	60.779
729.46	60.905
729.78	60.847
730.10	61.664
730.42	61.277
730.74	62.050
731.07	61.655
731.39	61.466
731.71	60.879
732.03	60.000
732.35	60.781
732.66	60.715
732.98	60.816
733.30	60.644
733.62	60.190
733.94	59.990
734.26	59.150
734.58	58.952
734.90	58.132
735.22	58.390
735.54	58.474
735.86	57.878
736.18	58.278
736.50	57.785
736.82	57.884
737.14	57.494
737.46	57.279
737.78	57.073
738.10	57.644
738.41	57.771
738.73	57.961
739.05	57.929
739.37	57.603
739.69	56.775
740.01	56.961
740.33	56.349
740.65	55.650
740.96	55.321
741.28	55.427
741.60	54.668
741.92	54.625
742.24	54.052
742.56	53.638
742.88	53.540
743.19	54.017
743.51	53.172
743.83	54.084
744.15	54.435
744.47	54.481
744.78	54.073
745.10	53.646
745.42	53.131
745.74	52.976
746.06	52.913
746.37	52.646
746.69	52.150
747.01	52.016
747.33	51.297
747.64	51.584
747.96	51.701
748.28	52.817
748.60	53.165
748.91	53.391
749.23	53.535
749.55	54.724
749.87	54.443
750.18	53.970
750.50	54.378
750.82	55.114
751.13	53.928
751.45	54.024
751.77	53.318
752.08	54.163
752.40	53.086
752.72	53.377
753.03	52.232
753.35	52.554
753.67	52.443
753.98	51.125
754.30	50.054
754.62	51.086
754.93	50.857
755.25	50.164
755.57	49.988
755.88	51.093
756.20	50.539
756.51	49.516
756.83	49.956
757.15	50.037
757.46	51.198
757.78	51.195
758.09	49.988
758.41	48.810
758.73	48.244
759.04	47.641
759.36	46.499
759.67	47.276
759.99	48.308
760.30	47.266
760.62	46.637
760.94	46.767
761.25	46.633
761.57	47.551
761.88	49.190
762.20	50.673
762.51	50.555
762.83	51.455
763.14	50.049
763.46	49.449
763.77	49.101
764.09	49.636
764.40	49.543
764.72	49.569
765.03	49.654
765.35	49.455
765.66	48.353
765.98	48.532
766.29	48.349
766.61	49.065
766.92	49.048
767.23	49.391
767.55	50.071
767.86	50.105
768.18	50.619
768.49	49.735
768.81	48.308
769.12	49.761
769.43	48.740
769.75	46.711
770.06	46.690
770.38	46.276
770.69	46.316
771.00	45.102
771.32	44.095
771.63	43.490
771.94	43.967
772.26	44.112
772.57	42.727
772.89	41.135
773.20	42.870
773.51	40.964
773.83	41.851
774.14	40.810
774.45	40.969
774.77	40.256
775.08	40.718
775.39	41.516
775.70	42.365
776.02	41.290
776.33	42.813
776.64	41.995
776.96	43.166
777.27	42.267
777.58	42.548
777.89	41.521
778.21	42.187
778.52	40.547
778.83	39.068
779.14	38.431
779.46	38.118
779.77	37.309
780.08	36.706
780.39	37.706
780.71	38.451
781.02	37.725
781.33	37.573
781.64	37.988
781.95	38.966
782.27	38.172
782.58	37.099
782.89	38.265
783.20	37.474
783.51	37.805
783.83	36.871
784.14	35.728
784.45	37.339
784.76	38.990
785.07	37.281
785.38	37.570
785.70	37.494
786.01	37.332
786.32	37.488
786.63	39.412
786.94	38.582
787.25	38.099
787.56	38.396
787.87	36.198
788.18	35.395
788.50	35.149
788.81	34.155
789.12	34.356
789.43	35.493
789.74	34.149
790.05	33.132
790.36	32.693
790.67	31.247
790.98	30.122
791.29	30.289
791.60	30.666
791.91	31.014
792.22	32.547
792.53	32.675
792.84	30.434
793.15	29.899
793.46	29.249
793.77	29.754
794.08	30.315
794.39	31.076
794.70	31.961
795.01	28.631
795.32	25.194
795.63	23.713
795.94	23.749
796.25	23.083
796.56	23.660
796.87	22.826
797.18	23.265
797.49	24.415
797.80	24.640
798.11	24.502
798.42	26.224
798.73	30.305
799.04	29.332
799.35	27.954
799.65	29.234
799.96	28.995
800.27	30.659
800.58	29.389
800.89	26.131
801.20	25.740
801.51	26.420
801.82	27.062
802.13	25.604
802.43	25.008
802.74	26.497
803.05	26.864
803.36	25.940
803.67	24.877
803.98	26.663
804.28	27.242
804.59	26.033
804.90	23.145
805.21	20.763
805.52	22.326
805.83	21.312
806.13	21.479
806.44	20.527
806.75	21.937
807.06	21.491
807.36	20.347
807.67	20.939
807.98	20.212
808.29	22.080
808.60	24.364
808.90	22.392
809.21	23.820
809.52	22.883
809.83	21.305
810.13	21.777
810.44	21.574
810.75	18.678
811.05	18.521
811.36	19.404
811.67	16.254
811.98	14.717
812.28	13.691
812.59	12.046
812.90	12.886
813.20	14.574
813.51	13.173
813.82	12.694
814.12	15.155
814.43	15.405
814.74	15.449
815.04	16.184
815.35	12.477
815.65	11.806
815.96	13.385
816.27	13.278
816.57	12.735
816.88	13.878
817.19	13.398
817.49	11.006
817.80	13.087
818.10	9.839
818.41	12.884
818.72	17.082
819.02	17.295
819.33	17.513
819.63	17.337
819.94	18.635
820.24	20.778
820.55	23.619
820.85	30.215
821.16	32.286
821.47	34.703
821.77	36.990
822.08	37.795
822.38	38.380
822.69	38.447
822.99	38.534
823.30	38.983
823.60	38.395
823.91	38.020
824.21	37.702
824.52	37.319
824.82	36.655
825.13	34.482
825.43	33.268
825.73	32.867
826.04	32.084
826.34	31.476
826.65	31.007
826.95	30.781
827.26	31.131
827.56	28.537
827.87	26.594
828.17	26.341
828.47	26.886
828.78	25.801
829.08	24.295
829.39	22.406
829.69	21.161
829.99	18.309
830.30	17.667
830.60	16.796
830.90	16.864
831.21	17.745
831.51	17.343
831.82	15.312
832.12	16.704
832.42	16.720
832.73	19.260
833.03	18.429
833.33	20.098
833.64	20.623
833.94	18.690
834.24	19.377
834.54	17.344
834.85	17.026
835.15	15.671
835.45	13.515
835.76	13.710
836.06	12.240
836.36	9.626
836.66	5.987
836.97	2.048
837.27	3.493
837.57	-2.671
837.87	-0.478
838.18	-3.773
838.48	-5.009
838.78	-2.530
839.08	-5.526
839.39	-4.862
839.69	-3.783
839.99	-1.287
840.29	-2.133
840.59	-1.899
840.90	-4.115
841.20	-9.233
841.50	-6.430
841.80	-4.111
842.10	-6.429
842.41	-5.007
842.71	-10.406
843.01	-11.076
843.31	-12.446
843.61	-15.027
843.91	-24.135
844.21	-18.249
844.52	-18.074
844.82	-11.876
845.12	-11.892
845.42	-11.596
845.72	-19.485
846.02	-20.815
846.32	-17.061
846.62	-22.656
846.92	-28.703
847.22	-35.155
847.52	-27.483
847.83	-31.028
848.13	-46.774
848.43	-61.936
848.73	-55.521
849.03	-46.013
849.33	-43.182
849.63	-52.059
849.93	-56.900
850.23	-47.156
850.53	-42.384
850.83	-51.481
851.13	-43.422
851.43	-45.892
851.73	-34.093
852.03	-40.341
852.33	-44.637
852.63	-39.937
852.93	-27.962
853.23	-30.044
853.53	-39.088
853.83	-50.248
854.13	-40.786
854.43	-41.533
854.73	-31.665
855.03	-44.837
855.32	-68.301
855.62	-77.203
855.92	-128.125
856.22	-161.954
856.52	-134.034
856.82	-126.253
857.12	-94.129
857.42	-111.345
857.72	-126.794
858.02	-143.350
858.31	-110.062
858.61	-75.168
858.91	-81.371
859.21	-49.415
859.51	-33.333
859.81	-23.720
860.11	-14.728
860.40	-15.263
860.70	-15.375
861.00	-10.615
861.30	-6.608
861.60	-9.341
861.90	-19.085
862.19	-21.637
862.49	-21.857
862.79	-29.521
863.09	-39.655
863.39	-44.814
863.68	-52.896
863.98	-55.693
864.28	-53.881
864.58	-62.005
864.87	-59.679
865.17	-50.115
865.47	-48.548
865.77	-74.563
866.06	-78.281
866.36	-70.503
866.66	-73.554
866.96	-85.822
867.25	-95.994
867.55	-111.552
867.85	-140.079
868.14	-121.553
868.44	-132.128
868.74	-114.911
869.03	-69.381
869.33	-77.087
869.63	-96.009
869.92	-109.302
870.22	-117.381
870.52	-116.898
870.81	-114.588
871.11	-111.574
871.41	-149.435
871.70	-117.986
872.00	-144.205
872.30	-234.962
872.59	-262.500
872.89	-194.012
873.18	-165.169
873.48	-121.011
873.78	-93.750
874.07	-103.599
874.37	-103.352
874.66	-82.921
874.96	-105.793
875.25	-107.672
875.55	-88.889
875.85	-66.818
876.14	-82.410
876.44	-115.588
876.73	-115.405
877.03	-152.754
877.32	-125.707
877.62	-110.714
877.91	-131.362
878.21	-137.349
878.50	-131.186
878.80	-110.288
879.09	-108.367
879.39	-110.372
879.68	-89.522
879.98	-78.502
880.27	-68.083
880.57	-64.842
880.86	-49.956
881.16	-41.487
881.45	-29.255
881.74	-18.413
882.04	-15.462
882.33	-11.720
882.63	-8.809
882.92	-7.888
883.22	-8.083
883.51	-3.947
883.80	-3.484
884.10	-5.147
884.39	-7.476
884.69	-9.796
884.98	-17.058
885.27	-16.159
885.57	-22.065
885.86	-23.067
886.15	-26.221
886.45	-31.185
886.74	-50.820
887.03	-67.102
887.33	-75.171
887.62	-69.301
887.91	-85.714
888.21	505.882
888.50	-306.250
888.79	-70.833
889.09	-103.448
