190.56	159.375
190.94	159.375
191.32	159.375
191.70	63.636
192.08	57.143
192.46	144.167
192.84	123.846
193.22	89.437
193.60	61.935
193.98	59.000
194.36	54.667
194.74	28.814
195.13	-45.161
195.51	-9.917
195.89	-8.861
196.27	-20.497
196.65	-4.808
197.03	-42.697
197.40	-152.800
197.78	-159.322
198.16	-282.143
198.54	-145.714
198.92	-235.294
199.30	-68.852
199.68	-67.582
200.06	-73.770
200.44	-79.630
200.82	-60.656
201.20	-39.535
201.58	-1.026
201.96	-24.638
202.34	8.609
202.72	-21.107
203.10	-17.117
203.48	-10.334
203.86	4.657
204.24	15.385
204.62	19.962
205.00	9.615
205.38	26.000
205.76	26.719
206.13	43.570
206.51	33.680
206.89	48.440
207.27	61.638
207.65	47.537
208.03	40.456
208.41	55.875
208.79	36.579
209.17	48.522
209.55	20.844
209.93	14.713
210.30	1.453
210.68	9.375
211.06	16.609
211.44	36.047
211.82	45.902
212.20	57.927
212.58	48.430
212.96	63.910
213.33	68.015
213.71	76.471
214.09	78.281
214.47	70.940
214.85	73.352
215.23	35.638
215.61	4.813
215.98	-15.657
216.36	-42.195
216.74	-50.215
217.12	-44.543
217.50	-56.570
217.88	-59.953
218.25	-40.649
218.63	-63.454
219.01	-69.899
219.39	-44.771
219.77	-32.293
220.14	-11.831
220.52	1.186
220.90	4.818
221.28	0.344
221.66	5.011
222.03	8.195
222.41	6.627
222.79	10.272
223.17	13.558
223.55	10.408
223.92	10.221
224.30	9.016
224.68	9.677
225.06	8.081
225.43	7.363
225.81	7.413
226.19	8.170
226.57	8.321
226.95	7.207
227.32	5.947
227.70	6.183
228.08	6.698
228.46	6.855
228.83	7.533
229.21	7.704
229.59	7.565
229.96	6.642
230.34	5.364
230.72	5.220
231.10	5.331
231.47	6.090
231.85	6.343
232.23	6.019
232.60	4.764
232.98	2.608
233.36	2.886
233.74	3.345
234.11	4.209
234.49	5.600
234.87	5.863
235.24	6.184
235.62	5.308
236.00	5.390
236.37	4.775
236.75	6.175
237.13	6.189
237.50	4.669
237.88	3.896
238.26	3.384
238.63	3.019
239.01	2.500
239.39	2.679
239.76	3.457
240.14	3.645
240.52	4.252
240.89	3.453
241.27	3.866
241.65	4.220
242.02	4.413
242.40	4.764
242.77	4.729
243.15	4.860
243.53	4.327
243.90	4.370
244.28	3.984
244.66	3.670
245.03	3.993
245.41	3.737
245.78	4.098
246.16	4.107
246.54	3.257
246.91	3.352
247.29	3.200
247.66	3.333
248.04	3.269
248.41	3.206
248.79	3.498
249.17	3.002
249.54	3.275
249.92	2.892
250.29	2.703
250.67	3.211
251.04	2.723
251.42	3.033
251.80	3.314
252.17	3.005
252.55	3.317
252.92	3.035
253.30	2.881
253.67	2.315
254.05	2.079
254.42	1.742
254.80	1.870
255.17	2.169
255.55	2.130
255.92	2.174
256.30	2.444
256.67	2.623
257.05	2.039
257.42	2.096
257.80	2.552
258.17	2.531
258.55	2.648
258.92	2.657
259.30	2.752
259.67	2.425
260.05	2.352
260.42	2.040
260.80	1.872
261.17	2.157
261.55	2.430
261.92	2.267
262.30	2.500
262.67	2.465
263.05	2.239
263.42	2.320
263.79	2.461
264.17	2.169
264.54	2.511
264.92	1.880
265.29	1.689
265.67	1.611
266.04	1.438
266.42	1.164
266.79	1.133
267.16	1.436
267.54	1.202
267.91	1.388
268.29	1.416
268.66	1.336
269.03	1.719
269.41	1.552
269.78	1.694
270.16	1.851
270.53	2.084
270.90	2.374
271.28	2.267
271.65	2.350
272.03	2.358
272.40	2.441
272.77	2.726
273.15	2.958
273.52	3.046
273.89	3.057
274.27	2.932
274.64	2.578
275.01	2.282
275.39	2.498
275.76	2.392
276.14	2.313
276.51	2.236
276.88	2.056
277.26	1.851
277.63	1.918
278.00	1.785
278.38	2.001
278.75	2.118
279.12	2.175
279.49	1.935
279.87	1.902
280.24	1.907
280.61	1.969
280.99	1.861
281.36	1.970
281.73	1.914
282.11	1.985
282.48	1.857
282.85	2.018
283.22	1.964
283.60	2.094
283.97	2.077
284.34	2.187
284.71	2.162
285.09	2.250
285.46	2.095
285.83	2.080
286.21	1.847
286.58	1.914
286.95	1.909
287.32	1.960
287.70	1.929
288.07	2.063
288.44	1.898
288.81	1.947
289.18	1.987
289.56	2.029
289.93	2.207
290.30	2.290
290.67	2.351
291.05	2.428
291.42	2.440
291.79	2.569
292.16	2.636
292.53	2.899
292.91	2.813
293.28	2.691
293.65	2.797
294.02	2.664
294.39	2.905
294.76	2.964
295.14	2.884
295.51	2.940
295.88	2.842
296.25	2.773
296.62	2.578
297.00	2.708
297.37	2.732
297.74	2.760
298.11	2.991
298.48	2.810
298.85	2.706
299.22	2.610
299.60	2.646
299.97	2.553
300.34	2.559
300.71	2.700
301.08	2.677
301.45	2.612
301.82	2.521
302.19	2.460
302.56	2.448
302.94	2.398
303.31	2.354
303.68	2.088
304.05	2.058
304.42	2.141
304.79	1.943
305.16	1.785
305.53	1.795
305.90	1.732
306.27	1.493
306.64	1.648
307.02	1.602
307.39	1.719
307.76	2.005
308.13	2.075
308.50	2.017
308.87	2.172
309.24	2.429
309.61	2.489
309.98	2.597
310.35	2.662
310.72	2.627
311.09	2.817
311.46	2.868
311.83	2.834
312.20	2.826
312.57	2.847
312.94	3.028
313.31	2.585
313.68	2.535
314.05	2.605
314.42	2.528
314.79	2.618
315.16	2.434
315.53	2.347
315.90	2.331
316.27	2.364
316.64	2.330
317.01	1.996
317.38	2.348
317.75	2.424
318.12	2.359
318.49	2.452
318.86	2.391
319.23	2.550
319.60	2.604
319.97	2.523
320.34	2.462
320.71	2.494
321.08	2.393
321.45	2.102
321.82	1.980
322.19	1.947
322.55	1.896
322.92	1.934
323.29	1.911
323.66	1.947
324.03	2.018
324.40	2.237
324.77	2.291
325.14	2.479
325.51	2.719
325.88	2.854
326.25	3.086
326.61	3.218
326.98	3.245
327.35	3.285
327.72	3.424
328.09	3.432
328.46	3.633
328.83	3.745
329.20	3.982
329.56	4.142
329.93	4.283
330.30	4.182
330.67	4.295
331.04	4.349
331.41	4.421
331.78	4.400
332.14	4.505
332.51	4.333
332.88	4.414
333.25	4.368
333.62	4.169
333.99	4.184
334.35	4.316
334.72	4.286
335.09	4.304
335.46	4.181
335.83	4.051
336.19	3.977
336.56	3.957
336.93	3.751
337.30	3.874
337.67	3.913
338.03	4.007
338.40	3.952
338.77	3.985
339.14	3.995
339.50	4.024
339.87	4.007
340.24	4.010
340.61	3.917
340.97	4.131
341.34	4.124
341.71	4.033
342.08	3.869
342.44	3.838
342.81	3.732
343.18	3.612
343.55	3.679
343.91	3.832
344.28	3.823
344.65	3.878
345.02	3.700
345.38	3.560
345.75	3.528
346.12	3.479
346.48	3.289
346.85	3.399
347.22	3.455
347.59	3.338
347.95	3.337
348.32	3.402
348.69	3.554
349.05	3.374
349.42	3.236
349.79	3.229
350.15	3.209
350.52	3.346
350.89	3.110
351.25	3.103
351.62	3.104
351.99	2.933
352.35	2.722
352.72	2.681
353.09	2.884
353.45	2.900
353.82	2.697
354.18	2.769
354.55	2.730
354.92	2.635
355.28	2.529
355.65	2.595
356.02	2.593
356.38	2.708
356.75	2.519
357.11	2.436
357.48	2.386
357.85	2.568
358.21	2.439
358.58	2.476
358.94	2.516
359.31	2.454
359.67	2.362
360.04	2.445
360.41	2.403
360.77	2.502
361.14	2.542
361.50	2.646
361.87	2.716
362.23	2.755
362.60	2.645
362.97	2.708
363.33	2.881
363.70	2.941
364.06	2.870
364.43	2.922
364.79	2.851
365.16	2.737
365.52	2.582
365.89	2.463
366.25	2.340
366.62	2.354
366.98	2.284
367.35	2.069
367.71	1.899
368.08	2.092
368.44	2.108
368.81	2.077
369.17	2.047
369.54	2.145
369.90	2.231
370.27	2.470
370.63	2.415
371.00	2.460
371.36	2.611
371.73	2.741
372.09	2.501
372.45	2.393
372.82	2.377
373.18	2.529
373.55	2.616
373.91	2.615
374.28	2.674
374.64	2.735
375.01	2.866
375.37	2.822
375.73	2.964
376.10	3.058
376.46	3.114
376.83	3.251
377.19	3.307
377.55	3.269
377.92	3.257
378.28	3.206
378.65	3.357
379.01	3.335
379.37	3.530
379.74	3.536
380.10	3.704
380.47	3.819
380.83	3.819
381.19	3.961
381.56	4.118
381.92	4.241
382.28	4.441
382.65	4.445
383.01	4.514
383.37	4.455
383.74	4.432
384.10	4.534
384.46	4.487
384.83	4.576
385.19	4.603
385.55	4.670
385.92	4.671
386.28	4.579
386.64	4.559
387.01	4.612
387.37	4.728
387.73	4.793
388.10	4.720
388.46	4.825
388.82	4.869
389.18	4.894
389.55	4.947
389.91	5.135
390.27	5.299
390.64	5.537
391.00	5.525
391.36	5.596
391.72	5.806
392.09	5.919
392.45	6.092
392.81	6.089
393.17	6.087
393.54	6.135
393.90	6.180
394.26	6.263
394.62	6.204
394.99	6.416
395.35	6.493
395.71	6.427
396.07	6.485
396.43	6.390
396.80	6.617
397.16	6.824
397.52	7.000
397.88	7.103
398.24	7.101
398.61	7.307
398.97	7.395
399.33	7.414
399.69	7.635
400.05	7.604
400.42	7.891
400.78	7.948
401.14	7.970
401.50	7.998
401.86	7.968
402.22	8.130
402.59	8.156
402.95	8.176
403.31	8.143
403.67	8.117
404.03	8.278
404.39	8.250
404.75	8.349
405.12	8.410
405.48	8.395
405.84	8.581
406.20	8.595
406.56	8.625
406.92	8.717
407.28	8.898
407.64	9.030
408.00	9.134
408.36	9.221
408.73	9.265
409.09	9.312
409.45	9.364
409.81	9.347
410.17	9.437
410.53	9.593
410.89	9.678
411.25	9.683
411.61	9.743
411.97	9.806
412.33	9.878
412.69	9.971
413.05	10.099
413.41	10.165
413.77	10.295
414.13	10.360
414.50	10.367
414.86	10.478
415.22	10.603
415.58	10.666
415.94	10.816
416.30	10.868
416.66	10.895
417.02	10.935
417.38	11.051
417.74	11.154
418.10	11.243
418.46	11.289
418.82	11.245
419.18	11.353
419.54	11.398
419.90	11.337
420.26	11.434
420.61	11.506
420.97	11.525
421.33	11.621
421.69	11.586
422.05	11.602
422.41	11.722
422.77	11.859
423.13	11.882
423.49	11.919
423.85	12.027
424.21	12.070
424.57	12.081
424.93	12.179
425.29	12.151
425.65	12.229
426.01	12.290
426.36	12.297
426.72	12.339
427.08	12.402
427.44	12.497
427.80	12.542
428.16	12.606
428.52	12.739
428.88	12.757
429.24	12.851
429.59	12.912
429.95	12.927
430.31	13.019
430.67	13.079
431.03	13.145
431.39	13.222
431.75	13.279
432.10	13.348
432.46	13.369
432.82	13.443
433.18	13.531
433.54	13.671
433.90	13.781
434.25	13.916
434.61	13.975
434.97	14.040
435.33	14.156
435.69	14.275
436.04	14.363
436.40	14.440
436.76	14.606
437.12	14.720
437.48	14.749
437.83	14.833
438.19	14.823
438.55	14.956
438.91	15.094
439.27	15.141
439.62	15.369
439.98	15.454
440.34	15.467
440.70	15.475
441.05	15.546
441.41	15.633
441.77	15.741
442.13	15.834
442.48	15.786
442.84	15.733
443.20	15.798
443.56	15.720
443.91	15.728
444.27	15.872
444.63	15.966
444.98	16.034
445.34	16.157
445.70	16.208
446.05	16.240
446.41	16.412
446.77	16.589
447.13	16.682
447.48	16.739
447.84	16.858
448.20	17.021
448.55	17.111
448.91	17.224
449.27	17.230
449.62	17.408
449.98	17.548
450.34	17.629
450.69	17.683
451.05	17.764
451.40	17.888
451.76	17.959
452.12	18.002
452.47	18.088
452.83	18.134
453.19	18.261
453.54	18.228
453.90	18.308
454.25	18.409
454.61	18.536
454.97	18.647
455.32	18.746
455.68	18.882
456.03	18.921
456.39	19.006
456.75	19.075
457.10	19.182
457.46	19.254
457.81	19.401
458.17	19.407
458.52	19.506
458.88	19.556
459.24	19.717
459.59	19.801
459.95	19.925
460.30	19.985
460.66	20.116
461.01	20.281
461.37	20.375
461.72	20.419
462.08	20.506
462.43	20.593
462.79	20.713
463.14	20.733
463.50	20.858
463.85	20.957
464.21	21.205
464.56	21.282
464.92	21.366
465.27	21.523
465.63	21.669
465.98	21.780
466.34	21.958
466.69	22.048
467.05	22.174
467.40	22.251
467.76	22.344
468.11	22.362
468.47	22.481
468.82	22.485
469.18	22.533
469.53	22.605
469.88	22.794
470.24	22.796
470.59	22.824
470.95	22.807
471.30	22.945
471.66	23.015
472.01	23.035
472.36	23.108
472.72	23.158
473.07	23.253
473.43	23.297
473.78	23.375
474.13	23.550
474.49	23.587
474.84	23.762
475.19	23.767
475.55	23.787
475.90	23.957
476.26	23.933
476.61	23.991
476.96	24.111
477.32	24.212
477.67	24.227
478.02	24.214
478.38	24.352
478.73	24.314
479.08	24.339
479.44	24.415
479.79	24.375
480.14	24.497
480.50	24.605
480.85	24.599
481.20	24.677
481.56	24.701
481.91	24.716
482.26	24.719
482.62	24.765
482.97	24.784
483.32	24.831
483.67	24.881
484.03	24.908
484.38	24.894
484.73	24.940
485.08	24.951
485.44	25.016
485.79	25.091
486.14	25.182
486.49	25.227
486.85	25.280
487.20	25.302
487.55	25.332
487.90	25.387
488.26	25.488
488.61	25.554
488.96	25.643
489.31	25.740
489.67	25.899
490.02	25.996
490.37	26.123
490.72	26.290
491.07	26.355
491.43	26.480
491.78	26.559
492.13	26.615
492.48	26.689
492.83	26.793
493.19	26.899
493.54	26.939
493.89	27.083
494.24	27.286
494.59	27.396
494.94	27.627
495.29	27.765
495.65	27.866
496.00	28.081
496.35	28.263
496.70	28.377
497.05	28.539
497.40	28.673
497.75	28.769
498.11	28.857
498.46	28.991
498.81	29.199
499.16	29.367
499.51	29.575
499.86	29.662
500.21	29.772
500.56	29.855
500.91	29.985
501.26	30.025
501.62	30.141
501.97	30.144
502.32	30.291
502.67	30.332
503.02	30.426
503.37	30.462
503.72	30.690
504.07	30.741
504.42	30.913
504.77	30.971
505.12	31.177
505.47	31.234
505.82	31.537
506.17	31.691
506.52	31.859
506.87	32.023
507.22	32.289
507.57	32.299
507.92	32.529
508.27	32.744
508.62	32.851
508.97	33.000
509.32	33.207
509.67	33.364
510.02	33.476
510.37	33.614
510.72	33.778
511.07	33.860
511.42	34.130
511.77	34.348
512.12	34.438
512.47	34.690
512.82	34.856
513.17	35.036
513.52	35.174
513.87	35.313
514.22	35.510
514.57	35.638
514.91	35.899
515.26	36.022
515.61	36.124
515.96	36.313
516.31	36.493
516.66	36.669
517.01	36.823
517.36	36.961
517.71	37.175
518.06	37.289
518.41	37.385
518.75	37.496
519.10	37.680
519.45	37.803
519.80	37.949
520.15	38.111
520.50	38.312
520.85	38.520
521.19	38.731
521.54	38.893
521.89	39.120
522.24	39.410
522.59	39.602
522.94	39.770
523.28	39.940
523.63	40.121
523.98	40.315
524.33	40.426
524.68	40.575
525.03	40.779
525.37	40.922
525.72	41.154
526.07	41.361
526.42	41.623
526.76	41.830
527.11	42.088
527.46	42.295
527.81	42.463
528.16	42.635
528.50	42.788
528.85	42.836
529.20	42.985
529.55	43.148
529.89	43.291
530.24	43.405
530.59	43.553
530.94	43.728
531.28	43.976
531.63	44.233
531.98	44.504
532.32	44.757
532.67	45.056
533.02	45.284
533.37	45.429
533.71	45.642
534.06	45.853
534.41	46.055
534.75	46.276
535.10	46.475
535.45	46.584
535.79	46.814
536.14	47.066
536.49	47.277
536.83	47.550
537.18	47.743
537.53	47.988
537.87	48.197
538.22	48.454
538.57	48.785
538.91	48.957
539.26	49.285
539.61	49.460
539.95	49.785
540.30	49.942
540.64	50.061
540.99	50.258
541.34	50.338
541.68	50.524
542.03	50.651
542.37	50.758
542.72	50.976
543.07	51.190
543.41	51.330
543.76	51.328
544.10	51.509
544.45	51.788
544.80	51.943
545.14	52.247
545.49	52.480
545.83	52.612
546.18	52.794
546.52	52.929
546.87	53.117
547.21	53.415
547.56	53.654
547.90	53.926
548.25	54.091
548.59	54.329
548.94	54.379
549.29	54.533
549.63	54.991
549.98	55.159
550.32	55.446
550.67	55.474
551.01	55.785
551.35	56.102
551.70	56.334
552.04	56.534
552.39	56.653
552.73	56.862
553.08	57.055
553.42	57.084
553.77	57.355
554.11	57.465
554.46	57.651
554.80	57.561
555.15	57.543
555.49	57.748
555.83	57.865
556.18	58.148
556.52	58.298
556.87	58.328
557.21	58.574
557.56	58.668
557.90	58.841
558.24	59.110
558.59	59.276
558.93	59.518
559.28	59.505
559.62	59.653
559.96	59.791
560.31	60.084
560.65	60.391
560.99	60.397
561.34	60.476
561.68	60.699
562.02	60.795
562.37	61.020
562.71	61.115
563.06	61.345
563.40	61.590
563.74	61.831
564.09	61.959
564.43	62.020
564.77	62.257
565.11	62.372
565.46	62.485
565.80	62.566
566.14	62.712
566.49	62.946
566.83	62.940
567.17	63.008
567.52	63.003
567.86	63.104
568.20	63.355
568.54	63.479
568.89	63.639
569.23	63.656
569.57	63.829
569.91	63.894
570.26	63.885
570.60	64.222
570.94	64.246
571.28	64.282
571.63	64.371
571.97	64.337
572.31	64.409
572.65	64.475
573.00	64.692
573.34	64.681
573.68	64.750
574.02	64.841
574.36	64.917
574.71	65.064
575.05	65.158
575.39	65.322
575.73	65.577
576.07	65.685
576.42	65.923
576.76	66.064
577.10	66.253
577.44	66.464
577.78	66.740
578.12	66.695
578.46	66.760
578.81	66.931
579.15	66.919
579.49	66.860
579.83	67.034
580.17	67.138
580.51	67.142
580.85	67.098
581.20	67.233
581.54	67.337
581.88	67.575
582.22	67.574
582.56	67.763
582.90	67.908
583.24	68.012
583.58	68.094
583.92	68.162
584.26	68.300
584.60	68.682
584.95	68.844
585.29	68.754
585.63	68.747
585.97	68.933
586.31	68.764
586.65	68.867
586.99	68.930
587.33	68.871
587.67	68.783
588.01	68.786
588.35	68.714
588.69	68.694
589.03	68.778
589.37	68.996
589.71	69.105
590.05	69.425
590.39	69.475
590.73	69.628
591.07	69.736
591.41	69.781
591.75	69.807
592.09	69.976
592.43	69.985
592.77	69.964
593.11	70.103
593.45	70.175
593.79	70.054
594.13	70.197
594.47	70.205
594.81	70.214
595.14	70.452
595.48	70.624
595.82	70.618
596.16	70.680
596.50	70.825
596.84	70.824
597.18	70.759
597.52	70.811
597.86	70.782
598.20	70.741
598.54	70.856
598.87	70.767
599.21	70.535
599.55	70.687
599.89	70.805
600.23	70.967
600.57	70.918
600.91	71.027
601.25	71.098
601.58	71.216
601.92	71.511
602.26	71.679
602.60	71.953
602.94	72.317
603.28	72.134
603.61	72.262
603.95	72.260
604.29	72.169
604.63	72.347
604.97	72.638
605.30	72.660
605.64	72.579
605.98	72.529
606.32	72.321
606.66	72.347
606.99	72.500
607.33	72.553
607.67	72.717
608.01	73.181
608.34	73.106
608.68	72.907
609.02	72.784
609.36	72.866
609.69	72.975
610.03	73.278
610.37	73.088
610.71	73.109
611.04	73.044
611.38	72.936
611.72	72.683
612.06	72.849
612.39	73.101
612.73	73.329
613.07	73.393
613.40	73.432
613.74	73.465
614.08	73.769
614.41	73.699
614.75	73.651
615.09	73.787
615.42	74.011
615.76	73.843
616.10	73.519
616.43	73.325
616.77	73.185
617.11	73.215
617.44	73.142
617.78	73.085
618.12	73.365
618.45	73.462
618.79	73.323
619.13	73.325
619.46	73.415
619.80	73.679
620.13	73.944
620.47	74.284
620.81	74.422
621.14	74.513
621.48	74.422
621.81	74.380
622.15	74.381
622.48	74.446
622.82	74.256
623.16	74.438
623.49	74.556
623.83	74.525
624.16	74.286
624.50	74.205
624.83	74.284
625.17	74.626
625.50	74.690
625.84	74.613
626.18	74.603
626.51	74.813
626.85	74.723
627.18	74.659
627.52	74.722
627.85	74.896
628.19	75.010
628.52	74.895
628.86	74.848
629.19	74.905
629.53	75.101
629.86	75.259
630.19	75.177
630.53	75.087
630.86	75.300
631.20	75.403
631.53	75.533
631.87	75.645
632.20	75.882
632.54	75.922
632.87	75.988
633.20	76.017
633.54	75.821
633.87	75.661
634.21	76.094
634.54	75.899
634.88	75.831
635.21	75.755
635.54	75.716
635.88	75.672
636.21	75.470
636.55	75.446
636.88	75.529
637.21	75.808
637.55	75.891
637.88	75.671
638.21	75.696
638.55	75.808
638.88	75.750
639.21	75.652
639.55	75.462
639.88	75.461
640.21	75.613
640.55	75.306
640.88	75.333
641.21	75.550
641.55	75.616
641.88	75.640
642.21	75.660
642.55	75.766
642.88	75.784
643.21	75.760
643.55	76.101
643.88	75.833
644.21	76.219
644.54	76.149
644.88	76.468
645.21	76.415
645.54	76.372
645.87	76.196
646.21	76.059
646.54	76.205
646.87	76.283
647.20	75.843
647.54	75.801
647.87	75.700
648.20	75.480
648.53	75.268
648.87	75.142
649.20	75.296
649.53	75.317
649.86	75.179
650.19	75.173
650.53	75.147
650.86	75.489
651.19	75.837
651.52	75.640
651.85	75.844
652.18	75.901
652.52	76.253
652.85	76.267
653.18	76.519
653.51	76.751
653.84	76.746
654.17	76.691
654.51	76.593
654.84	76.573
655.17	76.566
655.50	76.909
655.83	76.887
656.16	76.737
656.49	76.796
656.82	76.664
657.15	77.039
657.49	76.943
657.82	77.246
658.15	77.456
658.48	77.453
658.81	77.822
659.14	77.844
659.47	77.483
659.80	77.360
660.13	77.329
660.46	77.303
660.79	77.194
661.12	77.236
661.45	77.143
661.78	77.195
662.11	77.113
662.44	76.995
662.77	76.828
663.10	77.074
663.43	77.222
663.76	77.265
664.09	77.452
664.42	77.488
664.75	77.589
665.08	77.728
665.41	77.525
665.74	77.724
666.07	77.710
666.40	77.560
666.73	77.489
667.06	77.315
667.39	77.601
667.72	77.619
668.05	77.629
668.38	77.574
668.71	77.650
669.04	77.789
669.37	77.516
669.70	77.716
670.03	77.945
670.36	78.036
670.69	78.223
671.01	78.061
671.34	78.113
671.67	78.028
672.00	78.017
672.33	77.483
672.66	77.192
672.99	77.293
673.32	76.913
673.64	76.706
673.97	76.658
674.30	76.661
674.63	76.596
674.96	76.248
675.29	76.401
675.62	76.616
675.94	77.123
676.27	77.346
676.60	77.362
676.93	77.534
677.26	77.517
677.58	77.602
677.91	77.743
678.24	77.946
678.57	77.981
678.90	77.835
679.22	77.547
679.55	77.112
679.88	77.007
680.21	77.004
680.54	76.839
680.86	76.747
681.19	76.656
681.52	76.611
681.85	76.164
682.17	76.066
682.50	76.066
682.83	76.117
683.16	76.275
683.48	76.360
683.81	76.371
684.14	76.709
684.46	76.710
684.79	76.539
685.12	76.104
685.45	75.925
685.77	75.865
686.10	75.135
686.43	75.365
686.75	75.557
687.08	75.791
687.41	75.829
687.73	75.665
688.06	75.627
688.39	75.828
688.71	75.777
689.04	75.980
689.36	76.034
689.69	76.098
690.02	76.179
690.34	76.008
690.67	75.396
691.00	75.138
691.32	74.865
691.65	74.859
691.97	74.803
692.30	75.196
692.63	75.203
692.95	75.652
693.28	76.176
693.60	75.345
693.93	74.770
694.26	74.560
694.58	74.993
694.91	75.529
695.23	75.605
695.56	75.204
695.88	75.318
696.21	75.176
696.53	74.516
696.86	74.604
697.18	74.746
697.51	75.007
697.83	75.144
698.16	74.643
698.48	73.865
698.81	73.484
699.13	73.801
699.46	73.154
699.78	73.042
700.11	73.200
700.43	72.942
700.76	72.853
701.08	73.071
701.41	72.962
701.73	72.540
702.06	72.307
702.38	72.661
702.71	72.058
703.03	72.505
703.35	72.313
703.68	72.364
704.00	71.890
704.33	71.786
704.65	71.826
704.98	71.816
705.30	71.946
705.62	72.394
705.95	72.425
706.27	72.635
706.60	72.133
706.92	71.820
707.24	71.309
707.57	71.339
707.89	71.105
708.21	70.789
708.54	70.474
708.86	70.322
709.18	70.347
709.51	70.123
709.83	70.309
710.15	70.469
710.48	70.841
710.80	70.760
711.12	71.048
711.45	71.132
711.77	70.217
712.09	70.399
712.42	71.026
712.74	70.771
713.06	70.595
713.38	70.279
713.71	70.481
714.03	70.550
714.35	70.447
714.68	69.682
715.00	69.494
715.32	69.725
715.64	69.780
715.97	69.478
716.29	69.900
716.61	69.378
716.93	69.268
717.25	68.492
717.58	68.016
717.90	68.225
718.22	68.745
718.54	69.095
718.87	69.191
719.19	68.448
719.51	68.177
719.83	67.561
720.15	67.537
720.47	67.423
720.80	67.739
721.12	67.875
721.44	66.896
721.76	66.548
722.08	65.504
722.40	65.131
722.73	65.435
723.05	65.846
723.37	66.045
723.69	66.973
724.01	66.821
724.33	66.712
724.65	66.542
724.97	66.297
725.30	66.425
725.62	67.165
725.94	66.944
726.26	66.489
726.58	66.040
726.90	66.199
727.22	65.857
727.54	65.977
727.86	66.209
728.18	66.307
728.50	67.783
728.82	67.426
729.14	67.243
729.46	67.840
729.78	67.920
730.10	67.202
730.42	66.874
730.74	66.107
731.07	66.540
731.39	66.350
731.71	65.697
732.03	64.645
732.35	63.940
732.66	63.683
732.98	63.520
733.30	63.166
733.62	63.975
733.94	63.644
734.26	64.332
734.58	63.221
734.90	62.500
735.22	62.848
735.54	62.826
735.86	62.876
736.18	63.154
736.50	62.470
736.82	62.632
737.14	62.094
737.46	62.656
737.78	61.446
738.10	61.326
738.41	60.897
738.73	60.589
739.05	59.852
739.37	60.240
739.69	59.534
740.01	59.865
740.33	59.229
740.65	58.926
740.96	58.184
741.28	59.501
741.60	59.761
741.92	59.942
742.24	60.449
742.56	60.650
742.88	60.736
743.19	60.716
743.51	60.421
743.83	61.845
744.15	61.323
744.47	62.108
744.78	61.147
745.10	60.934
745.42	62.389
745.74	61.675
746.06	63.438
746.37	62.610
746.69	62.906
747.01	61.344
747.33	60.870
747.64	60.538
747.96	59.650
748.28	60.246
748.60	60.429
748.91	58.722
749.23	58.682
749.55	58.220
749.87	59.672
750.18	59.217
750.50	60.889
750.82	60.532
751.13	60.644
751.45	60.417
751.77	60.000
752.08	60.461
752.40	60.833
752.72	61.332
753.03	59.663
753.35	58.497
753.67	59.896
753.98	58.710
754.30	59.135
754.62	58.786
754.93	56.773
755.25	55.208
755.57	54.164
755.88	53.782
756.20	54.442
756.51	55.345
756.83	56.169
757.15	54.356
757.46	54.640
757.78	54.647
758.09	55.025
758.41	55.329
758.73	55.933
759.04	55.807
759.36	54.842
759.67	53.368
759.99	53.413
760.30	54.138
760.62	54.665
760.94	56.989
761.25	56.044
761.57	57.717
761.88	60.141
762.20	60.287
762.51	60.284
762.83	60.213
763.14	59.175
763.46	59.362
763.77	57.962
764.09	58.341
764.40	56.994
764.72	57.031
765.03	55.817
765.35	54.763
765.66	54.560
765.98	54.799
766.29	55.111
766.61	55.597
766.92	52.529
767.23	52.713
767.55	52.002
767.86	53.115
768.18	53.025
768.49	52.327
768.81	52.581
769.12	52.613
769.43	50.549
769.75	50.804
770.06	50.559
770.38	52.791
770.69	52.630
771.00	51.636
771.32	50.965
771.63	52.124
771.94	53.296
772.26	52.709
772.57	53.246
772.89	55.614
773.20	54.451
773.51	54.931
773.83	54.746
774.14	55.407
774.45	56.552
774.77	55.537
775.08	54.960
775.39	53.356
775.70	52.167
776.02	51.917
776.33	53.063
776.64	53.188
776.96	52.415
777.27	51.267
777.58	50.276
777.89	49.884
778.21	49.759
778.52	48.120
778.83	48.232
779.14	50.187
779.46	49.609
779.77	49.845
780.08	51.366
780.39	52.308
780.71	53.484
781.02	53.725
781.33	54.400
781.64	53.829
781.95	53.775
782.27	54.662
782.58	54.517
782.89	53.756
783.20	51.631
783.51	52.012
783.83	51.758
784.14	51.785
784.45	51.955
784.76	50.722
785.07	51.309
785.38	50.949
785.70	48.362
786.01	49.500
786.32	48.837
786.63	48.605
786.94	45.470
787.25	46.605
787.56	47.334
787.87	46.947
788.18	47.208
788.50	45.981
788.81	44.569
789.12	46.264
789.43	44.505
789.74	44.265
790.05	44.919
790.36	47.498
790.67	44.252
790.98	45.147
791.29	44.746
791.60	43.348
791.91	41.536
792.22	46.618
792.53	46.937
792.84	48.127
793.15	46.127
793.46	43.072
793.77	42.996
794.08	44.892
794.39	43.112
794.70	44.059
795.01	44.911
795.32	47.582
795.63	43.796
795.94	44.548
796.25	43.927
796.56	47.807
796.87	47.988
797.18	44.636
797.49	43.608
797.80	42.786
798.11	41.497
798.42	42.061
798.73	40.412
799.04	39.922
799.35	41.042
799.65	38.939
799.96	36.455
800.27	35.188
800.58	36.466
800.89	34.354
801.20	33.048
801.51	31.971
801.82	30.862
802.13	34.064
802.43	36.523
802.74	29.866
803.05	24.904
803.36	27.618
803.67	29.533
803.98	33.452
804.28	35.105
804.59	39.020
804.90	42.824
805.21	44.444
805.52	41.722
805.83	43.207
806.13	45.907
806.44	47.956
806.75	47.767
807.06	47.406
807.36	42.446
807.67	43.502
807.98	42.518
808.29	38.631
808.60	38.450
808.90	36.542
809.21	28.571
809.52	29.804
809.83	35.761
810.13	34.491
810.44	29.534
810.75	32.010
811.05	30.040
811.36	27.895
811.67	29.298
811.98	24.950
812.28	31.518
812.59	35.617
812.90	36.274
813.20	29.083
813.51	31.170
813.82	37.593
814.12	32.482
814.43	36.703
814.74	37.150
815.04	32.445
815.35	36.275
815.65	33.247
815.96	33.114
816.27	32.109
816.57	33.333
816.88	31.398
817.19	30.301
817.49	39.383
817.80	33.864
818.10	32.543
818.41	39.378
818.72	39.060
819.02	39.071
819.33	40.186
819.63	37.488
819.94	39.681
820.24	41.405
820.55	40.368
820.85	40.187
821.16	41.447
821.47	41.088
821.77	38.609
822.08	37.734
822.38	36.845
822.69	37.362
822.99	37.556
823.30	37.143
823.60	37.065
823.91	37.030
824.21	36.264
824.52	35.968
824.82	35.407
825.13	36.305
825.43	35.916
825.73	36.306
826.04	36.313
826.34	34.769
826.65	34.939
826.95	33.807
827.26	32.669
827.56	31.953
827.87	31.653
828.17	32.265
828.47	30.640
828.78	30.679
829.08	31.649
829.39	28.671
829.69	30.286
829.99	30.785
830.30	31.820
830.60	33.496
830.90	34.105
831.21	34.608
831.51	33.991
831.82	35.515
832.12	40.271
832.42	39.636
832.73	43.394
833.03	42.922
833.33	42.112
833.64	39.565
833.94	38.696
834.24	37.967
834.54	36.527
834.85	34.295
835.15	34.275
835.45	33.012
835.76	31.307
836.06	29.288
836.36	30.074
836.66	29.963
836.97	26.062
837.27	25.859
837.57	24.937
837.87	23.829
838.18	27.018
838.48	30.023
838.78	30.987
839.08	29.601
839.39	28.170
839.69	26.140
839.99	28.180
840.29	35.205
840.59	35.720
840.90	36.371
841.20	37.520
841.50	37.174
841.80	36.733
842.10	38.222
842.41	39.731
842.71	39.585
843.01	42.588
843.31	33.491
843.61	33.094
843.91	31.513
844.21	28.908
844.52	24.519
844.82	23.029
845.12	21.104
845.42	16.319
845.72	20.460
846.02	19.368
846.32	16.545
846.62	20.833
846.92	18.331
847.22	19.764
847.52	26.762
847.83	28.393
848.13	34.697
848.43	33.593
848.73	39.165
849.03	44.865
849.33	45.307
849.63	45.604
849.93	52.115
850.23	57.419
850.53	61.228
850.83	59.253
851.13	63.215
851.43	55.491
851.73	40.950
852.03	31.159
852.33	39.364
852.63	42.394
852.93	32.275
853.23	29.691
853.53	21.963
853.83	34.686
854.13	24.168
854.43	20.734
854.73	35.077
855.03	42.479
855.32	35.977
855.62	26.094
855.92	29.217
856.22	35.829
856.52	34.699
856.82	40.892
857.12	29.904
857.42	34.720
857.72	43.364
858.02	37.833
858.31	39.535
858.61	38.067
858.91	45.065
859.21	46.512
859.51	40.825
859.81	39.706
860.11	31.678
860.40	30.402
860.70	16.701
861.00	-0.652
861.30	-6.591
861.60	-9.071
861.90	-6.318
862.19	-36.667
862.49	-40.752
862.79	-45.583
863.09	-29.787
863.39	-55.822
863.68	-78.924
863.98	-40.711
864.28	-5.806
864.58	12.869
864.87	22.849
865.17	31.105
865.47	41.534
865.77	36.384
866.06	41.646
866.36	53.239
866.66	63.680
866.96	67.579
867.25	66.164
867.55	72.292
867.85	67.624
868.14	73.165
868.44	75.737
868.74	72.381
869.03	64.489
869.33	51.085
869.63	48.359
869.92	45.167
870.22	26.454
870.52	39.384
870.81	39.685
871.11	33.084
871.41	22.706
871.70	2.182
872.00	8.745
872.30	11.922
872.59	4.978
872.89	4.261
873.18	11.699
873.48	30.844
873.78	9.738
874.07	0.346
874.37	1.509
874.66	23.871
874.96	43.396
875.25	18.000
875.55	27.124
875.85	21.429
876.14	0.000
876.44	7.692
876.73	3.202
877.03	-5.412
877.32	8.937
877.62	3.797
877.91	-4.384
878.21	-9.873
878.50	8.877
878.80	7.311
879.09	-4.153
879.39	-19.064
879.68	-45.862
879.98	-15.531
880.27	-17.500
880.57	-28.084
880.86	-10.787
881.16	2.572
881.45	6.865
881.74	7.617
882.04	6.117
882.33	11.723
882.63	13.245
882.92	14.684
883.22	11.633
883.51	10.323
883.80	10.326
884.10	8.770
884.39	2.093
884.69	1.569
884.98	-2.633
885.27	-3.451
885.57	-9.032
885.86	-4.486
886.15	-1.330
886.45	-3.652
886.74	8.116
887.03	6.511
887.33	14.467
887.62	27.803
887.91	20.000
888.21	50.769
888.50	16.129
888.79	66.071
889.09	41.667
