190.56	-137.500
190.94	-137.500
191.32	-137.500
191.70	110.345
192.08	-1.235
192.46	-7.563
192.84	-39.362
193.22	-22.917
193.60	10.619
193.98	4.292
194.36	-22.308
194.74	666.667
195.13	-2366.667
195.51	1266.667
195.89	-390.698
196.27	492.308
196.65	311.364
197.03	460.000
197.40	2725.000
197.78	332.143
198.16	44.828
198.54	-2700.000
198.92	188.506
199.30	96.341
199.68	92.965
200.06	74.857
200.44	40.606
200.82	39.636
201.20	43.441
201.58	37.418
201.96	22.294
202.34	17.907
202.72	20.040
203.10	8.494
203.48	6.160
203.86	-4.795
204.24	11.546
204.62	6.089
205.00	-13.411
205.38	-16.352
205.76	5.502
206.13	21.595
206.51	31.367
206.89	11.972
207.27	31.792
207.65	18.151
208.03	11.642
208.41	8.446
208.79	21.222
209.17	13.333
209.55	-3.474
209.93	-6.368
210.30	4.175
210.68	8.784
211.06	16.838
211.44	21.231
211.82	39.900
212.20	41.911
212.58	37.656
212.96	36.173
213.33	40.272
213.71	51.471
214.09	49.676
214.47	46.990
214.85	35.368
215.23	29.067
215.61	23.891
215.98	11.938
216.36	8.983
216.74	8.050
217.12	8.436
217.50	12.389
217.88	1.619
218.25	5.338
218.63	-8.850
219.01	0.365
219.39	-1.873
219.77	2.504
220.14	3.607
220.52	10.393
220.90	14.033
221.28	12.292
221.66	15.468
222.03	17.369
222.41	13.610
222.79	17.476
223.17	16.784
223.55	14.112
223.92	8.772
224.30	10.865
224.68	7.725
225.06	2.212
225.43	0.881
225.81	0.671
226.19	1.035
226.57	3.540
226.95	4.186
227.32	2.582
227.70	3.981
228.08	5.356
228.46	5.256
228.83	5.561
229.21	5.799
229.59	6.166
229.96	5.690
230.34	6.228
230.72	5.854
231.10	5.660
231.47	6.359
231.85	5.255
232.23	5.348
232.60	5.454
232.98	5.084
233.36	5.942
233.74	6.360
234.11	5.804
234.49	4.240
234.87	3.979
235.24	4.398
235.62	4.511
236.00	4.603
236.37	4.606
236.75	3.812
237.13	4.472
237.50	3.398
237.88	2.639
238.26	3.890
238.63	4.537
239.01	4.304
239.39	3.799
239.76	3.102
240.14	4.233
240.52	4.233
240.89	3.875
241.27	3.974
241.65	3.898
242.02	3.466
242.40	3.102
242.77	2.958
243.15	2.911
243.53	3.275
243.90	3.563
244.28	3.350
244.66	3.240
245.03	4.021
245.41	3.661
245.78	4.113
246.16	4.360
246.54	4.514
246.91	4.222
247.29	4.303
247.66	4.317
248.04	4.452
248.41	4.383
248.79	4.328
249.17	4.259
249.54	4.413
249.92	4.230
250.29	4.200
250.67	4.223
251.04	4.268
251.42	4.351
251.80	4.005
252.17	3.929
252.55	4.131
252.92	4.380
253.30	4.331
253.67	4.670
254.05	5.104
254.42	4.793
254.80	4.619
255.17	5.035
255.55	4.769
255.92	4.661
256.30	4.551
256.67	4.024
257.05	3.898
257.42	3.498
257.80	3.190
258.17	3.065
258.55	3.463
258.92	3.407
259.30	3.298
259.67	3.498
260.05	3.582
260.42	3.677
260.80	4.020
261.17	3.951
261.55	4.073
261.92	4.421
262.30	4.344
262.67	4.089
263.05	4.007
263.42	4.038
263.79	3.902
264.17	4.032
264.54	3.866
264.92	3.571
265.29	3.683
265.67	3.658
266.04	2.968
266.42	3.289
266.79	3.358
267.16	3.393
267.54	3.405
267.91	3.397
268.29	3.338
268.66	3.007
269.03	2.955
269.41	2.774
269.78	2.693
270.16	2.951
270.53	3.099
270.90	3.178
271.28	3.351
271.65	3.168
272.03	3.191
272.40	3.244
272.77	3.368
273.15	3.465
273.52	3.544
273.89	3.648
274.27	3.701
274.64	3.288
275.01	3.341
275.39	3.358
275.76	3.527
276.14	3.608
276.51	3.262
276.88	3.086
277.26	2.852
277.63	3.086
278.00	3.165
278.38	3.067
278.75	3.176
279.12	3.317
279.49	3.236
279.87	3.479
280.24	3.461
280.61	3.814
280.99	4.019
281.36	4.266
281.73	4.188
282.11	4.000
282.48	4.039
282.85	4.076
283.22	4.047
283.60	4.151
283.97	3.992
284.34	4.024
284.71	3.924
285.09	3.918
285.46	3.897
285.83	3.941
286.21	3.903
286.58	4.012
286.95	4.025
287.32	3.900
287.70	3.718
288.07	3.773
288.44	3.667
288.81	3.692
289.18	3.641
289.56	3.651
289.93	3.393
290.30	3.535
290.67	3.412
291.05	3.383
291.42	3.511
291.79	3.750
292.16	3.832
292.53	3.857
292.91	4.025
293.28	4.013
293.65	3.936
294.02	4.140
294.39	4.236
294.76	4.334
295.14	4.379
295.51	4.382
295.88	4.275
296.25	4.279
296.62	4.437
297.00	4.402
297.37	4.575
297.74	4.629
298.11	4.659
298.48	4.671
298.85	4.659
299.22	4.737
299.60	4.846
299.97	4.932
300.34	4.865
300.71	4.734
301.08	4.651
301.45	4.612
301.82	4.727
302.19	4.692
302.56	4.724
302.94	4.700
303.31	4.539
303.68	4.501
304.05	4.392
304.42	4.459
304.79	4.715
305.16	4.798
305.53	4.812
305.90	4.699
306.27	4.754
306.64	4.839
307.02	4.858
307.39	4.803
307.76	4.564
308.13	4.781
308.50	4.821
308.87	4.504
309.24	4.301
309.61	4.184
309.98	4.369
310.35	4.533
310.72	4.420
311.09	4.432
311.46	4.584
311.83	4.846
312.20	4.769
312.57	4.853
312.94	5.062
313.31	5.296
313.68	5.278
314.05	5.219
314.42	5.013
314.79	5.230
315.16	5.307
315.53	5.422
315.90	5.329
316.27	5.324
316.64	5.150
317.01	5.142
317.38	5.082
317.75	5.330
318.12	5.127
318.49	4.970
318.86	4.738
319.23	5.034
319.60	5.026
319.97	4.959
320.34	5.150
320.71	5.198
321.08	5.210
321.45	5.259
321.82	5.264
322.19	5.594
322.55	5.995
322.92	6.080
323.29	5.787
323.66	5.901
324.03	6.202
324.40	6.413
324.77	6.774
325.14	7.095
325.51	7.504
325.88	7.767
326.25	7.909
326.61	8.008
326.98	8.418
327.35	9.011
327.72	9.469
328.09	9.791
328.46	10.098
328.83	10.355
329.20	10.490
329.56	10.653
329.93	10.933
330.30	11.344
330.67	11.705
331.04	11.950
331.41	12.045
331.78	12.328
332.14	12.292
332.51	12.390
332.88	12.683
333.25	12.737
333.62	12.762
333.99	12.954
334.35	12.977
334.72	13.376
335.09	13.406
335.46	13.708
335.83	13.363
336.19	13.755
336.56	13.702
336.93	13.504
337.30	13.853
337.67	14.092
338.03	14.107
338.40	14.368
338.77	14.244
339.14	14.347
339.50	14.137
339.87	14.281
340.24	14.144
340.61	14.237
340.97	14.349
341.34	14.161
341.71	14.302
342.08	14.264
342.44	14.292
342.81	14.222
343.18	14.369
343.55	14.539
343.91	14.730
344.28	14.804
344.65	14.927
345.02	14.967
345.38	14.985
345.75	14.961
346.12	14.851
346.48	14.536
346.85	14.403
347.22	14.215
347.59	14.129
347.95	14.133
348.32	13.949
348.69	13.760
349.05	13.794
349.42	13.828
349.79	13.657
350.15	13.996
350.52	14.153
350.89	14.213
351.25	14.128
351.62	13.973
351.99	13.822
352.35	13.962
352.72	13.997
353.09	13.914
353.45	13.975
353.82	14.109
354.18	13.976
354.55	13.987
354.92	14.085
355.28	14.164
355.65	14.144
356.02	14.197
356.38	14.057
356.75	14.086
357.11	14.186
357.48	14.138
357.85	14.025
358.21	13.909
358.58	13.965
358.94	13.970
359.31	13.993
359.67	14.101
360.04	14.103
360.41	14.207
360.77	14.197
361.14	14.106
361.50	14.194
361.87	14.282
362.23	14.382
362.60	14.280
362.97	14.240
363.33	14.219
363.70	14.146
364.06	14.188
364.43	14.235
364.79	14.309
365.16	14.342
365.52	14.233
365.89	14.144
366.25	14.056
366.62	14.221
366.98	14.308
367.35	14.357
367.71	14.406
368.08	14.392
368.44	14.252
368.81	14.165
369.17	14.244
369.54	14.417
369.90	14.543
370.27	14.695
370.63	14.663
371.00	14.526
371.36	14.521
371.73	14.446
372.09	14.413
372.45	14.679
372.82	14.674
373.18	14.718
373.55	14.648
373.91	14.586
374.28	14.613
374.64	14.651
375.01	14.930
375.37	15.046
375.73	15.274
376.10	15.289
376.46	15.252
376.83	15.305
377.19	15.340
377.55	15.348
377.92	15.447
378.28	15.431
378.65	15.535
379.01	15.520
379.37	15.587
379.74	15.557
380.10	15.657
380.47	15.810
380.83	15.973
381.19	16.016
381.56	16.187
381.92	16.239
382.28	16.270
382.65	16.163
383.01	16.149
383.37	16.224
383.74	16.309
384.10	16.308
384.46	16.269
384.83	16.336
385.19	16.462
385.55	16.574
385.92	16.592
386.28	16.686
386.64	16.853
387.01	16.976
387.37	16.967
387.73	17.107
388.10	17.313
388.46	17.389
388.82	17.396
389.18	17.354
389.55	17.414
389.91	17.605
390.27	17.709
390.64	17.757
391.00	17.939
391.36	18.028
391.72	18.102
392.09	18.207
392.45	18.373
392.81	18.490
393.17	18.652
393.54	18.741
393.90	18.774
394.26	18.964
394.62	19.123
394.99	19.153
395.35	19.292
395.71	19.428
396.07	19.476
396.43	19.573
396.80	19.650
397.16	19.757
397.52	19.759
397.88	19.890
398.24	19.916
398.61	20.161
398.97	20.225
399.33	20.266
399.69	20.326
400.05	20.520
400.42	20.466
400.78	20.693
401.14	20.781
401.50	21.000
401.86	21.139
402.22	21.267
402.59	21.368
402.95	21.481
403.31	21.673
403.67	21.759
404.03	21.841
404.39	22.093
404.75	22.204
405.12	22.396
405.48	22.632
405.84	22.747
406.20	22.930
406.56	23.016
406.92	23.178
407.28	23.352
407.64	23.576
408.00	23.827
408.36	23.882
408.73	23.991
409.09	24.075
409.45	24.136
409.81	24.301
410.17	24.383
410.53	24.457
410.89	24.691
411.25	24.779
411.61	24.894
411.97	25.053
412.33	25.292
412.69	25.479
413.05	25.745
413.41	25.900
413.77	26.074
414.13	26.281
414.50	26.485
414.86	26.583
415.22	26.836
415.58	26.991
415.94	27.023
416.30	27.108
416.66	27.258
417.02	27.347
417.38	27.421
417.74	27.582
418.10	27.719
418.46	27.838
418.82	27.977
419.18	27.979
419.54	28.136
419.90	28.261
420.26	28.442
420.61	28.459
420.97	28.584
421.33	28.818
421.69	28.911
422.05	29.066
422.41	29.222
422.77	29.333
423.13	29.543
423.49	29.568
423.85	29.705
424.21	29.792
424.57	29.975
424.93	30.091
425.29	30.126
425.65	30.213
426.01	30.334
426.36	30.453
426.72	30.582
427.08	30.659
427.44	30.856
427.80	30.993
428.16	31.167
428.52	31.348
428.88	31.508
429.24	31.685
429.59	31.905
429.95	32.049
430.31	32.206
430.67	32.391
431.03	32.683
431.39	32.876
431.75	33.155
432.10	33.321
432.46	33.585
432.82	33.782
433.18	33.944
433.54	34.087
433.90	34.231
434.25	34.330
434.61	34.457
434.97	34.549
435.33	34.801
435.69	34.812
436.04	35.024
436.40	35.047
436.76	35.183
437.12	35.262
437.48	35.400
437.83	35.568
438.19	35.702
438.55	35.969
438.91	36.111
439.27	36.159
439.62	36.377
439.98	36.569
440.34	36.751
440.70	36.932
441.05	37.099
441.41	37.261
441.77	37.311
442.13	37.548
442.48	37.626
442.84	37.766
443.20	38.064
443.56	38.196
443.91	38.295
444.27	38.463
444.63	38.591
444.98	38.734
445.34	38.883
445.70	39.117
446.05	39.230
446.41	39.340
446.77	39.427
447.13	39.447
447.48	39.570
447.84	39.685
448.20	39.753
448.55	39.892
448.91	40.003
449.27	40.166
449.62	40.293
449.98	40.413
450.34	40.601
450.69	40.791
451.05	40.915
451.40	41.105
451.76	41.228
452.12	41.350
452.47	41.349
452.83	41.481
453.19	41.530
453.54	41.592
453.90	41.755
454.25	41.739
454.61	41.865
454.97	41.988
455.32	42.112
455.68	42.235
456.03	42.428
456.39	42.765
456.75	43.024
457.10	43.265
457.46	43.470
457.81	43.564
458.17	43.693
458.52	43.780
458.88	43.935
459.24	43.983
459.59	43.982
459.95	44.066
460.30	43.972
460.66	44.033
461.01	44.080
461.37	44.112
461.72	44.146
462.08	44.326
462.43	44.441
462.79	44.521
463.14	44.691
463.50	44.840
463.85	44.976
464.21	45.166
464.56	45.293
464.92	45.342
465.27	45.437
465.63	45.549
465.98	45.520
466.34	45.589
466.69	45.676
467.05	45.770
467.40	45.865
467.76	46.019
468.11	46.163
468.47	46.155
468.82	46.285
469.18	46.399
469.53	46.452
469.88	46.681
470.24	46.850
470.59	46.947
470.95	47.059
471.30	47.242
471.66	47.312
472.01	47.287
472.36	47.460
472.72	47.538
473.07	47.563
473.43	47.814
473.78	47.910
474.13	48.039
474.49	48.116
474.84	48.195
475.19	48.236
475.55	48.353
475.90	48.588
476.26	48.596
476.61	48.707
476.96	48.827
477.32	48.807
477.67	48.915
478.02	48.913
478.38	48.997
478.73	48.954
479.08	49.044
479.44	49.078
479.79	49.028
480.14	49.168
480.50	49.216
480.85	49.389
481.20	49.475
481.56	49.648
481.91	49.827
482.26	49.916
482.62	49.937
482.97	49.925
483.32	49.877
483.67	49.842
484.03	49.808
484.38	49.800
484.73	49.797
485.08	49.839
485.44	49.811
485.79	49.800
486.14	49.804
486.49	49.822
486.85	49.808
487.20	49.846
487.55	49.972
487.90	49.998
488.26	50.091
488.61	50.136
488.96	50.201
489.31	50.320
489.67	50.372
490.02	50.472
490.37	50.589
490.72	50.779
491.07	50.948
491.43	50.989
491.78	51.163
492.13	51.254
492.48	51.315
492.83	51.399
493.19	51.377
493.54	51.495
493.89	51.552
494.24	51.714
494.59	51.798
494.94	52.043
495.29	52.266
495.65	52.418
496.00	52.536
496.35	52.677
496.70	52.853
497.05	53.014
497.40	53.059
497.75	53.238
498.11	53.400
498.46	53.548
498.81	53.530
499.16	53.705
499.51	53.854
499.86	54.006
500.21	54.093
500.56	54.143
500.91	54.336
501.26	54.602
501.62	54.749
501.97	54.921
502.32	55.057
502.67	55.244
503.02	55.364
503.37	55.452
503.72	55.624
504.07	55.848
504.42	56.032
504.77	56.120
505.12	56.198
505.47	56.250
505.82	56.396
506.17	56.619
506.52	56.568
506.87	56.785
507.22	56.924
507.57	57.044
507.92	57.174
508.27	57.307
508.62	57.416
508.97	57.580
509.32	57.719
509.67	57.784
510.02	57.866
510.37	58.144
510.72	58.248
511.07	58.321
511.42	58.443
511.77	58.538
512.12	58.683
512.47	58.854
512.82	58.992
513.17	59.041
513.52	59.101
513.87	59.191
514.22	59.290
514.57	59.364
514.91	59.627
515.26	59.722
515.61	60.038
515.96	60.203
516.31	60.316
516.66	60.317
517.01	60.541
517.36	60.642
517.71	60.734
518.06	60.859
518.41	61.053
518.75	61.061
519.10	61.168
519.45	61.089
519.80	61.091
520.15	61.191
520.50	61.385
520.85	61.496
521.19	61.753
521.54	61.931
521.89	62.077
522.24	62.046
522.59	62.217
522.94	62.384
523.28	62.642
523.63	62.864
523.98	62.944
524.33	63.048
524.68	63.183
525.03	63.266
525.37	63.441
525.72	63.574
526.07	63.768
526.42	63.958
526.76	64.186
527.11	64.302
527.46	64.354
527.81	64.455
528.16	64.458
528.50	64.433
528.85	64.444
529.20	64.457
529.55	64.487
529.89	64.512
530.24	64.512
530.59	64.466
530.94	64.548
531.28	64.612
531.63	64.731
531.98	64.920
532.32	65.068
532.67	65.126
533.02	65.162
533.37	65.191
533.71	65.293
534.06	65.397
534.41	65.474
534.75	65.535
535.10	65.635
535.45	65.651
535.79	65.695
536.14	65.878
536.49	66.030
536.83	66.244
537.18	66.361
537.53	66.497
537.87	66.542
538.22	66.748
538.57	66.771
538.91	66.996
539.26	67.225
539.61	67.376
539.95	67.382
540.30	67.396
540.64	67.293
540.99	67.356
541.34	67.350
541.68	67.333
542.03	67.188
542.37	67.173
542.72	66.993
543.07	66.863
543.41	66.805
543.76	66.731
544.10	66.690
544.45	66.749
544.80	66.800
545.14	66.814
545.49	66.937
545.83	67.103
546.18	67.251
546.52	67.351
546.87	67.449
547.21	67.523
547.56	67.573
547.90	67.821
548.25	68.008
548.59	68.109
548.94	68.275
549.29	68.347
549.63	68.537
549.98	68.557
550.32	68.850
550.67	69.018
551.01	69.159
551.35	69.459
551.70	69.446
552.04	69.389
552.39	69.391
552.73	69.426
553.08	69.461
553.42	69.482
553.77	69.548
554.11	69.702
554.46	69.797
554.80	69.845
555.15	69.949
555.49	70.101
555.83	70.331
556.18	70.471
556.52	70.541
556.87	70.525
557.21	70.429
557.56	70.515
557.90	70.359
558.24	70.421
558.59	70.461
558.93	70.251
559.28	70.381
559.62	70.307
559.96	70.368
560.31	70.263
560.65	70.524
560.99	70.685
561.34	70.860
561.68	70.950
562.02	70.884
562.37	70.858
562.71	71.076
563.06	71.193
563.40	71.467
563.74	71.642
564.09	72.064
564.43	72.019
564.77	72.094
565.11	71.921
565.46	72.169
565.80	72.331
566.14	72.584
566.49	72.785
566.83	72.700
567.17	72.683
567.52	72.696
567.86	72.630
568.20	72.809
568.54	72.890
568.89	73.173
569.23	73.147
569.57	73.235
569.91	73.267
570.26	73.153
570.60	73.330
570.94	73.252
571.28	73.154
571.63	73.176
571.97	73.066
572.31	73.008
572.65	72.976
573.00	73.041
573.34	73.098
573.68	73.078
574.02	73.154
574.36	73.093
574.71	73.400
575.05	73.456
575.39	73.546
575.73	73.711
576.07	73.900
576.42	73.917
576.76	73.743
577.10	73.737
577.44	73.764
577.78	73.857
578.12	73.962
578.46	73.793
578.81	74.025
579.15	74.049
579.49	74.130
579.83	74.094
580.17	74.035
580.51	74.406
580.85	74.414
581.20	74.506
581.54	74.324
581.88	74.367
582.22	74.466
582.56	74.457
582.90	74.302
583.24	74.316
583.58	74.348
583.92	74.541
584.26	74.238
584.60	74.271
584.95	74.146
585.29	74.348
585.63	74.337
585.97	74.369
586.31	74.270
586.65	74.395
586.99	74.462
587.33	74.562
587.67	74.566
588.01	74.805
588.35	74.919
588.69	75.065
589.03	75.037
589.37	75.084
589.71	75.060
590.05	75.200
590.39	75.218
590.73	75.201
591.07	75.275
591.41	75.256
591.75	75.251
592.09	75.217
592.43	75.218
592.77	75.339
593.11	75.420
593.45	75.523
593.79	75.659
594.13	75.764
594.47	75.843
594.81	75.979
595.14	76.211
595.48	76.338
595.82	76.359
596.16	76.387
596.50	76.440
596.84	76.520
597.18	76.516
597.52	76.547
597.86	76.632
598.20	76.642
598.54	76.527
598.87	76.457
599.21	76.309
599.55	76.431
599.89	76.519
600.23	76.362
600.57	76.307
600.91	76.527
601.25	76.389
601.58	76.482
601.92	76.540
602.26	76.632
602.60	76.727
602.94	76.871
603.28	76.880
603.61	77.029
603.95	77.180
604.29	77.209
604.63	77.143
604.97	77.227
605.30	77.138
605.64	77.206
605.98	77.230
606.32	77.132
606.66	77.130
606.99	77.141
607.33	77.061
607.67	77.226
608.01	77.261
608.34	77.128
608.68	77.045
609.02	76.865
609.36	76.476
609.69	76.039
610.03	75.739
610.37	75.453
610.71	75.224
611.04	74.883
611.38	74.681
611.72	74.520
612.06	74.533
612.39	74.410
612.73	74.396
613.07	74.629
613.40	75.086
613.74	75.566
614.08	75.865
614.41	76.259
614.75	76.628
615.09	76.794
615.42	76.944
615.76	77.049
616.10	77.361
616.43	77.766
616.77	78.015
617.11	78.127
617.44	78.046
617.78	78.110
618.12	78.045
618.45	78.068
618.79	78.102
619.13	78.115
619.46	78.163
619.80	78.081
620.13	77.980
620.47	77.859
620.81	77.789
621.14	78.009
621.48	78.180
621.81	78.173
622.15	78.278
622.48	78.293
622.82	78.331
623.16	78.386
623.49	78.430
623.83	78.295
624.16	78.512
624.50	78.582
624.83	78.649
625.17	78.410
625.50	78.686
625.84	78.727
626.18	78.824
626.51	78.911
626.85	79.003
627.18	79.219
627.52	79.336
627.85	79.380
628.19	79.360
628.52	79.330
628.86	79.453
629.19	79.135
629.53	79.228
629.86	79.195
630.19	79.303
630.53	79.237
630.86	79.156
631.20	79.208
631.53	79.081
631.87	79.194
632.20	79.062
632.54	79.071
632.87	79.222
633.20	78.979
633.54	78.971
633.87	79.012
634.21	79.052
634.54	79.168
634.88	79.225
635.21	79.234
635.54	79.095
635.88	79.112
636.21	79.274
636.55	79.155
636.88	79.406
637.21	79.527
637.55	79.474
637.88	79.450
638.21	79.349
638.55	79.332
638.88	79.358
639.21	79.503
639.55	79.596
639.88	79.736
640.21	80.124
640.55	80.195
640.88	80.209
641.21	80.142
641.55	80.286
641.88	80.181
642.21	80.204
642.55	80.198
642.88	80.389
643.21	80.429
643.55	80.510
643.88	80.637
644.21	80.691
644.54	80.687
644.88	80.719
645.21	80.704
645.54	80.990
645.87	81.227
646.21	81.450
646.54	81.392
646.87	81.305
647.20	81.076
647.54	80.756
647.87	80.612
648.20	80.743
648.53	80.910
648.87	80.922
649.20	80.816
649.53	80.724
649.86	80.752
650.19	80.534
650.53	80.649
650.86	80.724
651.19	80.801
651.52	80.944
651.85	80.993
652.18	80.929
652.52	81.203
652.85	81.367
653.18	81.418
653.51	81.507
653.84	81.701
654.17	81.755
654.51	81.906
654.84	81.890
655.17	81.714
655.50	81.551
655.83	81.536
656.16	81.573
656.49	81.441
656.82	81.495
657.15	81.473
657.49	81.386
657.82	81.559
658.15	81.478
658.48	81.372
658.81	81.418
659.14	81.465
659.47	81.297
659.80	80.967
660.13	81.053
660.46	80.977
660.79	80.754
661.12	80.932
661.45	80.927
661.78	80.797
662.11	80.932
662.44	80.870
662.77	80.619
663.10	80.893
663.43	81.006
663.76	81.001
664.09	80.970
664.42	81.013
664.75	81.073
665.08	80.979
665.41	81.045
665.74	81.043
666.07	81.252
666.40	81.375
666.73	81.320
667.06	81.570
667.39	81.449
667.72	81.511
668.05	81.644
668.38	81.663
668.71	81.752
669.04	81.758
669.37	81.679
669.70	81.758
670.03	81.864
670.36	81.595
670.69	81.481
671.01	81.564
671.34	81.537
671.67	81.563
672.00	81.340
672.33	81.111
672.66	80.949
672.99	80.958
673.32	80.660
673.64	80.645
673.97	81.027
674.30	81.125
674.63	81.260
674.96	81.174
675.29	81.269
675.62	81.165
675.94	81.164
676.27	81.470
676.60	81.447
676.93	81.741
677.26	81.986
677.58	82.230
677.91	82.164
678.24	82.065
678.57	81.987
678.90	81.971
679.22	82.033
679.55	82.384
679.88	82.231
680.21	82.560
680.54	82.584
680.86	82.436
681.19	81.973
681.52	81.855
681.85	82.105
682.17	82.376
682.50	82.353
682.83	82.722
683.16	82.210
683.48	82.269
683.81	82.015
684.14	81.734
684.46	81.723
684.79	82.083
685.12	82.308
685.45	81.923
685.77	81.762
686.10	81.698
686.43	81.269
686.75	81.504
687.08	81.334
687.41	81.533
687.73	81.531
688.06	81.310
688.39	81.057
688.71	80.604
689.04	80.747
689.36	80.720
689.69	80.575
690.02	80.790
690.34	80.795
690.67	81.114
691.00	80.655
691.32	80.726
691.65	81.003
691.97	80.884
692.30	80.887
692.63	80.906
692.95	80.969
693.28	80.869
693.60	80.751
693.93	80.604
694.26	80.473
694.58	80.262
694.91	79.953
695.23	79.825
695.56	80.094
695.88	80.448
696.21	80.104
696.53	79.996
696.86	80.209
697.18	80.384
697.51	80.658
697.83	81.003
698.16	81.252
698.48	81.750
698.81	81.995
699.13	81.921
699.46	81.820
699.78	82.053
700.11	81.972
700.43	81.733
700.76	81.304
701.08	80.902
701.41	80.379
701.73	80.702
702.06	80.443
702.38	80.030
702.71	79.701
703.03	79.360
703.35	79.134
703.68	79.247
704.00	79.630
704.33	80.013
704.65	80.264
704.98	80.512
705.30	79.858
705.62	79.947
705.95	79.680
706.27	79.630
706.60	79.758
706.92	79.877
707.24	79.411
707.57	79.047
707.89	78.752
708.21	78.518
708.54	78.187
708.86	78.427
709.18	78.612
709.51	78.795
709.83	78.716
710.15	78.558
710.48	78.730
710.80	79.177
711.12	79.058
711.45	78.708
711.77	78.457
712.09	78.529
712.42	78.676
712.74	78.376
713.06	78.048
713.38	78.383
713.71	78.713
714.03	77.925
714.35	77.714
714.68	77.857
715.00	78.616
715.32	78.916
715.64	78.655
715.97	78.182
716.29	77.486
716.61	77.372
716.93	77.167
717.25	76.820
717.58	77.369
717.90	77.457
718.22	76.705
718.54	75.880
718.87	75.571
719.19	75.710
719.51	76.219
719.83	76.686
720.15	76.745
720.47	76.320
720.80	75.456
721.12	75.111
721.44	74.625
721.76	74.784
722.08	75.122
722.40	75.669
722.73	75.796
723.05	75.448
723.37	75.198
723.69	75.778
724.01	75.791
724.33	76.205
724.65	76.732
724.97	77.053
725.30	78.061
725.62	77.776
725.94	77.561
726.26	77.364
726.58	77.347
726.90	77.137
727.22	76.352
727.54	76.691
727.86	76.229
728.18	75.892
728.50	76.375
728.82	75.840
729.14	75.801
729.46	75.498
729.78	75.405
730.10	74.498
730.42	74.544
730.74	74.905
731.07	74.943
731.39	75.862
731.71	75.704
732.03	75.137
732.35	74.222
732.66	74.115
732.98	73.696
733.30	73.293
733.62	73.964
733.94	74.485
734.26	73.854
734.58	73.782
734.90	73.189
735.22	73.078
735.54	72.504
735.86	72.919
736.18	72.701
736.50	73.507
736.82	73.792
737.14	72.452
737.46	72.248
737.78	72.725
738.10	71.424
738.41	70.711
738.73	70.627
739.05	71.397
739.37	70.783
739.69	71.337
740.01	69.869
740.33	69.912
740.65	71.069
740.96	70.706
741.28	69.644
741.60	70.409
741.92	71.131
742.24	70.423
742.56	69.897
742.88	70.149
743.19	69.591
743.51	69.961
743.83	69.888
744.15	69.092
744.47	68.024
744.78	68.663
745.10	68.229
745.42	68.471
745.74	69.081
746.06	68.904
746.37	68.770
746.69	68.162
747.01	68.781
747.33	68.094
747.64	69.480
747.96	69.714
748.28	69.591
748.60	70.284
748.91	70.382
749.23	71.067
749.55	71.352
749.87	72.942
750.18	73.570
750.50	73.688
750.82	73.361
751.13	71.998
751.45	71.783
751.77	71.874
752.08	70.527
752.40	68.783
752.72	67.567
753.03	67.027
753.35	67.029
753.67	66.396
753.98	65.610
754.30	66.594
754.62	67.430
754.93	68.798
755.25	67.945
755.57	67.095
755.88	68.984
756.20	68.876
756.51	70.053
756.83	69.546
757.15	69.050
757.46	68.719
757.78	68.361
758.09	67.154
758.41	66.238
758.73	66.013
759.04	67.582
759.36	66.515
759.67	67.012
759.99	64.649
760.30	63.986
760.62	65.450
760.94	66.408
761.25	66.129
761.57	66.372
761.88	67.398
762.20	68.112
762.51	68.628
762.83	68.194
763.14	68.214
763.46	68.590
763.77	68.048
764.09	66.698
764.40	65.725
764.72	65.789
765.03	66.996
765.35	66.403
765.66	67.176
765.98	66.558
766.29	68.156
766.61	68.275
766.92	70.345
767.23	71.012
767.55	72.024
767.86	73.790
768.18	73.033
768.49	71.834
768.81	72.120
769.12	70.624
769.43	70.831
769.75	69.986
770.06	69.229
770.38	67.469
770.69	66.899
771.00	66.267
771.32	65.185
771.63	64.917
771.94	63.141
772.26	62.282
772.57	62.695
772.89	60.924
773.20	60.389
773.51	60.311
773.83	59.717
774.14	60.838
774.45	61.679
774.77	61.381
775.08	61.837
775.39	62.210
775.70	60.830
776.02	59.651
776.33	61.051
776.64	60.252
776.96	59.730
777.27	60.603
777.58	60.555
777.89	59.610
778.21	60.119
778.52	59.766
778.83	59.503
779.14	58.972
779.46	61.020
779.77	62.358
780.08	62.253
780.39	63.006
780.71	61.255
781.02	61.148
781.33	61.674
781.64	60.864
781.95	61.613
782.27	62.138
782.58	62.953
782.89	61.159
783.20	60.803
783.51	61.304
783.83	59.309
784.14	59.918
784.45	58.554
784.76	59.854
785.07	59.702
785.38	57.866
785.70	59.187
786.01	60.331
786.32	60.866
786.63	60.758
786.94	60.823
787.25	61.849
787.56	64.523
787.87	66.201
788.18	64.990
788.50	64.778
788.81	67.367
789.12	67.046
789.43	66.834
789.74	66.641
790.05	65.954
790.36	64.704
790.67	65.879
790.98	61.844
791.29	59.822
791.60	59.677
791.91	58.833
792.22	56.169
792.53	54.932
792.84	53.695
793.15	55.094
793.46	53.475
793.77	55.157
794.08	54.568
794.39	54.026
794.70	54.630
795.01	56.408
795.32	59.171
795.63	59.618
795.94	62.697
796.25	64.151
796.56	61.995
796.87	63.787
797.18	63.915
797.49	63.017
797.80	66.009
798.11	65.956
798.42	62.363
798.73	61.249
799.04	62.003
799.35	58.464
799.65	57.177
799.96	59.025
800.27	55.869
800.58	53.468
800.89	52.819
801.20	50.274
801.51	49.909
801.82	52.778
802.13	49.984
802.43	48.302
802.74	48.006
803.05	49.444
803.36	46.731
803.67	48.986
803.98	48.365
804.28	48.256
804.59	47.807
804.90	48.018
805.21	46.750
805.52	49.347
805.83	49.415
806.13	51.333
806.44	50.797
806.75	54.220
807.06	53.659
807.36	55.882
807.67	58.551
807.98	59.978
808.29	57.860
808.60	56.983
808.90	55.073
809.21	53.707
809.52	53.094
809.83	51.613
810.13	50.652
810.44	48.550
810.75	48.512
811.05	47.732
811.36	47.307
811.67	48.254
811.98	51.401
812.28	53.944
812.59	54.488
812.90	54.167
813.20	56.982
813.51	56.451
813.82	60.881
814.12	58.539
814.43	54.034
814.74	55.446
815.04	56.811
815.35	56.400
815.65	54.461
815.96	56.333
816.27	57.852
816.57	55.726
816.88	53.720
817.19	48.315
817.49	50.479
817.80	51.562
818.10	50.947
818.41	48.183
818.72	44.630
819.02	45.000
819.33	45.004
819.63	46.434
819.94	46.183
820.24	45.740
820.55	48.893
820.85	50.148
821.16	51.699
821.47	50.831
821.77	50.976
822.08	51.265
822.38	50.429
822.69	49.514
822.99	48.211
823.30	47.503
823.60	47.170
823.91	45.976
824.21	44.978
824.52	43.263
824.82	41.929
825.13	42.229
825.43	41.731
825.73	42.003
826.04	42.568
826.34	44.977
826.65	46.113
826.95	47.748
827.26	47.932
827.56	48.113
827.87	49.486
828.17	50.059
828.47	47.376
828.78	46.615
829.08	45.558
829.39	45.207
829.69	41.026
829.99	39.309
830.30	37.476
830.60	37.107
830.90	33.983
831.21	32.361
831.51	31.207
831.82	30.651
832.12	30.083
832.42	34.451
832.73	35.502
833.03	37.958
833.33	38.568
833.64	38.411
833.94	38.689
834.24	38.771
834.54	38.890
834.85	36.835
835.15	37.172
835.45	35.680
835.76	33.876
836.06	31.500
836.36	29.894
836.66	32.181
836.97	32.544
837.27	32.863
837.57	37.140
837.87	37.648
838.18	42.293
838.48	45.829
838.78	42.567
839.08	41.416
839.39	42.865
839.69	46.258
839.99	43.892
840.29	43.547
840.59	42.065
840.90	40.817
841.20	40.647
841.50	39.537
841.80	35.452
842.10	38.732
842.41	38.559
842.71	38.981
843.01	40.951
843.31	42.067
843.61	41.923
843.91	41.249
844.21	40.433
844.52	42.365
844.82	44.551
845.12	47.244
845.42	50.645
845.72	49.509
846.02	53.032
846.32	37.233
846.62	31.866
846.92	27.460
847.22	25.223
847.52	25.141
847.83	21.325
848.13	13.574
848.43	18.160
848.73	21.005
849.03	27.080
849.33	23.045
849.63	26.158
849.93	23.169
850.23	27.412
850.53	25.618
850.83	27.394
851.13	30.428
851.43	40.083
851.73	46.216
852.03	38.512
852.33	27.513
852.63	25.916
852.93	30.845
853.23	34.251
853.53	33.183
853.83	42.768
854.13	45.183
854.43	41.304
854.73	49.315
855.03	50.794
855.32	50.000
855.62	58.398
855.92	60.478
856.22	60.503
856.52	56.129
856.82	51.005
857.12	50.361
857.42	36.506
857.72	33.092
858.02	21.793
858.31	6.855
858.61	21.287
858.91	7.321
859.21	10.280
859.51	5.579
859.81	14.885
860.11	16.453
860.40	3.433
860.70	-1.575
861.00	-10.616
861.30	-13.311
861.60	-18.987
861.90	-57.292
862.19	-6.635
862.49	-19.915
862.79	-5.000
863.09	1.241
863.39	-25.740
863.68	-21.914
863.98	-11.458
864.28	-10.606
864.58	-16.332
864.87	9.227
865.17	4.499
865.47	4.678
865.77	10.315
866.06	2.295
866.36	-6.139
866.66	18.097
866.96	7.890
867.25	18.600
867.55	32.155
867.85	29.394
868.14	5.882
868.44	12.520
868.74	7.155
869.03	17.028
869.33	17.366
869.63	32.136
869.92	24.596
870.22	36.078
870.52	34.016
870.81	26.945
871.11	36.923
871.41	53.478
871.70	49.510
872.00	41.946
872.30	41.176
872.59	41.736
872.89	40.675
873.18	41.594
873.48	36.620
873.78	68.689
874.07	58.716
874.37	66.197
874.66	54.717
874.96	60.398
875.25	59.677
875.55	57.175
875.85	61.002
876.14	56.600
876.44	59.172
876.73	53.178
877.03	19.816
877.32	35.632
877.62	10.511
877.91	17.984
878.21	17.479
878.50	3.198
878.80	24.607
879.09	19.071
879.39	23.776
879.68	16.477
879.98	52.267
880.27	53.986
880.57	32.067
880.86	36.791
881.16	38.013
881.45	36.582
881.74	36.747
882.04	32.125
882.33	33.647
882.63	33.154
882.92	32.848
883.22	30.409
883.51	31.150
883.80	32.372
884.10	30.381
884.39	30.257
884.69	28.836
884.98	31.540
885.27	31.398
885.57	32.972
885.86	30.698
886.15	28.991
886.45	30.640
886.74	25.954
887.03	28.065
887.33	31.737
887.62	37.865
887.91	69.014
888.21	4.000
888.50	50.000
888.79	22.093
889.09	80.303
