190.56	-362.500
190.94	-362.500
191.32	-362.500
191.70	-96.552
192.08	-30.864
192.46	-138.655
192.84	-127.660
193.22	-91.667
193.60	-23.894
193.98	-20.172
194.36	-48.462
194.74	823.810
195.13	-2933.333
195.51	1688.889
195.89	-688.372
196.27	1000.000
196.65	472.727
197.03	1353.333
197.40	7200.000
197.78	1085.714
198.16	311.207
198.54	15550.000
198.92	-312.644
199.30	-192.683
199.68	-113.065
200.06	-168.000
200.44	-75.152
200.82	-58.542
201.20	-61.290
201.58	-46.827
201.96	-52.381
202.34	-35.010
202.72	-26.316
203.10	-10.425
203.48	4.928
203.86	-29.680
204.24	-9.980
204.62	-20.609
205.00	-27.988
205.38	-22.642
205.76	-25.243
206.13	-34.219
206.51	-15.550
206.89	-45.423
207.27	-10.116
207.65	-52.397
208.03	-2.687
208.41	3.378
208.79	-2.572
209.17	2.899
209.55	6.452
209.93	8.491
210.30	16.319
210.68	9.459
211.06	7.187
211.44	-1.699
211.82	22.371
212.20	18.490
212.58	10.000
212.96	5.028
213.33	7.211
213.71	-5.882
214.09	-12.970
214.47	-13.363
214.85	-20.111
215.23	-18.000
215.61	-26.323
215.98	-38.915
216.36	-49.153
216.74	-38.390
217.12	-34.095
217.50	-47.257
217.88	-37.410
218.25	-39.146
218.63	-53.274
219.01	-53.467
219.39	-59.551
219.77	-51.956
220.14	-48.197
220.52	-31.039
220.90	-24.147
221.28	-21.484
221.66	-13.290
222.03	-8.633
222.41	-5.792
222.79	-2.913
223.17	-0.390
223.55	3.080
223.92	4.772
224.30	3.411
224.68	4.072
225.06	-4.948
225.43	-1.296
225.81	-2.818
226.19	-2.308
226.57	-0.033
226.95	0.809
227.32	-1.100
227.70	-1.279
228.08	-1.993
228.46	-2.175
228.83	-2.696
229.21	-1.913
229.59	-1.609
229.96	-2.082
230.34	-2.856
230.72	-3.420
231.10	-3.778
231.47	-2.498
231.85	-3.281
232.23	-3.403
232.60	-3.506
232.98	-4.078
233.36	-2.490
233.74	-3.606
234.11	-2.793
234.49	-2.047
234.87	-2.387
235.24	-3.007
235.62	-2.852
236.00	-1.286
236.37	-1.819
236.75	-1.629
237.13	-0.987
237.50	-1.424
237.88	-0.949
238.26	-0.424
238.63	0.030
239.01	-0.465
239.39	0.219
239.76	0.364
240.14	0.526
240.52	1.056
240.89	1.501
241.27	1.626
241.65	1.049
242.02	0.895
242.40	0.840
242.77	0.961
243.15	1.660
243.53	2.039
243.90	1.588
244.28	1.279
244.66	1.248
245.03	1.478
245.41	1.031
245.78	1.609
246.16	1.505
246.54	1.371
246.91	1.116
247.29	1.251
247.66	0.988
248.04	1.328
248.41	1.339
248.79	1.120
249.17	1.047
249.54	1.024
249.92	1.090
250.29	0.995
250.67	0.773
251.04	0.824
251.42	0.610
251.80	0.564
252.17	0.230
252.55	-0.067
252.92	0.489
253.30	0.296
253.67	0.815
254.05	0.507
254.42	0.619
254.80	0.949
255.17	1.290
255.55	0.765
255.92	0.717
256.30	0.556
256.67	0.704
257.05	0.674
257.42	0.302
257.80	0.309
258.17	0.562
258.55	0.932
258.92	1.080
259.30	0.960
259.67	1.203
260.05	1.245
260.42	1.475
260.80	1.583
261.17	1.557
261.55	1.834
261.92	1.787
262.30	1.547
262.67	0.953
263.05	0.765
263.42	0.775
263.79	0.216
264.17	0.178
264.54	-0.014
264.92	0.081
265.29	0.084
265.67	-0.267
266.04	-0.499
266.42	-0.396
266.79	-0.239
267.16	-0.153
267.54	-0.008
267.91	0.355
268.29	0.414
268.66	0.233
269.03	0.148
269.41	0.206
269.78	0.331
270.16	0.738
270.53	0.905
270.90	1.120
271.28	1.132
271.65	0.768
272.03	0.671
272.40	0.691
272.77	0.876
273.15	0.729
273.52	0.744
273.89	0.900
274.27	0.882
274.64	0.591
275.01	0.557
275.39	0.300
275.76	0.312
276.14	0.469
276.51	0.071
276.88	-0.160
277.26	-0.159
277.63	-0.027
278.00	-0.164
278.38	-0.337
278.75	-0.382
279.12	-0.481
279.49	-0.315
279.87	0.026
280.24	0.045
280.61	0.576
280.99	0.725
281.36	0.840
281.73	0.779
282.11	0.680
282.48	0.879
282.85	0.919
283.22	0.989
283.60	1.009
283.97	0.765
284.34	0.816
284.71	0.711
285.09	0.578
285.46	0.537
285.83	0.646
286.21	0.757
286.58	0.716
286.95	0.826
287.32	0.847
287.70	0.922
288.07	0.931
288.44	1.003
288.81	1.053
289.18	1.408
289.56	1.579
289.93	1.490
290.30	1.542
290.67	1.422
291.05	1.530
291.42	1.684
291.79	1.599
292.16	1.814
292.53	1.717
292.91	1.744
293.28	1.691
293.65	1.825
294.02	1.988
294.39	2.089
294.76	2.325
295.14	2.375
295.51	2.480
295.88	2.692
296.25	2.735
296.62	3.047
297.00	3.281
297.37	3.403
297.74	3.569
298.11	3.628
298.48	3.705
298.85	3.802
299.22	4.058
299.60	4.171
299.97	4.243
300.34	4.375
300.71	4.320
301.08	4.429
301.45	4.513
301.82	4.430
302.19	4.530
302.56	4.610
302.94	4.769
303.31	4.637
303.68	4.673
304.05	4.764
304.42	5.010
304.79	5.204
305.16	5.154
305.53	5.245
305.90	5.271
306.27	5.309
306.64	5.371
307.02	5.185
307.39	5.283
307.76	5.283
308.13	5.455
308.50	5.512
308.87	5.417
309.24	5.449
309.61	5.343
309.98	5.493
310.35	5.821
310.72	5.877
311.09	5.916
311.46	6.122
311.83	6.252
312.20	6.313
312.57	6.460
312.94	6.563
313.31	6.816
313.68	7.060
314.05	7.165
314.42	7.072
314.79	7.455
315.16	7.789
315.53	8.069
315.90	8.166
316.27	8.170
316.64	8.136
317.01	8.399
317.38	8.495
317.75	8.742
318.12	8.836
318.49	8.873
318.86	8.979
319.23	9.107
319.60	9.267
319.97	9.610
320.34	9.986
320.71	10.090
321.08	10.062
321.45	9.959
321.82	9.951
322.19	10.222
322.55	10.494
322.92	10.568
323.29	10.657
323.66	10.622
324.03	10.665
324.40	10.728
324.77	11.040
325.14	11.395
325.51	11.729
325.88	12.024
326.25	12.091
326.61	12.223
326.98	12.454
327.35	12.703
327.72	12.917
328.09	12.947
328.46	13.193
328.83	13.286
329.20	13.398
329.56	13.532
329.93	13.534
330.30	13.638
330.67	13.750
331.04	13.740
331.41	13.776
331.78	13.932
332.14	14.100
332.51	14.232
332.88	14.474
333.25	14.615
333.62	14.671
333.99	14.747
334.35	14.826
334.72	15.105
335.09	15.050
335.46	15.140
335.83	15.098
336.19	15.115
336.56	14.916
336.93	14.732
337.30	14.712
337.67	14.647
338.03	14.769
338.40	15.001
338.77	14.757
339.14	14.727
339.50	14.619
339.87	14.571
340.24	14.533
340.61	14.615
340.97	14.690
341.34	14.469
341.71	14.528
342.08	14.384
342.44	14.176
342.81	14.050
343.18	14.185
343.55	14.295
343.91	14.281
344.28	14.339
344.65	14.374
345.02	14.344
345.38	14.437
345.75	14.495
346.12	14.417
346.48	14.204
346.85	14.170
347.22	14.104
347.59	14.096
347.95	14.141
348.32	14.094
348.69	14.018
349.05	14.016
349.42	13.887
349.79	13.706
350.15	13.795
350.52	13.936
350.89	14.189
351.25	14.174
351.62	14.104
351.99	14.066
352.35	14.038
352.72	14.016
353.09	13.880
353.45	13.967
353.82	14.043
354.18	14.018
354.55	14.001
354.92	13.968
355.28	13.838
355.65	13.682
356.02	13.601
356.38	13.632
356.75	13.670
357.11	13.789
357.48	13.763
357.85	13.659
358.21	13.666
358.58	13.603
358.94	13.547
359.31	13.611
359.67	13.680
360.04	13.597
360.41	13.540
360.77	13.555
361.14	13.527
361.50	13.513
361.87	13.545
362.23	13.533
362.60	13.479
362.97	13.384
363.33	13.341
363.70	13.321
364.06	13.399
364.43	13.384
364.79	13.231
365.16	13.094
365.52	13.005
365.89	13.050
366.25	13.043
366.62	13.175
366.98	13.244
367.35	13.286
367.71	13.335
368.08	13.379
368.44	13.322
368.81	13.324
369.17	13.334
369.54	13.513
369.90	13.460
370.27	13.481
370.63	13.511
371.00	13.445
371.36	13.460
371.73	13.296
372.09	13.353
372.45	13.435
372.82	13.376
373.18	13.457
373.55	13.433
373.91	13.452
374.28	13.373
374.64	13.354
375.01	13.494
375.37	13.484
375.73	13.575
376.10	13.430
376.46	13.352
376.83	13.447
377.19	13.337
377.55	13.226
377.92	13.199
378.28	13.179
378.65	13.192
379.01	13.194
379.37	13.188
379.74	13.088
380.10	13.068
380.47	13.191
380.83	13.172
381.19	13.230
381.56	13.432
381.92	13.521
382.28	13.466
382.65	13.382
383.01	13.190
383.37	13.227
383.74	13.282
384.10	13.326
384.46	13.253
384.83	13.253
385.19	13.326
385.55	13.237
385.92	13.142
386.28	13.195
386.64	13.245
387.01	13.388
387.37	13.413
387.73	13.493
388.10	13.522
388.46	13.569
388.82	13.574
389.18	13.467
389.55	13.401
389.91	13.352
390.27	13.364
390.64	13.367
391.00	13.398
391.36	13.336
391.72	13.366
392.09	13.356
392.45	13.380
392.81	13.382
393.17	13.430
393.54	13.420
393.90	13.449
394.26	13.462
394.62	13.484
394.99	13.422
395.35	13.505
395.71	13.402
396.07	13.423
396.43	13.409
396.80	13.371
397.16	13.358
397.52	13.445
397.88	13.449
398.24	13.499
398.61	13.484
398.97	13.442
399.33	13.337
399.69	13.393
400.05	13.445
400.42	13.418
400.78	13.496
401.14	13.539
401.50	13.488
401.86	13.558
402.22	13.531
402.59	13.492
402.95	13.393
403.31	13.405
403.67	13.427
404.03	13.349
404.39	13.386
404.75	13.423
405.12	13.563
405.48	13.626
405.84	13.564
406.20	13.567
406.56	13.623
406.92	13.784
407.28	13.819
407.64	13.770
408.00	13.861
408.36	13.795
408.73	13.818
409.09	13.650
409.45	13.718
409.81	13.818
410.17	13.841
410.53	13.764
410.89	13.756
411.25	13.740
411.61	13.817
411.97	13.754
412.33	13.804
412.69	13.691
413.05	13.663
413.41	13.634
413.77	13.532
414.13	13.541
414.50	13.660
414.86	13.627
415.22	13.604
415.58	13.538
415.94	13.442
416.30	13.381
416.66	13.397
417.02	13.412
417.38	13.347
417.74	13.403
418.10	13.334
418.46	13.292
418.82	13.323
419.18	13.380
419.54	13.373
419.90	13.440
420.26	13.428
420.61	13.371
420.97	13.362
421.33	13.402
421.69	13.423
422.05	13.466
422.41	13.484
422.77	13.482
423.13	13.520
423.49	13.583
423.85	13.611
424.21	13.668
424.57	13.763
424.93	13.753
425.29	13.650
425.65	13.608
426.01	13.636
426.36	13.638
426.72	13.668
427.08	13.644
427.44	13.591
427.80	13.604
428.16	13.564
428.52	13.556
428.88	13.635
429.24	13.700
429.59	13.692
429.95	13.750
430.31	13.743
430.67	13.754
431.03	13.744
431.39	13.794
431.75	13.781
432.10	13.841
432.46	13.770
432.82	13.877
433.18	13.994
433.54	14.095
433.90	14.069
434.25	14.119
434.61	14.118
434.97	14.104
435.33	14.132
435.69	14.154
436.04	14.165
436.40	14.228
436.76	14.185
437.12	14.140
437.48	14.191
437.83	14.173
438.19	14.140
438.55	14.205
438.91	14.224
439.27	14.244
439.62	14.298
439.98	14.366
440.34	14.435
440.70	14.455
441.05	14.517
441.41	14.525
441.77	14.578
442.13	14.672
442.48	14.694
442.84	14.834
443.20	14.898
443.56	15.001
443.91	15.036
444.27	15.121
444.63	15.163
444.98	15.165
445.34	15.208
445.70	15.337
446.05	15.405
446.41	15.443
446.77	15.390
447.13	15.435
447.48	15.427
447.84	15.445
448.20	15.445
448.55	15.550
448.91	15.616
449.27	15.671
449.62	15.657
449.98	15.670
450.34	15.715
450.69	15.774
451.05	15.818
451.40	15.841
451.76	15.938
452.12	15.982
452.47	16.002
452.83	16.049
453.19	16.059
453.54	16.095
453.90	16.141
454.25	16.144
454.61	16.196
454.97	16.214
455.32	16.246
455.68	16.226
456.03	16.253
456.39	16.227
456.75	16.338
457.10	16.340
457.46	16.361
457.81	16.424
458.17	16.497
458.52	16.615
458.88	16.678
459.24	16.701
459.59	16.704
459.95	16.703
460.30	16.730
460.66	16.723
461.01	16.776
461.37	16.829
461.72	16.819
462.08	16.861
462.43	16.796
462.79	16.816
463.14	16.890
463.50	17.078
463.85	17.124
464.21	17.183
464.56	17.226
464.92	17.231
465.27	17.188
465.63	17.266
465.98	17.243
466.34	17.302
466.69	17.299
467.05	17.302
467.40	17.148
467.76	17.153
468.11	17.179
468.47	17.239
468.82	17.325
469.18	17.415
469.53	17.399
469.88	17.498
470.24	17.517
470.59	17.555
470.95	17.575
471.30	17.615
471.66	17.647
472.01	17.609
472.36	17.513
472.72	17.490
473.07	17.433
473.43	17.408
473.78	17.396
474.13	17.424
474.49	17.388
474.84	17.352
475.19	17.378
475.55	17.471
475.90	17.477
476.26	17.554
476.61	17.578
476.96	17.615
477.32	17.641
477.67	17.636
478.02	17.641
478.38	17.661
478.73	17.701
479.08	17.707
479.44	17.610
479.79	17.606
480.14	17.506
480.50	17.471
480.85	17.467
481.20	17.410
481.56	17.422
481.91	17.377
482.26	17.322
482.62	17.332
482.97	17.366
483.32	17.407
483.67	17.401
484.03	17.421
484.38	17.405
484.73	17.402
485.08	17.462
485.44	17.439
485.79	17.447
486.14	17.522
486.49	17.523
486.85	17.512
487.20	17.500
487.55	17.526
487.90	17.565
488.26	17.602
488.61	17.597
488.96	17.553
489.31	17.540
489.67	17.583
490.02	17.576
490.37	17.563
490.72	17.566
491.07	17.601
491.43	17.598
491.78	17.563
492.13	17.548
492.48	17.579
492.83	17.599
493.19	17.641
493.54	17.653
493.89	17.628
494.24	17.697
494.59	17.713
494.94	17.668
495.29	17.729
495.65	17.779
496.00	17.850
496.35	17.808
496.70	17.841
497.05	17.853
497.40	17.869
497.75	17.922
498.11	17.924
498.46	17.949
498.81	17.988
499.16	17.988
499.51	17.990
499.86	18.016
500.21	18.090
500.56	18.114
500.91	18.154
501.26	18.184
501.62	18.190
501.97	18.173
502.32	18.160
502.67	18.183
503.02	18.228
503.37	18.249
503.72	18.249
504.07	18.246
504.42	18.267
504.77	18.200
505.12	18.194
505.47	18.179
505.82	18.215
506.17	18.229
506.52	18.176
506.87	18.053
507.22	18.065
507.57	18.052
507.92	18.069
508.27	18.077
508.62	18.162
508.97	18.147
509.32	18.162
509.67	18.102
510.02	18.097
510.37	18.128
510.72	18.190
511.07	18.205
511.42	18.214
511.77	18.248
512.12	18.214
512.47	18.194
512.82	18.213
513.17	18.230
513.52	18.298
513.87	18.332
514.22	18.282
514.57	18.301
514.91	18.308
515.26	18.301
515.61	18.307
515.96	18.339
516.31	18.368
516.66	18.379
517.01	18.366
517.36	18.317
517.71	18.310
518.06	18.421
518.41	18.446
518.75	18.398
519.10	18.404
519.45	18.381
519.80	18.339
520.15	18.281
520.50	18.238
520.85	18.226
521.19	18.204
521.54	18.160
521.89	18.109
522.24	18.025
522.59	18.060
522.94	18.062
523.28	18.073
523.63	18.060
523.98	18.047
524.33	18.001
524.68	17.967
525.03	18.008
525.37	17.971
525.72	17.890
526.07	17.814
526.42	17.746
526.76	17.731
527.11	17.729
527.46	17.742
527.81	17.740
528.16	17.766
528.50	17.782
528.85	17.747
529.20	17.773
529.55	17.777
529.89	17.818
530.24	17.823
530.59	17.797
530.94	17.722
531.28	17.672
531.63	17.621
531.98	17.570
532.32	17.521
532.67	17.463
533.02	17.409
533.37	17.388
533.71	17.365
534.06	17.328
534.41	17.288
534.75	17.275
535.10	17.270
535.45	17.225
535.79	17.171
536.14	17.136
536.49	17.137
536.83	17.142
537.18	17.109
537.53	17.103
537.87	17.097
538.22	17.062
538.57	17.093
538.91	16.970
539.26	16.992
539.61	16.982
539.95	16.925
540.30	16.916
540.64	16.841
540.99	16.821
541.34	16.770
541.68	16.769
542.03	16.729
542.37	16.684
542.72	16.743
543.07	16.712
543.41	16.686
543.76	16.669
544.10	16.630
544.45	16.645
544.80	16.643
545.14	16.653
545.49	16.630
545.83	16.694
546.18	16.728
546.52	16.709
546.87	16.752
547.21	16.788
547.56	16.821
547.90	16.866
548.25	16.871
548.59	16.942
548.94	16.940
549.29	16.951
549.63	16.944
549.98	16.898
550.32	16.961
550.67	16.953
551.01	16.947
551.35	17.013
551.70	17.060
552.04	17.127
552.39	17.079
552.73	17.084
553.08	17.145
553.42	17.192
553.77	17.272
554.11	17.278
554.46	17.311
554.80	17.337
555.15	17.374
555.49	17.336
555.83	17.374
556.18	17.435
556.52	17.506
556.87	17.466
557.21	17.409
557.56	17.352
557.90	17.286
558.24	17.241
558.59	17.238
558.93	17.192
559.28	17.184
559.62	17.140
559.96	17.151
560.31	17.088
560.65	17.121
560.99	17.137
561.34	17.180
561.68	17.228
562.02	17.324
562.37	17.266
562.71	17.298
563.06	17.410
563.40	17.342
563.74	17.366
564.09	17.433
564.43	17.461
564.77	17.455
565.11	17.472
565.46	17.419
565.80	17.354
566.14	17.404
566.49	17.421
566.83	17.337
567.17	17.377
567.52	17.334
567.86	17.286
568.20	17.324
568.54	17.282
568.89	17.181
569.23	17.234
569.57	17.162
569.91	17.153
570.26	17.104
570.60	17.114
570.94	17.115
571.28	17.093
571.63	17.141
571.97	17.059
572.31	17.142
572.65	17.195
573.00	17.170
573.34	17.191
573.68	17.170
574.02	17.127
574.36	17.132
574.71	17.111
575.05	17.091
575.39	17.031
575.73	17.028
576.07	16.991
576.42	16.966
576.76	16.965
577.10	17.052
577.44	17.074
577.78	17.050
578.12	17.055
578.46	17.128
578.81	17.272
579.15	17.311
579.49	17.369
579.83	17.395
580.17	17.467
580.51	17.499
580.85	17.491
581.20	17.589
581.54	17.637
581.88	17.608
582.22	17.680
582.56	17.685
582.90	17.745
583.24	17.748
583.58	17.838
583.92	17.885
584.26	17.915
584.60	17.910
584.95	17.975
585.29	18.114
585.63	18.207
585.97	18.208
586.31	18.259
586.65	18.377
586.99	18.454
587.33	18.463
587.67	18.499
588.01	18.634
588.35	18.822
588.69	18.878
589.03	18.996
589.37	19.127
589.71	19.211
590.05	19.313
590.39	19.391
590.73	19.533
591.07	19.664
591.41	19.789
591.75	19.853
592.09	19.951
592.43	20.038
592.77	20.134
593.11	20.297
593.45	20.386
593.79	20.463
594.13	20.541
594.47	20.640
594.81	20.688
595.14	20.800
595.48	20.916
595.82	21.042
596.16	21.118
596.50	21.249
596.84	21.247
597.18	21.393
597.52	21.481
597.86	21.665
598.20	21.790
598.54	21.940
598.87	21.997
599.21	22.139
599.55	22.289
599.89	22.493
600.23	22.662
600.57	22.792
600.91	22.873
601.25	22.995
601.58	23.128
601.92	23.191
602.26	23.386
602.60	23.534
602.94	23.659
603.28	23.675
603.61	23.764
603.95	23.764
604.29	23.876
604.63	23.963
604.97	24.075
605.30	24.090
605.64	24.286
605.98	24.273
606.32	24.446
606.66	24.545
606.99	24.664
607.33	24.685
607.67	24.751
608.01	24.822
608.34	24.954
608.68	24.979
609.02	24.994
609.36	24.827
609.69	24.884
610.03	24.828
610.37	24.701
610.71	24.723
611.04	24.732
611.38	24.749
611.72	24.819
612.06	24.816
612.39	24.878
612.73	24.939
613.07	25.112
613.40	25.304
613.74	25.358
614.08	25.588
614.41	25.592
614.75	25.756
615.09	25.957
615.42	25.970
615.76	26.058
616.10	26.067
616.43	26.233
616.77	26.384
617.11	26.352
617.44	26.499
617.78	26.619
618.12	26.841
618.45	26.974
618.79	27.129
619.13	27.317
619.46	27.479
619.80	27.655
620.13	27.681
620.47	27.723
620.81	27.763
621.14	27.808
621.48	27.965
621.81	27.962
622.15	27.936
622.48	27.893
622.82	27.763
623.16	27.632
623.49	27.576
623.83	27.530
624.16	27.469
624.50	27.574
624.83	27.638
625.17	27.496
625.50	27.430
625.84	27.438
626.18	27.445
626.51	27.532
626.85	27.635
627.18	27.752
627.52	27.800
627.85	27.854
628.19	27.923
628.52	27.919
628.86	27.968
629.19	27.985
629.53	27.987
629.86	27.980
630.19	28.016
630.53	27.964
630.86	27.882
631.20	28.006
631.53	28.005
631.87	27.897
632.20	27.887
632.54	27.858
632.87	27.887
633.20	27.924
633.54	27.855
633.87	27.972
634.21	28.070
634.54	28.065
634.88	27.914
635.21	27.946
635.54	27.949
635.88	27.919
636.21	27.949
636.55	28.038
636.88	28.160
637.21	28.246
637.55	28.198
637.88	28.157
638.21	28.213
638.55	28.324
638.88	28.240
639.21	28.172
639.55	28.201
639.88	28.261
640.21	28.221
640.55	28.159
640.88	28.186
641.21	28.174
641.55	28.201
641.88	28.320
642.21	28.142
642.55	28.373
642.88	28.463
643.21	28.437
643.55	28.410
643.88	28.451
644.21	28.368
644.54	28.248
644.88	28.128
645.21	28.194
645.54	28.146
645.87	28.266
646.21	28.182
646.54	28.171
646.87	28.136
647.20	28.169
647.54	28.268
647.87	28.234
648.20	28.221
648.53	28.269
648.87	28.213
649.20	28.098
649.53	28.112
649.86	27.971
650.19	28.071
650.53	28.205
650.86	28.203
651.19	28.194
651.52	28.143
651.85	28.247
652.18	28.257
652.52	28.357
652.85	28.326
653.18	28.289
653.51	28.319
653.84	28.233
654.17	28.157
654.51	27.888
654.84	27.709
655.17	27.810
655.50	27.767
655.83	27.810
656.16	27.691
656.49	27.779
656.82	27.868
657.15	27.846
657.49	27.864
657.82	27.935
658.15	28.076
658.48	28.143
658.81	28.068
659.14	28.116
659.47	28.052
659.80	27.930
660.13	27.944
660.46	27.915
660.79	27.973
661.12	27.989
661.45	27.909
661.78	27.978
662.11	27.954
662.44	28.088
662.77	27.812
663.10	27.778
663.43	28.054
663.76	27.946
664.09	27.880
664.42	27.694
664.75	27.600
665.08	27.467
665.41	27.213
665.74	27.140
666.07	26.937
666.40	27.060
666.73	27.049
667.06	26.758
667.39	26.817
667.72	26.709
668.05	26.756
668.38	26.968
668.71	27.196
669.04	27.345
669.37	27.275
669.70	27.298
670.03	27.326
670.36	27.183
670.69	27.196
671.01	27.239
671.34	27.259
671.67	27.434
672.00	27.088
672.33	26.939
672.66	26.775
672.99	26.570
673.32	26.663
673.64	26.515
673.97	26.707
674.30	26.745
674.63	26.729
674.96	26.779
675.29	26.542
675.62	26.649
675.94	26.396
676.27	26.486
676.60	26.603
676.93	26.638
677.26	26.720
677.58	26.531
677.91	26.394
678.24	26.052
678.57	25.973
678.90	25.840
679.22	25.608
679.55	25.698
679.88	25.604
680.21	25.683
680.54	25.397
680.86	25.338
681.19	25.219
681.52	25.097
681.85	25.137
682.17	24.884
682.50	24.752
682.83	24.863
683.16	24.502
683.48	24.388
683.81	23.882
684.14	23.690
684.46	23.542
684.79	23.461
685.12	23.615
685.45	23.368
685.77	23.231
686.10	23.328
686.43	22.824
686.75	22.828
687.08	22.707
687.41	22.909
687.73	22.741
688.06	22.591
688.39	22.393
688.71	21.926
689.04	21.881
689.36	21.750
689.69	21.571
690.02	21.738
690.34	21.712
690.67	21.703
691.00	21.468
691.32	21.529
691.65	21.296
691.97	21.002
692.30	20.940
692.63	20.585
692.95	20.787
693.28	20.560
693.60	20.230
693.93	20.182
694.26	19.740
694.58	19.665
694.91	19.069
695.23	18.984
695.56	19.086
695.88	18.837
696.21	18.815
696.53	18.533
696.86	18.454
697.18	18.215
697.51	17.977
697.83	17.851
698.16	17.581
698.48	17.616
698.81	17.421
699.13	17.158
699.46	16.928
699.78	16.748
700.11	16.484
700.43	16.006
700.76	15.708
701.08	15.311
701.41	15.335
701.73	15.295
702.06	14.838
702.38	14.671
702.71	14.555
703.03	14.357
703.35	13.997
703.68	13.618
704.00	13.591
704.33	13.611
704.65	13.352
704.98	12.781
705.30	12.681
705.62	13.168
705.95	12.703
706.27	12.441
706.60	12.245
706.92	11.854
707.24	11.751
707.57	11.515
707.89	11.233
708.21	11.256
708.54	11.024
708.86	10.120
709.18	9.410
709.51	8.923
709.83	8.562
710.15	8.066
710.48	8.101
710.80	8.088
711.12	8.223
711.45	8.015
711.77	7.423
712.09	7.163
712.42	7.114
712.74	6.682
713.06	6.763
713.38	6.513
713.71	6.645
714.03	6.581
714.35	6.003
714.68	5.300
715.00	5.101
715.32	5.103
715.64	4.807
715.97	4.479
716.29	4.216
716.61	3.793
716.93	3.704
717.25	3.104
717.58	2.511
717.90	2.295
718.22	1.975
718.54	1.589
718.87	1.260
719.19	1.128
719.51	1.586
719.83	1.653
720.15	1.115
720.47	0.544
720.80	0.330
721.12	0.271
721.44	-0.228
721.76	-0.531
722.08	-1.066
722.40	-1.271
722.73	-1.872
723.05	-2.687
723.37	-3.106
723.69	-3.307
724.01	-4.221
724.33	-4.632
724.65	-5.375
724.97	-5.316
725.30	-5.074
725.62	-5.842
725.94	-6.886
726.26	-6.904
726.58	-7.583
726.90	-8.318
727.22	-8.349
727.54	-7.487
727.86	-7.868
728.18	-7.911
728.50	-8.510
728.82	-9.224
729.14	-8.978
729.46	-7.892
729.78	-7.724
730.10	-7.239
730.42	-7.354
730.74	-7.466
731.07	-7.876
731.39	-7.938
731.71	-8.553
732.03	-8.254
732.35	-8.229
732.66	-8.361
732.98	-8.908
733.30	-9.680
733.62	-10.189
733.94	-9.820
734.26	-10.024
734.58	-10.788
734.90	-10.882
735.22	-10.718
735.54	-11.445
735.86	-11.692
736.18	-11.636
736.50	-12.222
736.82	-12.162
737.14	-13.278
737.46	-13.393
737.78	-13.818
738.10	-13.269
738.41	-13.519
738.73	-13.490
739.05	-12.790
739.37	-13.600
739.69	-13.797
740.01	-14.505
740.33	-14.433
740.65	-14.162
740.96	-14.442
741.28	-13.731
741.60	-13.515
741.92	-13.651
742.24	-14.254
742.56	-15.319
742.88	-14.196
743.19	-13.479
743.51	-13.821
743.83	-14.310
744.15	-15.783
744.47	-15.900
744.78	-16.420
745.10	-17.582
745.42	-18.611
745.74	-17.630
746.06	-18.243
746.37	-19.246
746.69	-20.043
747.01	-20.813
747.33	-21.691
747.64	-19.886
747.96	-20.543
748.28	-21.416
748.60	-21.658
748.91	-21.218
749.23	-22.496
749.55	-23.102
749.87	-24.403
750.18	-24.997
750.50	-24.110
750.82	-24.466
751.13	-25.864
751.45	-26.767
751.77	-26.189
752.08	-27.186
752.40	-27.592
752.72	-28.015
753.03	-27.275
753.35	-26.219
753.67	-26.018
753.98	-26.025
754.30	-25.933
754.62	-25.032
754.93	-24.047
755.25	-23.707
755.57	-22.904
755.88	-22.179
756.20	-23.808
756.51	-23.702
756.83	-25.182
757.15	-25.890
757.46	-25.191
757.78	-25.440
758.09	-25.229
758.41	-26.392
758.73	-28.531
759.04	-28.884
759.36	-30.063
759.67	-28.702
759.99	-29.021
760.30	-27.839
760.62	-27.715
760.94	-30.004
761.25	-30.337
761.57	-30.794
761.88	-29.725
762.20	-27.565
762.51	-27.375
762.83	-26.429
763.14	-25.766
763.46	-26.830
763.77	-27.999
764.09	-28.028
764.40	-27.179
764.72	-27.013
765.03	-27.207
765.35	-27.026
765.66	-27.868
765.98	-28.162
766.29	-28.176
766.61	-29.078
766.92	-28.099
767.23	-27.308
767.55	-28.399
767.86	-29.268
768.18	-27.452
768.49	-28.053
768.81	-28.271
769.12	-27.703
769.43	-26.902
769.75	-27.451
770.06	-27.101
770.38	-27.401
770.69	-27.266
771.00	-26.593
771.32	-25.027
771.63	-27.181
771.94	-26.100
772.26	-27.100
772.57	-27.788
772.89	-28.851
773.20	-29.514
773.51	-29.193
773.83	-29.023
774.14	-27.891
774.45	-29.178
774.77	-29.888
775.08	-28.531
775.39	-30.408
775.70	-29.710
776.02	-30.225
776.33	-30.505
776.64	-29.592
776.96	-29.007
777.27	-28.082
777.58	-30.105
777.89	-26.941
778.21	-28.240
778.52	-29.202
778.83	-28.802
779.14	-29.375
779.46	-29.425
779.77	-28.152
780.08	-27.338
780.39	-28.890
780.71	-29.708
781.02	-27.647
781.33	-28.008
781.64	-24.000
781.95	-23.294
782.27	-21.264
782.58	-22.868
782.89	-22.317
783.20	-23.927
783.51	-27.798
783.83	-26.560
784.14	-25.412
784.45	-25.392
784.76	-28.180
785.07	-32.218
785.38	-32.989
785.70	-31.961
786.01	-30.293
786.32	-31.328
786.63	-30.196
786.94	-29.900
787.25	-31.091
787.56	-31.104
787.87	-34.057
788.18	-34.262
788.50	-34.299
788.81	-35.253
789.12	-38.879
789.43	-39.359
789.74	-37.034
790.05	-36.760
790.36	-35.828
790.67	-36.621
790.98	-40.525
791.29	-41.098
791.60	-42.970
791.91	-43.823
792.22	-44.020
792.53	-43.038
792.84	-39.899
793.15	-38.582
793.46	-40.000
793.77	-38.661
794.08	-36.389
794.39	-35.393
794.70	-36.296
795.01	-32.846
795.32	-29.042
795.63	-27.159
795.94	-25.880
796.25	-23.927
796.56	-26.250
796.87	-26.311
797.18	-25.235
797.49	-28.258
797.80	-28.129
798.11	-24.349
798.42	-24.890
798.73	-25.091
799.04	-24.986
799.35	-27.710
799.65	-30.432
799.96	-31.532
800.27	-29.572
800.58	-31.042
800.89	-30.019
801.20	-25.973
801.51	-24.864
801.82	-20.543
802.13	-24.755
802.43	-27.392
802.74	-26.275
803.05	-25.444
803.36	-26.425
803.67	-25.737
803.98	-26.218
804.28	-29.296
804.59	-33.557
804.90	-37.351
805.21	-44.381
805.52	-43.082
805.83	-43.122
806.13	-38.893
806.44	-39.780
806.75	-39.468
807.06	-42.770
807.36	-44.735
807.67	-38.437
807.98	-37.291
808.29	-37.528
808.60	-35.270
808.90	-36.972
809.21	-35.529
809.52	-39.559
809.83	-43.234
810.13	-47.433
810.44	-46.396
810.75	-43.270
811.05	-41.240
811.36	-43.093
811.67	-42.525
811.98	-38.862
812.28	-31.858
812.59	-32.612
812.90	-33.104
813.20	-28.694
813.51	-25.124
813.82	-22.775
814.12	-21.876
814.43	-25.089
814.74	-23.762
815.04	-23.920
815.35	-25.846
815.65	-28.913
815.96	-27.342
816.27	-26.973
816.57	-31.294
816.88	-33.580
817.19	-35.248
817.49	-36.413
817.80	-37.931
818.10	-39.460
818.41	-37.358
818.72	-38.038
819.02	-39.361
819.33	-43.486
819.63	-42.555
819.94	-38.613
820.24	-37.421
820.55	-35.482
820.85	-33.578
821.16	-32.655
821.47	-31.394
821.77	-30.918
822.08	-31.680
822.38	-30.739
822.69	-28.812
822.99	-28.795
823.30	-29.782
823.60	-29.881
823.91	-30.361
824.21	-30.426
824.52	-31.454
824.82	-31.909
825.13	-31.212
825.43	-30.844
825.73	-31.961
826.04	-35.158
826.34	-36.210
826.65	-34.879
826.95	-34.904
827.26	-36.633
827.56	-37.152
827.87	-34.345
828.17	-33.751
828.47	-36.914
828.78	-35.115
829.08	-35.323
829.39	-34.403
829.69	-34.719
829.99	-36.547
830.30	-35.340
830.60	-35.490
830.90	-37.847
831.21	-37.200
831.51	-45.065
831.82	-43.935
832.12	-46.968
832.42	-44.393
832.73	-43.293
833.03	-41.799
833.33	-42.791
833.64	-42.745
833.94	-36.553
834.24	-33.333
834.54	-35.448
834.85	-30.691
835.15	-32.404
835.45	-33.641
835.76	-34.824
836.06	-36.425
836.36	-36.167
836.66	-31.215
836.97	-27.653
837.27	-31.451
837.57	-35.676
837.87	-34.463
838.18	-33.760
838.48	-31.591
838.78	-28.107
839.08	-28.045
839.39	-29.049
839.69	-27.743
839.99	-30.735
840.29	-33.558
840.59	-33.278
840.90	-33.678
841.20	-33.046
841.50	-32.437
841.80	-31.250
842.10	-31.859
842.41	-28.713
842.71	-23.003
843.01	-27.842
843.31	-29.362
843.61	-30.170
843.91	-30.579
844.21	-28.771
844.52	-31.961
844.82	-39.058
845.12	-41.339
845.42	-43.226
845.72	-49.291
846.02	-67.226
846.32	-60.126
846.62	-77.238
846.92	-66.373
847.22	-62.018
847.52	-53.249
847.83	-47.947
848.13	-49.191
848.43	-50.236
848.73	-62.371
849.03	-59.238
849.33	-50.069
849.63	-37.547
849.93	-31.475
850.23	-42.941
850.53	-54.486
850.83	-61.702
851.13	-65.731
851.43	-60.055
851.73	-51.351
852.03	-49.217
852.33	-64.815
852.63	-54.581
852.93	-63.239
853.23	-63.761
853.53	-51.802
853.83	-51.477
854.13	-44.020
854.43	-41.304
854.73	-26.027
855.03	-33.492
855.32	-19.577
855.62	-11.111
855.92	-21.660
856.22	-29.734
856.52	-35.968
856.82	-40.649
857.12	-40.837
857.42	-50.426
857.72	-57.225
858.02	-71.252
858.31	-63.487
858.61	-72.277
858.91	-79.643
859.21	-91.402
859.51	-92.355
859.81	-104.822
860.11	-113.034
860.40	-113.734
860.70	-154.593
861.00	-211.986
861.30	-205.461
861.60	-277.215
861.90	-390.104
862.19	-329.858
862.49	-284.746
862.79	-258.462
863.09	-135.732
863.39	-159.172
863.68	-168.827
863.98	-138.281
864.28	-133.081
864.58	-151.003
864.87	-128.429
865.17	-84.049
865.47	-72.125
865.77	-51.049
866.06	-53.934
866.36	-81.980
866.66	-67.537
866.96	-80.276
867.25	-56.169
867.55	-39.731
867.85	-32.424
868.14	-36.438
868.44	-34.429
868.74	-47.871
869.03	-57.763
869.33	-68.130
869.63	-53.321
869.92	-57.271
870.22	-37.275
870.52	-36.612
870.81	-48.559
871.11	-61.231
871.41	-48.841
871.70	-51.961
872.00	-55.502
872.30	-55.363
872.59	-51.085
872.89	-60.568
873.18	-59.099
873.48	-70.020
873.78	-83.010
874.07	-69.266
874.37	-26.157
874.66	-53.669
874.96	-55.310
875.25	-52.304
875.55	-50.224
875.85	-47.495
876.14	-39.000
876.44	-34.714
876.73	-37.076
877.03	-51.382
877.32	-39.310
877.62	-95.170
877.91	-77.384
878.21	-87.393
878.50	-111.337
878.80	-92.147
879.09	-92.665
879.39	-77.389
879.68	-119.886
879.98	-99.523
880.27	-79.167
880.57	-81.915
880.86	-68.154
881.16	-64.374
881.45	-51.766
881.74	-44.513
882.04	-45.283
882.33	-38.998
882.63	-38.143
882.92	-32.431
883.22	-31.431
883.51	-31.739
883.80	-27.489
884.10	-27.809
884.39	-28.695
884.69	-29.764
884.98	-29.003
885.27	-31.247
885.57	-35.865
885.86	-46.124
886.15	-49.612
886.45	-51.626
886.74	-53.762
887.03	-83.161
887.33	-75.000
887.62	-54.240
887.91	-5.634
888.21	-92.000
888.50	-650.000
888.79	-10.465
889.09	-4.545
