190.56	58.065
190.94	58.065
191.32	58.065
191.70	-36.957
192.08	266.667
192.46	48.958
192.84	84.177
193.22	101.316
193.60	109.722
193.98	92.920
194.36	95.854
194.74	106.378
195.13	131.778
195.51	213.410
195.89	301.622
196.27	303.125
196.65	363.415
197.03	311.905
197.40	210.959
197.78	209.217
198.16	303.419
198.54	-811.905
198.92	-335.443
199.30	-106.306
199.68	-118.750
200.06	-118.919
200.44	-19.417
200.82	-36.364
201.20	-1.527
201.58	9.038
201.96	36.573
202.34	30.841
202.72	34.054
203.10	8.718
203.48	-34.302
203.86	-63.813
204.24	-66.531
204.62	-107.981
205.00	-166.477
205.38	-370.000
205.76	-285.926
206.13	-451.961
206.51	-1205.263
206.89	746.552
207.27	608.696
207.65	555.844
208.03	1647.826
208.41	-391.935
208.79	-556.250
209.17	-308.000
209.55	-114.159
209.93	-62.637
210.30	-16.774
210.68	-36.216
211.06	-40.755
211.44	-3.226
211.82	9.589
212.20	6.912
212.58	-10.390
212.96	-10.261
213.33	-4.722
213.71	-13.628
214.09	-17.291
214.47	-13.841
214.85	-2.941
215.23	4.184
215.61	-6.943
215.98	-3.248
216.36	-0.274
216.74	-14.332
217.12	-7.704
217.50	-7.922
217.88	2.642
218.25	-3.268
218.63	-5.078
219.01	-3.173
219.39	-11.353
219.77	-6.036
220.14	-5.184
220.52	-2.621
220.90	7.521
221.28	0.679
221.66	4.706
222.03	1.448
222.41	6.508
222.79	7.175
223.17	3.878
223.55	9.548
223.92	4.826
224.30	3.542
224.68	3.516
225.06	2.138
225.43	3.312
225.81	1.723
226.19	1.797
226.57	0.120
226.95	-0.124
227.32	1.855
227.70	1.669
228.08	3.118
228.46	3.200
228.83	3.058
229.21	3.512
229.59	3.887
229.96	3.622
230.34	4.273
230.72	4.930
231.10	5.207
231.47	4.591
231.85	4.946
232.23	4.195
232.60	5.035
232.98	6.233
233.36	5.319
233.74	5.171
234.11	6.004
234.49	6.467
234.87	6.329
235.24	6.290
235.62	6.820
236.00	6.771
236.37	7.221
236.75	6.321
237.13	4.897
237.50	4.151
237.88	3.575
238.26	3.258
238.63	2.519
239.01	2.489
239.39	1.975
239.76	1.495
240.14	1.291
240.52	0.702
240.89	1.460
241.27	1.477
241.65	1.616
242.02	1.699
242.40	1.791
242.77	1.724
243.15	1.893
243.53	2.184
243.90	2.299
244.28	2.112
244.66	2.774
245.03	2.713
245.41	2.969
245.78	3.031
246.16	3.209
246.54	3.103
246.91	3.193
247.29	3.104
247.66	2.931
248.04	3.092
248.41	3.214
248.79	2.907
249.17	2.736
249.54	2.481
249.92	2.749
250.29	2.870
250.67	2.851
251.04	2.868
251.42	3.006
251.80	3.298
252.17	2.572
252.55	2.315
252.92	2.588
253.30	2.764
253.67	3.105
254.05	3.136
254.42	2.472
254.80	2.827
255.17	2.782
255.55	2.358
255.92	1.821
256.30	2.566
256.67	2.807
257.05	2.770
257.42	2.637
257.80	2.770
258.17	2.591
258.55	2.780
258.92	2.516
259.30	2.425
259.67	2.519
260.05	2.692
260.42	2.588
260.80	2.382
261.17	2.355
261.55	2.342
261.92	2.329
262.30	2.297
262.67	2.469
263.05	2.506
263.42	2.620
263.79	2.705
264.17	2.424
264.54	2.433
264.92	2.604
265.29	2.255
265.67	2.127
266.04	1.882
266.42	1.973
266.79	1.384
267.16	1.501
267.54	1.402
267.91	1.350
268.29	1.504
268.66	1.575
269.03	1.665
269.41	1.973
269.78	1.916
270.16	1.681
270.53	1.655
270.90	1.730
271.28	1.788
271.65	1.954
272.03	1.823
272.40	1.693
272.77	1.704
273.15	1.607
273.52	1.501
273.89	1.549
274.27	1.727
274.64	1.639
275.01	1.961
275.39	1.902
275.76	1.587
276.14	1.469
276.51	1.610
276.88	1.725
277.26	1.642
277.63	1.547
278.00	1.664
278.38	1.612
278.75	1.815
279.12	1.671
279.49	1.609
279.87	1.494
280.24	1.731
280.61	1.733
280.99	1.498
281.36	1.735
281.73	1.830
282.11	1.915
282.48	1.896
282.85	1.820
283.22	1.909
283.60	1.983
283.97	2.219
284.34	2.121
284.71	1.991
285.09	2.002
285.46	1.954
285.83	2.071
286.21	2.073
286.58	2.199
286.95	2.377
287.32	2.324
287.70	2.303
288.07	2.432
288.44	2.441
288.81	2.598
289.18	2.529
289.56	2.566
289.93	2.503
290.30	2.435
290.67	2.361
291.05	2.231
291.42	2.221
291.79	2.269
292.16	2.074
292.53	2.092
292.91	1.919
293.28	2.042
293.65	1.977
294.02	2.059
294.39	2.037
294.76	2.180
295.14	2.098
295.51	2.137
295.88	2.009
296.25	2.097
296.62	2.254
297.00	2.423
297.37	2.556
297.74	2.615
298.11	2.459
298.48	2.516
298.85	2.414
299.22	2.401
299.60	2.370
299.97	2.501
300.34	2.445
300.71	2.495
301.08	2.518
301.45	2.514
301.82	2.446
302.19	2.616
302.56	2.570
302.94	2.720
303.31	2.731
303.68	2.752
304.05	2.722
304.42	2.868
304.79	2.664
305.16	2.556
305.53	2.611
305.90	2.596
306.27	2.659
306.64	2.493
307.02	2.324
307.39	2.520
307.76	2.688
308.13	2.762
308.50	2.701
308.87	2.660
309.24	2.711
309.61	2.442
309.98	2.558
310.35	2.523
310.72	2.611
311.09	2.499
311.46	2.396
311.83	2.367
312.20	2.385
312.57	2.293
312.94	2.548
313.31	2.464
313.68	2.515
314.05	2.409
314.42	2.318
314.79	2.370
315.16	2.560
315.53	2.413
315.90	2.391
316.27	2.414
316.64	2.494
317.01	2.228
317.38	2.308
317.75	2.358
318.12	2.545
318.49	2.430
318.86	2.457
319.23	2.458
319.60	2.642
319.97	2.559
320.34	2.381
320.71	2.406
321.08	2.474
321.45	2.539
321.82	2.523
322.19	2.138
322.55	2.265
322.92	2.235
323.29	2.225
323.66	2.519
324.03	2.522
324.40	2.496
324.77	2.551
325.14	2.605
325.51	2.517
325.88	2.710
326.25	2.828
326.61	2.956
326.98	3.095
327.35	3.129
327.72	2.693
328.09	2.771
328.46	2.999
328.83	2.868
329.20	2.936
329.56	3.049
329.93	2.845
330.30	2.824
330.67	2.786
331.04	2.826
331.41	2.750
331.78	2.993
332.14	2.886
332.51	2.871
332.88	3.009
333.25	2.833
333.62	2.956
333.99	2.947
334.35	3.185
334.72	3.197
335.09	2.896
335.46	2.829
335.83	2.685
336.19	2.733
336.56	2.563
336.93	2.412
337.30	2.313
337.67	2.103
338.03	2.063
338.40	1.942
338.77	1.850
339.14	1.909
339.50	2.007
339.87	2.011
340.24	1.920
340.61	1.793
340.97	2.016
341.34	2.139
341.71	2.223
342.08	2.337
342.44	2.400
342.81	2.279
343.18	2.212
343.55	2.168
343.91	2.071
344.28	2.016
344.65	2.070
345.02	1.885
345.38	1.840
345.75	1.822
346.12	1.675
346.48	1.405
346.85	1.391
347.22	1.480
347.59	1.513
347.95	1.602
348.32	1.627
348.69	1.756
349.05	1.662
349.42	1.583
349.79	1.394
350.15	1.198
350.52	1.292
350.89	1.258
351.25	1.078
351.62	0.903
351.99	0.824
352.35	0.748
352.72	0.606
353.09	0.573
353.45	0.482
353.82	0.476
354.18	0.599
354.55	0.583
354.92	0.536
355.28	0.572
355.65	0.560
356.02	0.443
356.38	0.417
356.75	0.342
357.11	0.278
357.48	0.284
357.85	0.298
358.21	0.167
358.58	0.026
358.94	-0.091
359.31	-0.109
359.67	-0.113
360.04	-0.162
360.41	-0.284
360.77	-0.380
361.14	-0.490
361.50	-0.431
361.87	-0.514
362.23	-0.494
362.60	-0.563
362.97	-0.563
363.33	-0.741
363.70	-0.917
364.06	-0.923
364.43	-0.933
364.79	-0.946
365.16	-0.889
365.52	-1.148
365.89	-1.092
366.25	-1.122
366.62	-0.991
366.98	-0.951
367.35	-0.927
367.71	-0.839
368.08	-0.794
368.44	-0.854
368.81	-0.943
369.17	-1.013
369.54	-0.908
369.90	-1.122
370.27	-1.231
370.63	-1.211
371.00	-1.260
371.36	-1.353
371.73	-1.386
372.09	-1.421
372.45	-1.520
372.82	-1.501
373.18	-1.574
373.55	-1.555
373.91	-1.499
374.28	-1.466
374.64	-1.610
375.01	-1.657
375.37	-1.506
375.73	-1.553
376.10	-1.588
376.46	-1.433
376.83	-1.462
377.19	-1.465
377.55	-1.580
377.92	-1.635
378.28	-1.554
378.65	-1.504
379.01	-1.535
379.37	-1.586
379.74	-1.678
380.10	-1.757
380.47	-1.931
380.83	-1.929
381.19	-1.842
381.56	-1.662
381.92	-1.655
382.28	-1.753
382.65	-1.836
383.01	-1.830
383.37	-1.738
383.74	-1.585
384.10	-1.531
384.46	-1.279
384.83	-1.160
385.19	-1.233
385.55	-1.327
385.92	-1.307
386.28	-1.259
386.64	-1.152
387.01	-1.131
387.37	-1.134
387.73	-1.134
388.10	-1.103
388.46	-1.306
388.82	-1.331
389.18	-1.214
389.55	-1.185
389.91	-1.122
390.27	-1.106
390.64	-1.121
391.00	-1.035
391.36	-1.094
391.72	-1.109
392.09	-1.186
392.45	-1.032
392.81	-1.029
393.17	-0.934
393.54	-0.871
393.90	-0.818
394.26	-0.729
394.62	-0.714
394.99	-0.664
395.35	-0.553
395.71	-0.551
396.07	-0.337
396.43	-0.397
396.80	-0.178
397.16	-0.210
397.52	-0.168
397.88	-0.164
398.24	-0.117
398.61	-0.007
398.97	0.003
399.33	0.044
399.69	0.153
400.05	0.139
400.42	0.324
400.78	0.248
401.14	0.386
401.50	0.396
401.86	0.593
402.22	0.612
402.59	0.709
402.95	0.827
403.31	0.917
403.67	0.934
404.03	1.047
404.39	1.004
404.75	0.986
405.12	0.927
405.48	1.033
405.84	1.005
406.20	0.926
406.56	0.929
406.92	0.950
407.28	0.947
407.64	1.076
408.00	0.994
408.36	1.039
408.73	1.115
409.09	1.282
409.45	1.363
409.81	1.376
410.17	1.594
410.53	1.601
410.89	1.587
411.25	1.605
411.61	1.684
411.97	1.753
412.33	1.855
412.69	1.974
413.05	1.993
413.41	1.991
413.77	2.015
414.13	2.017
414.50	2.156
414.86	2.247
415.22	2.310
415.58	2.353
415.94	2.406
416.30	2.536
416.66	2.540
417.02	2.548
417.38	2.609
417.74	2.725
418.10	2.785
418.46	2.814
418.82	2.827
419.18	2.895
419.54	2.947
419.90	3.034
420.26	3.119
420.61	3.175
420.97	3.234
421.33	3.320
421.69	3.354
422.05	3.409
422.41	3.480
422.77	3.536
423.13	3.530
423.49	3.566
423.85	3.618
424.21	3.599
424.57	3.671
424.93	3.725
425.29	3.800
425.65	3.855
426.01	3.878
426.36	3.905
426.72	4.069
427.08	4.194
427.44	4.228
427.80	4.227
428.16	4.242
428.52	4.296
428.88	4.319
429.24	4.228
429.59	4.279
429.95	4.330
430.31	4.369
430.67	4.337
431.03	4.448
431.39	4.491
431.75	4.552
432.10	4.595
432.46	4.614
432.82	4.723
433.18	4.799
433.54	4.848
433.90	4.909
434.25	4.920
434.61	4.969
434.97	4.940
435.33	5.059
435.69	5.170
436.04	5.259
436.40	5.287
436.76	5.304
437.12	5.411
437.48	5.444
437.83	5.555
438.19	5.672
438.55	5.711
438.91	5.768
439.27	5.779
439.62	5.809
439.98	5.918
440.34	6.049
440.70	6.154
441.05	6.202
441.41	6.315
441.77	6.422
442.13	6.542
442.48	6.722
442.84	6.879
443.20	7.058
443.56	7.244
443.91	7.372
444.27	7.516
444.63	7.600
444.98	7.776
445.34	7.928
445.70	8.062
446.05	8.155
446.41	8.265
446.77	8.391
447.13	8.497
447.48	8.625
447.84	8.787
448.20	8.963
448.55	9.134
448.91	9.274
449.27	9.400
449.62	9.498
449.98	9.656
450.34	9.724
450.69	9.940
451.05	10.066
451.40	10.173
451.76	10.296
452.12	10.415
452.47	10.516
452.83	10.582
453.19	10.766
453.54	10.862
453.90	11.009
454.25	11.225
454.61	11.304
454.97	11.434
455.32	11.601
455.68	11.694
456.03	11.776
456.39	11.880
456.75	12.040
457.10	12.209
457.46	12.310
457.81	12.383
458.17	12.463
458.52	12.526
458.88	12.663
459.24	12.677
459.59	12.756
459.95	12.839
460.30	12.955
460.66	13.018
461.01	13.039
461.37	13.132
461.72	13.262
462.08	13.400
462.43	13.577
462.79	13.644
463.14	13.790
463.50	13.886
463.85	13.948
464.21	14.042
464.56	14.149
464.92	14.192
465.27	14.356
465.63	14.367
465.98	14.452
466.34	14.489
466.69	14.552
467.05	14.654
467.40	14.821
467.76	14.889
468.11	15.072
468.47	15.185
468.82	15.427
469.18	15.569
469.53	15.734
469.88	15.838
470.24	15.904
470.59	16.070
470.95	16.260
471.30	16.292
471.66	16.478
472.01	16.464
472.36	16.575
472.72	16.567
473.07	16.624
473.43	16.779
473.78	16.846
474.13	16.966
474.49	17.171
474.84	17.304
475.19	17.456
475.55	17.569
475.90	17.783
476.26	17.908
476.61	18.131
476.96	18.244
477.32	18.343
477.67	18.573
478.02	18.691
478.38	18.784
478.73	18.793
479.08	18.890
479.44	19.040
479.79	19.118
480.14	19.227
480.50	19.258
480.85	19.385
481.20	19.498
481.56	19.606
481.91	19.817
482.26	19.878
482.62	20.033
482.97	20.173
483.32	20.272
483.67	20.341
484.03	20.427
484.38	20.526
484.73	20.603
485.08	20.707
485.44	20.779
485.79	20.836
486.14	20.952
486.49	21.055
486.85	21.047
487.20	21.098
487.55	21.207
487.90	21.284
488.26	21.291
488.61	21.382
488.96	21.490
489.31	21.587
489.67	21.708
490.02	21.796
490.37	21.856
490.72	21.993
491.07	22.056
491.43	22.116
491.78	22.197
492.13	22.335
492.48	22.395
492.83	22.422
493.19	22.484
493.54	22.528
493.89	22.647
494.24	22.762
494.59	22.895
494.94	22.986
495.29	23.050
495.65	23.097
496.00	23.144
496.35	23.242
496.70	23.315
497.05	23.374
497.40	23.504
497.75	23.582
498.11	23.586
498.46	23.625
498.81	23.804
499.16	23.870
499.51	24.050
499.86	24.128
500.21	24.143
500.56	24.251
500.91	24.390
501.26	24.460
501.62	24.517
501.97	24.659
502.32	24.780
502.67	24.738
503.02	24.903
503.37	24.860
503.72	24.940
504.07	25.072
504.42	25.091
504.77	25.159
505.12	25.168
505.47	25.285
505.82	25.394
506.17	25.440
506.52	25.615
506.87	25.647
507.22	25.746
507.57	25.824
507.92	25.954
508.27	26.089
508.62	26.153
508.97	26.279
509.32	26.374
509.67	26.478
510.02	26.670
510.37	26.714
510.72	26.814
511.07	26.902
511.42	27.027
511.77	27.075
512.12	27.214
512.47	27.367
512.82	27.522
513.17	27.569
513.52	27.639
513.87	27.718
514.22	27.876
514.57	27.997
514.91	28.221
515.26	28.418
515.61	28.544
515.96	28.656
516.31	28.723
516.66	28.856
517.01	29.035
517.36	29.201
517.71	29.293
518.06	29.458
518.41	29.582
518.75	29.721
519.10	29.862
519.45	30.043
519.80	30.201
520.15	30.346
520.50	30.511
520.85	30.647
521.19	30.835
521.54	31.018
521.89	31.158
522.24	31.341
522.59	31.498
522.94	31.590
523.28	31.762
523.63	31.897
523.98	32.147
524.33	32.280
524.68	32.475
525.03	32.629
525.37	32.804
525.72	33.019
526.07	33.262
526.42	33.417
526.76	33.696
527.11	33.914
527.46	34.165
527.81	34.311
528.16	34.489
528.50	34.674
528.85	34.844
529.20	35.028
529.55	35.177
529.89	35.337
530.24	35.606
530.59	35.806
530.94	36.040
531.28	36.230
531.63	36.526
531.98	36.790
532.32	37.034
532.67	37.296
533.02	37.490
533.37	37.681
533.71	37.900
534.06	38.061
534.41	38.303
534.75	38.510
535.10	38.876
535.45	39.160
535.79	39.394
536.14	39.650
536.49	39.829
536.83	40.021
537.18	40.291
537.53	40.507
537.87	40.742
538.22	40.982
538.57	41.226
538.91	41.373
539.26	41.632
539.61	41.997
539.95	42.287
540.30	42.554
540.64	42.823
540.99	43.018
541.34	43.162
541.68	43.361
542.03	43.585
542.37	43.805
542.72	44.078
543.07	44.257
543.41	44.454
543.76	44.654
544.10	44.911
544.45	45.155
544.80	45.463
545.14	45.831
545.49	46.118
545.83	46.273
546.18	46.570
546.52	46.755
546.87	46.991
547.21	47.200
547.56	47.415
547.90	47.558
548.25	47.801
548.59	47.922
548.94	48.069
549.29	48.271
549.63	48.587
549.98	48.847
550.32	49.066
550.67	49.315
551.01	49.524
551.35	49.660
551.70	49.880
552.04	50.038
552.39	50.284
552.73	50.482
553.08	50.520
553.42	50.579
553.77	50.623
554.11	50.768
554.46	50.910
554.80	51.114
555.15	51.341
555.49	51.482
555.83	51.576
556.18	51.705
556.52	51.896
556.87	52.259
557.21	52.465
557.56	52.708
557.90	52.915
558.24	53.110
558.59	53.236
558.93	53.402
559.28	53.592
559.62	53.898
559.96	54.144
560.31	54.276
560.65	54.306
560.99	54.487
561.34	54.510
561.68	54.631
562.02	54.796
562.37	54.893
562.71	55.046
563.06	55.189
563.40	55.183
563.74	55.142
564.09	55.263
564.43	55.506
564.77	55.558
565.11	55.842
565.46	55.974
565.80	56.095
566.14	56.237
566.49	56.295
566.83	56.450
567.17	56.663
567.52	56.936
567.86	56.959
568.20	56.924
568.54	57.187
568.89	57.271
569.23	57.409
569.57	57.543
569.91	57.781
570.26	57.993
570.60	58.089
570.94	58.150
571.28	58.164
571.63	58.336
571.97	58.563
572.31	58.551
572.65	58.533
573.00	58.536
573.34	58.581
573.68	58.589
574.02	58.671
574.36	58.664
574.71	58.758
575.05	58.823
575.39	58.908
575.73	58.968
576.07	59.123
576.42	59.142
576.76	59.241
577.10	59.302
577.44	59.312
577.78	59.348
578.12	59.443
578.46	59.371
578.81	59.512
579.15	59.570
579.49	59.657
579.83	59.554
580.17	59.684
580.51	59.744
580.85	59.895
581.20	60.038
581.54	60.044
581.88	60.108
582.22	60.309
582.56	60.296
582.90	60.413
583.24	60.407
583.58	60.565
583.92	60.742
584.26	60.855
584.60	60.910
584.95	60.874
585.29	60.925
585.63	61.090
585.97	61.279
586.31	61.343
586.65	61.327
586.99	61.364
587.33	61.556
587.67	61.599
588.01	61.690
588.35	61.632
588.69	61.717
589.03	62.072
589.37	61.977
589.71	61.910
590.05	62.024
590.39	62.044
590.73	62.089
591.07	62.017
591.41	62.021
591.75	62.037
592.09	62.128
592.43	62.202
592.77	61.927
593.11	62.088
593.45	62.162
593.79	62.314
594.13	62.506
594.47	62.555
594.81	62.494
595.14	62.564
595.48	62.597
595.82	62.729
596.16	62.704
596.50	62.700
596.84	62.708
597.18	62.832
597.52	62.868
597.86	62.888
598.20	62.939
598.54	63.099
598.87	63.235
599.21	63.181
599.55	63.301
599.89	63.262
600.23	63.416
600.57	63.611
600.91	63.661
601.25	63.677
601.58	63.877
601.92	63.982
602.26	63.893
602.60	63.812
602.94	63.986
603.28	63.930
603.61	64.136
603.95	64.174
604.29	64.135
604.63	64.145
604.97	64.177
605.30	64.102
605.64	63.998
605.98	64.207
606.32	64.413
606.66	64.376
606.99	64.368
607.33	64.366
607.67	64.455
608.01	64.510
608.34	64.512
608.68	64.447
609.02	64.539
609.36	64.765
609.69	64.767
610.03	64.601
610.37	64.721
610.71	64.797
611.04	64.945
611.38	65.130
611.72	65.126
612.06	65.286
612.39	65.318
612.73	65.207
613.07	65.111
613.40	64.944
613.74	65.049
614.08	64.918
614.41	64.730
614.75	64.619
615.09	64.414
615.42	64.435
615.76	64.331
616.10	64.365
616.43	64.539
616.77	64.551
617.11	64.651
617.44	64.582
617.78	64.667
618.12	64.780
618.45	64.593
618.79	64.542
619.13	64.619
619.46	64.754
619.80	64.880
620.13	64.853
620.47	65.058
620.81	65.157
621.14	65.211
621.48	65.051
621.81	65.070
622.15	65.090
622.48	65.124
622.82	65.074
623.16	64.785
623.49	64.784
623.83	64.840
624.16	64.725
624.50	64.601
624.83	64.619
625.17	64.876
625.50	65.095
625.84	65.264
626.18	65.299
626.51	65.297
626.85	65.451
627.18	65.328
627.52	65.172
627.85	65.238
628.19	65.406
628.52	65.489
628.86	65.385
629.19	65.180
629.53	65.158
629.86	65.287
630.19	65.415
630.53	65.406
630.86	65.529
631.20	65.624
631.53	65.558
631.87	65.432
632.20	65.504
632.54	65.638
632.87	65.710
633.20	65.637
633.54	65.480
633.87	65.485
634.21	65.576
634.54	65.472
634.88	65.521
635.21	65.691
635.54	65.784
635.88	65.432
636.21	65.246
636.55	65.230
636.88	65.208
637.21	65.123
637.55	65.036
637.88	65.033
638.21	65.099
638.55	64.996
638.88	64.824
639.21	64.856
639.55	65.230
639.88	65.499
640.21	65.463
640.55	65.469
640.88	65.466
641.21	65.639
641.55	65.667
641.88	65.644
642.21	65.674
642.55	65.544
642.88	65.607
643.21	65.390
643.55	65.387
643.88	65.495
644.21	65.838
644.54	66.140
644.88	65.908
645.21	66.015
645.54	65.912
645.87	65.730
646.21	65.946
646.54	65.624
646.87	65.811
647.20	65.622
647.54	65.536
647.87	65.145
648.20	64.788
648.53	64.753
648.87	64.398
649.20	64.412
649.53	64.621
649.86	64.548
650.19	64.830
650.53	64.694
650.86	64.733
651.19	64.569
651.52	64.879
651.85	65.002
652.18	64.947
652.52	65.135
652.85	65.022
653.18	65.056
653.51	64.772
653.84	64.683
654.17	64.692
654.51	64.574
654.84	64.826
655.17	64.635
655.50	64.785
655.83	64.999
656.16	64.930
656.49	65.016
656.82	64.779
657.15	64.948
657.49	64.922
657.82	64.831
658.15	64.609
658.48	64.341
658.81	64.166
659.14	63.724
659.47	63.423
659.80	63.317
660.13	63.167
660.46	63.039
660.79	62.973
661.12	62.721
661.45	62.474
661.78	62.776
662.11	62.809
662.44	62.919
662.77	63.102
663.10	63.147
663.43	63.090
663.76	63.263
664.09	63.365
664.42	63.186
664.75	63.165
665.08	63.361
665.41	63.073
665.74	63.069
666.07	62.746
666.40	62.665
666.73	62.665
667.06	62.631
667.39	62.534
667.72	62.540
668.05	62.591
668.38	62.520
668.71	62.551
669.04	62.541
669.37	62.241
669.70	62.637
670.03	62.513
670.36	62.258
670.69	62.094
671.01	62.031
671.34	61.953
671.67	61.896
672.00	61.977
672.33	61.471
672.66	61.358
672.99	61.422
673.32	61.040
673.64	60.995
673.97	61.175
674.30	60.872
674.63	60.525
674.96	60.403
675.29	59.989
675.62	60.146
675.94	60.244
676.27	60.071
676.60	60.177
676.93	60.288
677.26	60.320
677.58	60.070
677.91	60.174
678.24	60.198
678.57	59.867
678.90	59.976
679.22	59.420
679.55	59.278
679.88	59.380
680.21	59.230
680.54	58.821
680.86	58.521
681.19	58.728
681.52	58.964
681.85	58.760
682.17	58.841
682.50	58.335
682.83	58.195
683.16	58.174
683.48	57.930
683.81	57.489
684.14	57.363
684.46	57.707
684.79	57.230
685.12	56.444
685.45	56.578
685.77	56.195
686.10	56.578
686.43	56.775
686.75	56.839
687.08	56.628
687.41	56.659
687.73	56.841
688.06	56.246
688.39	56.087
688.71	56.411
689.04	56.035
689.36	55.950
689.69	55.883
690.02	55.585
690.34	55.306
690.67	55.262
691.00	55.552
691.32	55.526
691.65	55.827
691.97	55.795
692.30	55.927
692.63	55.589
692.95	55.992
693.28	55.532
693.60	55.000
693.93	54.694
694.26	54.327
694.58	54.034
694.91	53.931
695.23	53.460
695.56	53.131
695.88	52.585
696.21	52.838
696.53	52.561
696.86	52.747
697.18	53.073
697.51	52.666
697.83	52.597
698.16	52.154
698.48	51.757
698.81	51.916
699.13	51.958
699.46	51.733
699.78	51.475
700.11	51.136
700.43	50.955
700.76	50.622
701.08	50.950
701.41	50.901
701.73	50.729
702.06	50.304
702.38	49.748
702.71	49.454
703.03	49.725
703.35	49.855
703.68	50.056
704.00	49.839
704.33	49.429
704.65	48.975
704.98	48.159
705.30	48.397
705.62	48.053
705.95	48.057
706.27	47.603
706.60	47.084
706.92	46.353
707.24	45.378
707.57	45.008
707.89	45.395
708.21	45.018
708.54	45.228
708.86	44.839
709.18	45.096
709.51	44.844
709.83	45.436
710.15	45.360
710.48	44.759
710.80	44.682
711.12	45.108
711.45	45.102
711.77	45.401
712.09	45.259
712.42	44.971
712.74	44.765
713.06	44.414
713.38	43.688
713.71	43.229
714.03	44.092
714.35	44.953
714.68	44.678
715.00	44.139
715.32	44.052
715.64	44.018
715.97	44.257
716.29	44.389
716.61	44.372
716.93	44.298
717.25	44.265
717.58	43.514
717.90	42.720
718.22	42.309
718.54	42.536
718.87	42.597
719.19	42.822
719.51	42.497
719.83	42.526
720.15	42.202
720.47	42.007
720.80	41.782
721.12	41.710
721.44	41.535
721.76	41.416
722.08	40.786
722.40	40.104
722.73	39.159
723.05	38.881
723.37	38.510
723.69	39.070
724.01	38.905
724.33	39.255
724.65	39.187
724.97	39.458
725.30	39.120
725.62	39.433
725.94	39.382
726.26	39.768
726.58	39.734
726.90	39.962
727.22	40.068
727.54	39.904
727.86	40.092
728.18	40.197
728.50	39.900
728.82	40.360
729.14	40.379
729.46	40.810
729.78	40.652
730.10	41.078
730.42	40.171
730.74	40.091
731.07	40.402
731.39	39.673
731.71	40.654
732.03	40.345
732.35	39.562
732.66	38.761
732.98	38.579
733.30	38.587
733.62	38.897
733.94	39.346
734.26	38.737
734.58	38.818
734.90	39.238
735.22	38.066
735.54	38.733
735.86	39.156
736.18	40.065
736.50	39.745
736.82	39.548
737.14	38.913
737.46	38.809
737.78	38.422
738.10	37.279
738.41	36.678
738.73	36.555
739.05	35.528
739.37	35.432
739.69	34.376
740.01	34.413
740.33	34.723
740.65	34.433
740.96	34.112
741.28	34.209
741.60	35.415
741.92	34.619
742.24	34.126
742.56	34.183
742.88	32.864
743.19	32.652
743.51	31.880
743.83	30.749
744.15	31.119
744.47	31.687
744.78	31.265
745.10	31.113
745.42	32.245
745.74	33.249
746.06	34.075
746.37	34.088
746.69	34.214
747.01	34.604
747.33	35.802
747.64	34.938
747.96	34.675
748.28	34.574
748.60	34.626
748.91	35.376
749.23	35.934
749.55	35.008
749.87	35.902
750.18	35.632
750.50	34.540
750.82	34.494
751.13	35.536
751.45	34.929
751.77	35.211
752.08	33.676
752.40	33.095
752.72	32.745
753.03	33.247
753.35	32.795
753.67	34.515
753.98	35.033
754.30	34.517
754.62	33.831
754.93	34.377
755.25	34.616
755.57	36.411
755.88	36.324
756.20	35.545
756.51	35.305
756.83	36.005
757.15	34.288
757.46	34.984
757.78	34.951
758.09	33.874
758.41	33.040
758.73	32.017
759.04	30.614
759.36	30.218
759.67	30.968
759.99	30.759
760.30	29.988
760.62	29.886
760.94	29.440
761.25	29.938
761.57	30.231
761.88	31.719
762.20	32.171
762.51	33.255
762.83	32.653
763.14	32.182
763.46	31.797
763.77	31.462
764.09	31.979
764.40	31.402
764.72	31.361
765.03	32.032
765.35	31.567
765.66	31.753
765.98	30.523
766.29	31.229
766.61	30.541
766.92	31.340
767.23	31.373
767.55	31.945
767.86	32.298
768.18	31.998
768.49	30.638
768.81	29.444
769.12	28.018
769.43	29.178
769.75	28.061
770.06	27.192
770.38	26.015
770.69	27.689
771.00	27.112
771.32	27.595
771.63	27.930
771.94	29.423
772.26	29.780
772.57	31.670
772.89	30.720
773.20	30.886
773.51	31.913
773.83	33.333
774.14	33.736
774.45	32.102
774.77	31.919
775.08	31.766
775.39	30.179
775.70	29.649
776.02	29.183
776.33	28.896
776.64	30.299
776.96	31.080
777.27	30.414
777.58	28.920
777.89	30.325
778.21	30.537
778.52	28.946
778.83	29.739
779.14	30.694
779.46	30.822
779.77	29.655
780.08	29.983
780.39	29.335
780.71	28.170
781.02	27.921
781.33	27.930
781.64	26.380
781.95	27.281
782.27	26.940
782.58	26.150
782.89	26.587
783.20	27.518
783.51	26.295
783.83	26.278
784.14	25.462
784.45	25.149
784.76	23.213
785.07	23.768
785.38	22.053
785.70	20.775
786.01	21.693
786.32	22.154
786.63	24.081
786.94	23.723
787.25	23.231
787.56	25.087
787.87	25.546
788.18	26.814
788.50	27.407
788.81	28.351
789.12	29.280
789.43	29.651
789.74	28.802
790.05	26.800
790.36	27.056
790.67	27.754
790.98	28.201
791.29	29.479
791.60	28.091
791.91	29.042
792.22	29.898
792.53	30.653
792.84	30.652
793.15	31.575
793.46	31.879
793.77	31.735
794.08	31.508
794.39	30.309
794.70	28.457
795.01	30.022
795.32	29.866
795.63	29.038
795.94	27.480
796.25	26.936
796.56	24.402
796.87	25.298
797.18	25.593
797.49	26.477
797.80	27.299
798.11	27.554
798.42	27.361
798.73	25.697
799.04	26.270
799.35	26.474
799.65	27.203
799.96	29.199
800.27	30.357
800.58	31.135
800.89	30.680
801.20	26.913
801.51	28.598
801.82	28.850
802.13	30.803
802.43	32.454
802.74	33.780
803.05	31.059
803.36	29.972
803.67	29.021
803.98	25.453
804.28	25.216
804.59	29.059
804.90	26.228
805.21	23.822
805.52	23.167
805.83	20.464
806.13	20.424
806.44	22.208
806.75	21.939
807.06	21.618
807.36	22.853
807.67	21.076
807.98	20.634
808.29	22.801
808.60	23.059
808.90	21.164
809.21	20.166
809.52	20.907
809.83	17.718
810.13	18.262
810.44	18.161
810.75	16.427
811.05	18.686
811.36	17.807
811.67	14.771
811.98	18.650
812.28	20.605
812.59	22.314
812.90	20.965
813.20	25.278
813.51	22.372
813.82	18.450
814.12	19.798
814.43	17.437
814.74	16.923
815.04	18.862
815.35	19.541
815.65	20.532
815.96	21.153
816.27	19.685
816.57	14.746
816.88	20.180
817.19	23.155
817.49	24.452
817.80	24.683
818.10	24.051
818.41	23.559
818.72	21.578
819.02	18.327
819.33	18.650
819.63	20.756
819.94	23.309
820.24	19.431
820.55	20.145
820.85	19.901
821.16	21.278
821.47	21.811
821.77	20.619
822.08	21.559
822.38	22.603
822.69	21.981
822.99	22.043
823.30	22.287
823.60	22.274
823.91	21.819
824.21	21.933
824.52	21.490
824.82	21.504
825.13	22.292
825.43	21.694
825.73	21.727
826.04	21.446
826.34	19.651
826.65	18.559
826.95	19.805
827.26	20.497
827.56	20.252
827.87	19.689
828.17	18.452
828.47	18.524
828.78	18.327
829.08	18.053
829.39	19.344
829.69	19.120
829.99	19.709
830.30	17.857
830.60	16.767
830.90	14.702
831.21	15.249
831.51	16.276
831.82	18.610
832.12	18.861
832.42	18.665
832.73	16.583
833.03	18.291
833.33	17.455
833.64	19.417
833.94	19.345
834.24	21.473
834.54	23.247
834.85	23.484
835.15	21.917
835.45	20.417
835.76	18.596
836.06	18.922
836.36	20.556
836.66	21.625
836.97	20.415
837.27	18.913
837.57	18.966
837.87	17.120
838.18	17.892
838.48	22.500
838.78	21.809
839.08	25.780
839.39	22.575
839.69	22.127
839.99	21.262
840.29	20.260
840.59	16.798
840.90	15.747
841.20	19.503
841.50	15.232
841.80	7.664
842.10	11.430
842.41	6.788
842.71	12.763
843.01	14.730
843.31	12.621
843.61	12.150
843.91	22.954
844.21	20.837
844.52	13.191
844.82	11.788
845.12	14.527
845.42	15.433
845.72	14.794
846.02	14.185
846.32	10.599
846.62	16.876
846.92	15.646
847.22	16.084
847.52	9.930
847.83	8.108
848.13	16.711
848.43	11.721
848.73	6.263
849.03	-4.730
849.33	-7.561
849.63	-3.354
849.93	-12.240
850.23	-15.058
850.53	-17.513
850.83	-1.246
851.13	5.525
851.43	-1.254
851.73	6.478
852.03	8.447
852.33	21.029
852.63	20.542
852.93	8.591
853.23	12.966
853.53	11.896
853.83	12.035
854.13	2.910
854.43	-0.000
854.73	12.914
855.03	15.015
855.32	15.084
855.62	19.124
855.92	13.569
856.22	20.146
856.52	9.750
856.82	10.380
857.12	17.273
857.42	-1.361
857.72	-7.961
858.02	-22.244
858.31	-21.135
858.61	-32.519
858.91	-31.047
859.21	-28.893
859.51	-35.379
859.81	-37.117
860.11	-29.982
860.40	-36.396
860.70	-17.742
861.00	-31.781
861.30	-22.769
861.60	-53.507
861.90	-32.143
862.19	-28.415
862.49	-23.345
862.79	-13.014
863.09	-1.314
863.39	-0.799
863.68	3.392
863.98	-0.810
864.28	8.415
864.58	11.928
864.87	19.895
865.17	17.444
865.47	14.995
865.77	15.989
866.06	15.947
866.36	18.306
866.66	18.957
866.96	10.881
867.25	16.931
867.55	21.187
867.85	15.949
868.14	22.663
868.44	18.534
868.74	14.080
869.03	10.859
869.33	10.588
869.63	4.676
869.92	1.385
870.22	-2.560
870.52	-16.264
870.81	-21.043
871.11	-11.864
871.41	-15.260
871.70	-12.249
872.00	-11.284
872.30	-1.507
872.59	-6.334
872.89	-24.648
873.18	-12.181
873.48	2.500
873.78	13.409
874.07	-3.393
874.37	-2.941
874.66	-17.148
874.96	-21.800
875.25	-6.506
875.55	-1.471
875.85	1.543
876.14	13.459
876.44	12.006
876.73	14.530
877.03	6.795
877.32	7.895
877.62	12.314
877.91	15.000
878.21	15.385
878.50	9.375
878.80	0.000
879.09	8.632
879.39	8.894
879.68	-4.878
879.98	6.081
880.27	7.108
880.57	15.009
880.86	3.305
881.16	9.450
881.45	13.285
881.74	13.281
882.04	8.032
882.33	6.213
882.63	6.875
882.92	5.285
883.22	4.853
883.51	6.096
883.80	7.900
884.10	7.653
884.39	7.364
884.69	6.579
884.98	6.864
885.27	8.634
885.57	7.571
885.86	5.390
886.15	6.697
886.45	7.109
886.74	3.216
887.03	-3.789
887.33	-2.476
887.62	-4.589
887.91	51.316
888.21	-17.021
888.50	32.258
888.79	133.333
889.09	-11.111
