190.56	268.75
190.94	268.75
191.32	268.75
191.7	1088.889
192.08	92.857
192.46	539.796
192.84	1056.863
193.22	1442.5
193.6	4854.545
193.98	2168.182
194.36	-832.692
194.74	-207.843
195.13	-125.373
195.51	-118.868
195.89	-197.059
196.27	-223.49
196.65	-231.707
197.03	-305.607
197.4	-209.231
197.78	-257.547
198.16	-192.517
198.54	-406.329
198.92	1230.303
199.3	623.404
199.68	1034.043
200.06	1942.857
200.44	1889.286
200.82	-1871.429
201.2	-861.017
201.58	-780.952
201.96	-1815.625
202.34	-1413.158
202.72	-1304.167
203.1	-378.014
203.48	-240.556
203.86	-261.497
204.24	-231.455
204.62	-276.923
205	-466.129
205.38	-639.535
205.76	-695.238
206.13	-318.644
206.51	-787.912
206.89	-372.455
207.27	-275.676
207.65	-374.074
208.03	-573.874
208.41	-776.923
208.79	-394.366
209.17	-216.818
209.55	-186.818
209.93	-135.227
210.3	-176
210.68	-78.715
211.06	-61.029
211.44	-162.805
211.82	-191.195
212.2	-153.514
212.58	-91.011
212.96	-96.68
213.33	-97.619
213.71	-82.716
214.09	-118.315
214.47	-114.563
214.85	-101.102
215.23	-93.668
215.61	-79.196
215.98	-73.166
216.36	-71.976
216.74	-87.111
217.12	-90.72
217.5	-76.697
217.88	-80.104
218.25	-100.551
218.63	-72.623
219.01	-80.2
219.39	-111.753
219.77	-107.736
220.14	-126.939
220.52	-109.259
220.9	-90.881
221.28	-86.71
221.66	-102.389
222.03	-111.195
222.41	-70.335
222.79	-69.614
223.17	-63.357
223.55	-51.522
223.92	-50.647
224.3	-42.483
224.68	-47.328
225.06	-46.917
225.43	-41.757
225.81	-41.871
226.19	-38.644
226.57	-34.799
226.95	-32.519
227.32	-25.123
227.7	-21.949
228.08	-17.663
228.46	-15.631
228.83	-12.246
229.21	-9.117
229.59	-9.289
229.96	-7.965
230.34	-7.339
230.72	-8.261
231.1	-8.581
231.47	-10.233
231.85	-10.53
232.23	-11.292
232.6	-12.803
232.98	-16.844
233.36	-21.81
233.74	-23.104
234.11	-23.402
234.49	-22.174
234.87	-20.483
235.24	-20.05
235.62	-18.397
236	-17.019
236.37	-17.919
236.75	-15.638
237.13	-14.307
237.5	-14.942
237.88	-15.194
238.26	-16.016
238.63	-16.548
239.01	-15.159
239.39	-13.603
239.76	-11.569
240.14	-10.46
240.52	-8.514
240.89	-8.195
241.27	-7.247
241.65	-5.057
242.02	-3.612
242.4	-2.688
242.77	-2.338
243.15	-3.106
243.53	-3.036
243.9	-3.545
244.28	-3.535
244.66	-3.641
245.03	-3.495
245.41	-2.996
245.78	-3.449
246.16	-3.437
246.54	-3.218
246.91	-3.412
247.29	-3.161
247.66	-3.464
248.04	-3.966
248.41	-4.012
248.79	-3.774
249.17	-3.71
249.54	-4.154
249.92	-3.981
250.29	-4.216
250.67	-4.853
251.04	-4.931
251.42	-5.225
251.8	-5.086
252.17	-4.518
252.55	-4.366
252.92	-4.871
253.3	-4.716
253.67	-5.102
254.05	-5.479
254.42	-4.746
254.8	-5.61
255.17	-5.86
255.55	-5.442
255.92	-5.041
256.3	-4.808
256.67	-4.956
257.05	-4.678
257.42	-4.865
257.8	-4.472
258.17	-3.989
258.55	-4.049
258.92	-3.454
259.3	-3.605
259.67	-3.596
260.05	-3.905
260.42	-3.69
260.8	-3.799
261.17	-3.843
261.55	-3.589
261.92	-3.401
262.3	-3.962
262.67	-4.358
263.05	-4.485
263.42	-3.984
263.79	-3.974
264.17	-3.654
264.54	-3.732
264.92	-3.941
265.29	-3.715
265.67	-3.86
266.04	-4
266.42	-3.406
266.79	-3.47
267.16	-3.157
267.54	-3.045
267.91	-2.991
268.29	-2.919
268.66	-2.737
269.03	-2.458
269.41	-2.441
269.78	-2.41
270.16	-2.447
270.53	-2.414
270.9	-2.62
271.28	-2.722
271.65	-3.167
272.03	-3.237
272.4	-3.003
272.77	-3.166
273.15	-3.172
273.52	-3.255
273.89	-3.383
274.27	-3.592
274.64	-3.992
275.01	-3.961
275.39	-4.052
275.76	-3.813
276.14	-3.646
276.51	-3.684
276.88	-3.744
277.26	-3.792
277.63	-3.696
278	-3.564
278.38	-3.458
278.75	-2.959
279.12	-2.726
279.49	-2.994
279.87	-2.778
280.24	-2.724
280.61	-3.182
280.99	-3.261
281.36	-3.044
281.73	-3.044
282.11	-3.065
282.48	-2.915
282.85	-2.887
283.22	-2.7
283.6	-2.593
283.97	-2.491
284.34	-2.447
284.71	-2.263
285.09	-2.065
285.46	-1.949
285.83	-1.77
286.21	-1.599
286.58	-1.841
286.95	-1.901
287.32	-1.923
287.7	-1.572
288.07	-1.745
288.44	-1.899
288.81	-1.942
289.18	-1.991
289.56	-2.026
289.93	-2.204
290.3	-2.351
290.67	-2.058
291.05	-2.213
291.42	-2.162
291.79	-2.103
292.16	-1.811
292.53	-1.597
292.91	-1.24
293.28	-0.885
293.65	-0.809
294.02	-0.483
294.39	-0.157
294.76	0.055
295.14	0.601
295.51	0.737
295.88	1.069
296.25	1.275
296.62	1.547
297	1.855
297.37	2.025
297.74	2.434
298.11	2.774
298.48	2.981
298.85	3.32
299.22	3.669
299.6	4.22
299.97	4.456
300.34	4.881
300.71	5.429
301.08	5.761
301.45	6.212
301.82	6.602
302.19	6.955
302.56	7.5
302.94	8.115
303.31	8.323
303.68	8.858
304.05	9.249
304.42	9.731
304.79	10.052
305.16	10.821
305.53	11.369
305.9	12.035
306.27	12.652
306.64	13.14
307.02	13.525
307.39	14.254
307.76	14.783
308.13	15.276
308.5	15.747
308.87	16.616
309.24	16.871
309.61	17.243
309.98	17.365
310.35	17.616
310.72	17.956
311.09	18.232
311.46	18.757
311.83	18.908
312.2	19.077
312.57	19.361
312.94	19.159
313.31	19.471
313.68	19.562
314.05	19.574
314.42	19.774
314.79	20.029
315.16	19.935
315.53	19.694
315.9	19.769
316.27	19.708
316.64	19.91
317.01	20.078
317.38	20.037
317.75	20.183
318.12	20.388
318.49	20.243
318.86	20.134
319.23	20.508
319.6	20.381
319.97	20.283
320.34	20.62
320.71	20.527
321.08	20.387
321.45	20.44
321.82	20.211
322.19	20.491
322.55	20.589
322.92	20.541
323.29	20.364
323.66	20.44
324.03	20.579
324.4	20.173
324.77	20.028
325.14	20.135
325.51	20.03
325.88	20.166
326.25	19.985
326.61	19.76
326.98	19.835
327.35	20.035
327.72	20.15
328.09	20.094
328.46	20.528
328.83	20.64
329.2	20.554
329.56	20.235
329.93	20.157
330.3	19.875
330.67	20.144
331.04	20.081
331.41	19.667
331.78	19.688
332.14	19.505
332.51	19.207
332.88	18.929
333.25	18.914
333.62	19.149
333.99	19.317
334.35	19.379
334.72	19.182
335.09	19.143
335.46	19.2
335.83	18.867
336.19	18.614
336.56	18.485
336.93	18.326
337.3	18.175
337.67	18.23
338.03	17.825
338.4	17.691
338.77	17.454
339.14	17.304
339.5	17.207
339.87	17.303
340.24	17.635
340.61	17.646
340.97	17.789
341.34	17.56
341.71	17.227
342.08	17.211
342.44	17.145
342.81	17.358
343.18	17.205
343.55	16.973
343.91	16.764
344.28	16.685
344.65	16.703
345.02	16.571
345.38	16.608
345.75	16.626
346.12	16.673
346.48	16.759
346.85	16.526
347.22	16.495
347.59	16.769
347.95	16.82
348.32	16.614
348.69	16.683
349.05	16.743
349.42	16.745
349.79	16.775
350.15	16.676
350.52	16.622
350.89	16.837
351.25	16.886
351.62	16.834
351.99	16.726
352.35	16.739
352.72	16.547
353.09	16.314
353.45	16.165
353.82	16.084
354.18	16.012
354.55	15.79
354.92	15.506
355.28	15.293
355.65	15.112
356.02	15.089
356.38	15.081
356.75	14.871
357.11	14.869
357.48	14.834
357.85	14.667
358.21	14.574
358.58	14.507
358.94	14.449
359.31	14.354
359.67	14.399
360.04	14.279
360.41	14.224
360.77	14.339
361.14	14.305
361.5	14.291
361.87	14.343
362.23	14.305
362.6	14.367
362.97	14.519
363.33	14.593
363.7	14.463
364.06	14.518
364.43	14.453
364.79	14.248
365.16	14.158
365.52	14.13
365.89	14.202
366.25	14.352
366.62	14.229
366.98	13.959
367.35	13.844
367.71	13.843
368.08	13.781
368.44	13.746
368.81	13.728
369.17	13.882
369.54	13.863
369.9	13.501
370.27	13.319
370.63	13.269
371	13.222
371.36	13.132
371.73	13.036
372.09	12.89
372.45	12.869
372.82	13.018
373.18	12.687
373.55	12.43
373.91	12.459
374.28	12.341
374.64	12.163
375.01	12.217
375.37	12.165
375.73	12.214
376.1	12.155
376.46	12.148
376.83	12.119
377.19	12.328
377.55	12.402
377.92	12.45
378.28	12.316
378.65	12.445
379.01	12.358
379.37	12.451
379.74	12.36
380.1	12.309
380.47	12.044
380.83	11.889
381.19	11.621
381.56	11.643
381.92	11.48
382.28	11.503
382.65	11.534
383.01	11.537
383.37	11.394
383.74	11.27
384.1	11.279
384.46	11.361
384.83	11.354
385.19	11.277
385.55	11.273
385.92	11.233
386.28	11.212
386.64	11.021
387.01	10.991
387.37	10.931
387.73	10.859
388.1	10.81
388.46	10.706
388.82	10.576
389.18	10.613
389.55	10.473
389.91	10.454
390.27	10.307
390.64	10.308
391	10.092
391.36	10.076
391.72	10.127
392.09	10.132
392.45	10.049
392.81	9.916
393.17	9.784
393.54	9.692
393.9	9.623
394.26	9.661
394.62	9.508
394.99	9.501
395.35	9.376
395.71	9.215
396.07	9.1
396.43	9.031
396.8	9.099
397.16	9.108
397.52	9.083
397.88	9.007
398.24	8.904
398.61	8.829
398.97	8.785
399.33	8.821
399.69	8.803
400.05	8.714
400.42	8.617
400.78	8.433
401.14	8.476
401.5	8.311
401.86	8.309
402.22	8.273
402.59	8.3
402.95	8.196
403.31	8.076
403.67	7.967
404.03	8.003
404.39	7.982
404.75	8.069
405.12	7.81
405.48	7.846
405.84	7.706
406.2	7.636
406.56	7.585
406.92	7.644
407.28	7.647
407.64	7.706
408	7.525
408.36	7.628
408.73	7.62
409.09	7.615
409.45	7.501
409.81	7.597
410.17	7.56
410.53	7.515
410.89	7.563
411.25	7.576
411.61	7.568
411.97	7.566
412.33	7.357
412.69	7.254
413.05	7.251
413.41	7.366
413.77	7.302
414.13	7.224
414.5	7.198
414.86	7.09
415.22	6.971
415.58	6.877
415.94	6.807
416.3	6.762
416.66	6.796
417.02	6.715
417.38	6.628
417.74	6.532
418.1	6.616
418.46	6.585
418.82	6.521
419.18	6.557
419.54	6.585
419.9	6.711
420.26	6.831
420.61	6.723
420.97	6.782
421.33	6.855
421.69	6.829
422.05	6.804
422.41	6.889
422.77	6.954
423.13	6.919
423.49	6.925
423.85	6.912
424.21	6.826
424.57	6.987
424.93	7.021
425.29	6.949
425.65	7.008
426.01	7.034
426.36	7.043
426.72	7.013
427.08	7.118
427.44	7.169
427.8	7.164
428.16	7.163
428.52	7.043
428.88	7.039
429.24	7.067
429.59	7.074
429.95	7.124
430.31	7.164
430.67	7.205
431.03	7.163
431.39	7.148
431.75	7.165
432.1	7.296
432.46	7.449
432.82	7.493
433.18	7.593
433.54	7.678
433.9	7.715
434.25	7.621
434.61	7.543
434.97	7.576
435.33	7.617
435.69	7.63
436.04	7.655
436.4	7.604
436.76	7.637
437.12	7.645
437.48	7.565
437.83	7.541
438.19	7.659
438.55	7.796
438.91	7.804
439.27	7.866
439.62	7.937
439.98	7.943
440.34	8.002
440.7	8.098
441.05	8.113
441.41	8.223
441.77	8.303
442.13	8.255
442.48	8.367
442.84	8.434
443.2	8.502
443.56	8.552
443.91	8.584
444.27	8.547
444.63	8.531
444.98	8.556
445.34	8.625
445.7	8.651
446.05	8.73
446.41	8.686
446.77	8.623
447.13	8.614
447.48	8.625
447.84	8.665
448.2	8.738
448.55	8.743
448.91	8.754
449.27	8.704
449.62	8.638
449.98	8.62
450.34	8.664
450.69	8.728
451.05	8.743
451.4	8.785
451.76	8.753
452.12	8.77
452.47	8.801
452.83	8.814
453.19	8.979
453.54	9.014
453.9	9.061
454.25	8.982
454.61	9.16
454.97	9.205
455.32	9.135
455.68	9.227
456.03	9.279
456.39	9.367
456.75	9.377
457.1	9.281
457.46	9.349
457.81	9.345
458.17	9.318
458.52	9.289
458.88	9.244
459.24	9.255
459.59	9.234
459.95	9.136
460.3	9.059
460.66	9.07
461.01	9.018
461.37	8.961
461.72	8.915
462.08	8.927
462.43	8.87
462.79	8.815
463.14	8.894
463.5	8.889
463.85	8.973
464.21	8.929
464.56	8.893
464.92	8.992
465.27	9.094
465.63	9.241
465.98	9.345
466.34	9.33
466.69	9.404
467.05	9.357
467.4	9.315
467.76	9.312
468.11	9.364
468.47	9.439
468.82	9.371
469.18	9.323
469.53	9.208
469.88	9.132
470.24	9.075
470.59	9.076
470.95	9.103
471.3	9.092
471.66	9.066
472.01	9.138
472.36	9.038
472.72	9.114
473.07	9.114
473.43	9.109
473.78	9.107
474.13	9.213
474.49	9.193
474.84	9.203
475.19	9.308
475.55	9.313
475.9	9.194
476.26	9.238
476.61	9.16
476.96	9.162
477.32	9.168
477.67	9.12
478.02	9.092
478.38	9.049
478.73	8.983
479.08	8.913
479.44	8.918
479.79	8.945
480.14	8.918
480.5	8.893
480.85	8.872
481.2	8.878
481.56	8.899
481.91	8.835
482.26	8.802
482.62	8.778
482.97	8.781
483.32	8.801
483.67	8.807
484.03	8.83
484.38	8.844
484.73	8.827
485.08	8.792
485.44	8.797
485.79	8.82
486.14	8.858
486.49	8.875
486.85	8.909
487.2	8.902
487.55	8.897
487.9	8.861
488.26	8.877
488.61	8.873
488.96	8.893
489.31	8.9
489.67	8.872
490.02	8.869
490.37	8.837
490.72	8.788
491.07	8.751
491.43	8.769
491.78	8.787
492.13	8.774
492.48	8.817
492.83	8.774
493.19	8.721
493.54	8.752
493.89	8.75
494.24	8.791
494.59	8.758
494.94	8.722
495.29	8.661
495.65	8.667
496	8.67
496.35	8.645
496.7	8.744
497.05	8.789
497.4	8.767
497.75	8.754
498.11	8.731
498.46	8.83
498.81	8.855
499.16	8.888
499.51	8.903
499.86	8.882
500.21	8.873
500.56	8.85
500.91	8.852
501.26	8.848
501.62	8.876
501.97	8.892
502.32	8.916
502.67	8.983
503.02	8.976
503.37	8.965
503.72	8.971
504.07	9.02
504.42	8.997
504.77	9.002
505.12	9.065
505.47	9.055
505.82	9.125
506.17	9.045
506.52	9.012
506.87	8.998
507.22	8.949
507.57	8.901
507.92	8.925
508.27	8.972
508.62	9.004
508.97	8.954
509.32	8.965
509.67	8.915
510.02	8.94
510.37	8.987
510.72	8.997
511.07	9.025
511.42	9.073
511.77	9.088
512.12	9.099
512.47	9.097
512.82	9.075
513.17	9.048
513.52	9.028
513.87	8.995
514.22	8.918
514.57	8.94
514.91	8.937
515.26	8.913
515.61	8.826
515.96	8.826
516.31	8.852
516.66	8.836
517.01	8.814
517.36	8.795
517.71	8.826
518.06	8.852
518.41	8.79
518.75	8.736
519.1	8.734
519.45	8.723
519.8	8.68
520.15	8.673
520.5	8.728
520.85	8.742
521.19	8.734
521.54	8.641
521.89	8.597
522.24	8.606
522.59	8.631
522.94	8.613
523.28	8.536
523.63	8.513
523.98	8.465
524.33	8.376
524.68	8.345
525.03	8.329
525.37	8.319
525.72	8.268
526.07	8.235
526.42	8.166
526.76	8.064
527.11	8.099
527.46	8.043
527.81	8.042
528.16	8.029
528.5	8.022
528.85	8.033
529.2	8.029
529.55	8.024
529.89	8.028
530.24	8.031
530.59	8.045
530.94	7.984
531.28	7.979
531.63	7.854
531.98	7.824
532.32	7.744
532.67	7.672
533.02	7.623
533.37	7.585
533.71	7.527
534.06	7.488
534.41	7.481
534.75	7.442
535.1	7.45
535.45	7.452
535.79	7.384
536.14	7.373
536.49	7.365
536.83	7.373
537.18	7.362
537.53	7.374
537.87	7.416
538.22	7.4
538.57	7.377
538.91	7.296
539.26	7.283
539.61	7.22
539.95	7.188
540.3	7.103
540.64	7.073
540.99	7.056
541.34	7.007
541.68	6.978
542.03	7.017
542.37	7.049
542.72	7.039
543.07	7.036
543.41	7.125
543.76	7.129
544.1	7.199
544.45	7.165
544.8	7.151
545.14	7.157
545.49	7.144
545.83	7.034
546.18	6.933
546.52	6.9
546.87	6.824
547.21	6.789
547.56	6.792
547.9	6.751
548.25	6.791
548.59	6.786
548.94	6.802
549.29	6.754
549.63	6.761
549.98	6.857
550.32	6.903
550.67	6.956
551.01	6.953
551.35	6.876
551.7	6.81
552.04	6.796
552.39	6.872
552.73	6.819
553.08	6.865
553.42	6.946
553.77	6.928
554.11	6.929
554.46	6.929
554.8	6.866
555.15	6.879
555.49	6.946
555.83	6.926
556.18	6.896
556.52	6.941
556.87	6.884
557.21	6.887
557.56	6.871
557.9	6.882
558.24	6.884
558.59	6.947
558.93	6.931
559.28	6.976
559.62	7.064
559.96	7.046
560.31	7.001
560.65	6.936
560.99	6.876
561.34	6.897
561.68	6.848
562.02	6.747
562.37	6.632
562.71	6.659
563.06	6.7
563.4	6.579
563.74	6.603
564.09	6.613
564.43	6.724
564.77	6.685
565.11	6.658
565.46	6.706
565.8	6.739
566.14	6.776
566.49	6.721
566.83	6.59
567.17	6.637
567.52	6.568
567.86	6.553
568.2	6.489
568.54	6.467
568.89	6.448
569.23	6.441
569.57	6.489
569.91	6.535
570.26	6.614
570.6	6.649
570.94	6.603
571.28	6.662
571.63	6.678
571.97	6.731
572.31	6.781
572.65	6.766
573	6.678
573.34	6.651
573.68	6.611
574.02	6.553
574.36	6.485
574.71	6.431
575.05	6.381
575.39	6.344
575.73	6.226
576.07	6.217
576.42	6.224
576.76	6.245
577.1	6.233
577.44	6.183
577.78	6.153
578.12	6.205
578.46	6.29
578.81	6.26
579.15	6.325
579.49	6.417
579.83	6.451
580.17	6.437
580.51	6.524
580.85	6.573
581.2	6.659
581.54	6.769
581.88	6.789
582.22	6.719
582.56	6.767
582.9	6.786
583.24	6.84
583.58	6.855
583.92	6.914
584.26	6.913
584.6	6.901
584.95	6.88
585.29	6.796
585.63	6.893
585.97	6.922
586.31	7.029
586.65	7.019
586.99	7.016
587.33	6.988
587.67	6.963
588.01	6.922
588.35	6.995
588.69	7.113
589.03	7.23
589.37	7.257
589.71	7.36
590.05	7.425
590.39	7.425
590.73	7.529
591.07	7.592
591.41	7.673
591.75	7.81
592.09	7.801
592.43	7.773
592.77	7.849
593.11	7.882
593.45	7.824
593.79	7.746
594.13	7.85
594.47	7.806
594.81	7.775
595.14	7.817
595.48	7.759
595.82	7.826
596.16	7.91
596.5	7.892
596.84	7.846
597.18	7.968
597.52	7.984
597.86	7.91
598.2	7.942
598.54	7.944
598.87	7.907
599.21	7.959
599.55	7.812
599.89	7.78
600.23	7.759
600.57	7.754
600.91	7.674
601.25	7.73
601.58	7.739
601.92	7.832
602.26	7.949
602.6	7.971
602.94	7.997
603.28	8.089
603.61	8.132
603.95	8.196
604.29	8.248
604.63	8.26
604.97	8.266
605.3	8.371
605.64	8.286
605.98	8.266
606.32	8.378
606.66	8.368
606.99	8.387
607.33	8.43
607.67	8.325
608.01	8.307
608.34	8.334
608.68	8.289
609.02	8.26
609.36	8.296
609.69	8.242
610.03	8.148
610.37	8.243
610.71	8.285
611.04	8.217
611.38	8.228
611.72	8.257
612.06	8.228
612.39	8.275
612.73	8.321
613.07	8.233
613.4	8.246
613.74	8.173
614.08	8.104
614.41	8.084
614.75	8.158
615.09	8.285
615.42	8.256
615.76	8.293
616.1	8.088
616.43	8.062
616.77	8.033
617.11	8.041
617.44	8.054
617.78	8.126
618.12	8.112
618.45	8.038
618.79	7.936
619.13	7.904
619.46	7.969
619.8	8.091
620.13	8.067
620.47	8.173
620.81	8.093
621.14	8.15
621.48	7.981
621.81	8.068
622.15	7.983
622.48	8.046
622.82	8.165
623.16	8.124
623.49	8.208
623.83	8.133
624.16	8.14
624.5	8.124
624.83	8.099
625.17	8.1
625.5	8.032
625.84	8.098
626.18	8.072
626.51	7.952
626.85	7.92
627.18	7.832
627.52	7.83
627.85	7.76
628.19	7.943
628.52	7.946
628.86	7.995
629.19	7.875
629.53	7.761
629.86	7.605
630.19	7.622
630.53	7.585
630.86	7.525
631.2	7.408
631.53	7.395
631.87	7.232
632.2	7.223
632.54	7.088
632.87	7.262
633.2	7.349
633.54	7.524
633.87	7.605
634.21	7.662
634.54	7.727
634.88	7.821
635.21	7.874
635.54	7.876
635.88	7.846
636.21	7.876
636.55	7.817
636.88	7.814
637.21	7.783
637.55	7.452
637.88	7.409
638.21	7.422
638.55	7.438
638.88	7.389
639.21	7.222
639.55	7.136
639.88	7.054
640.21	7.023
640.55	6.878
640.88	6.668
641.21	6.933
641.55	6.842
641.88	6.668
642.21	6.573
642.55	6.322
642.88	6.489
643.21	6.532
643.55	6.714
643.88	6.711
644.21	6.954
644.54	7.046
644.88	6.907
645.21	6.959
645.54	7.047
645.87	7.043
646.21	7.149
646.54	7.162
646.87	7.328
647.2	7.26
647.54	7.07
647.87	6.978
648.2	6.94
648.53	6.891
648.87	6.872
649.2	6.62
649.53	6.671
649.86	6.671
650.19	6.681
650.53	6.571
650.86	6.622
651.19	6.668
651.52	6.643
651.85	6.695
652.18	6.831
652.52	6.687
652.85	6.932
653.18	6.785
653.51	6.692
653.84	6.395
654.17	6.137
654.51	5.856
654.84	5.858
655.17	5.843
655.5	5.897
655.83	5.608
656.16	5.728
656.49	5.649
656.82	5.582
657.15	5.805
657.49	6.07
657.82	6.072
658.15	6.176
658.48	6.354
658.81	6.2
659.14	6.079
659.47	6.239
659.8	6.178
660.13	6.143
660.46	6.218
660.79	6.14
661.12	6.004
661.45	5.919
661.78	5.755
662.11	5.471
662.44	5.351
662.77	5.235
663.1	5.103
663.43	5.094
663.76	5.064
664.09	4.833
664.42	4.624
664.75	4.475
665.08	4.65
665.41	4.709
665.74	4.784
666.07	4.914
666.4	4.994
666.73	5.068
667.06	5.027
667.39	5.211
667.72	5.494
668.05	5.658
668.38	5.601
668.71	5.651
669.04	5.647
669.37	5.644
669.7	5.317
670.03	5.267
670.36	4.924
670.69	4.841
671.01	4.555
671.34	4.099
671.67	3.983
672	3.946
672.33	3.625
672.66	3.405
672.99	3.297
673.32	3.188
673.64	2.968
673.97	3.179
674.3	2.88
674.63	2.784
674.96	2.706
675.29	2.445
675.62	2.463
675.94	2.465
676.27	2.321
676.6	2.173
676.93	2.164
677.26	2.313
677.58	1.856
677.91	1.8
678.24	1.633
678.57	1.776
678.9	1.807
679.22	1.702
679.55	1.456
679.88	1.405
680.21	1.088
680.54	1.136
680.86	0.831
681.19	1.019
681.52	0.99
681.85	0.938
682.17	0.769
682.5	0.505
682.83	-0.085
683.16	-0.193
683.48	-0.075
683.81	0.268
684.14	-0.016
684.46	-0.268
684.79	-0.54
685.12	-0.82
685.45	-0.888
685.77	-1.057
686.1	-0.953
686.43	-0.652
686.75	-0.649
687.08	-1.216
687.41	-1.986
687.73	-1.927
688.06	-2.09
688.39	-2.582
688.71	-3.014
689.04	-3.134
689.36	-3.407
689.69	-3.928
690.02	-4.165
690.34	-4.31
690.67	-4.366
691	-4.278
691.32	-4.726
691.65	-4.92
691.97	-4.791
692.3	-4.56
692.63	-5.326
692.95	-5.24
693.28	-5.353
693.6	-5.393
693.93	-5.844
694.26	-6.208
694.58	-6.508
694.91	-6.818
695.23	-7.091
695.56	-7.094
695.88	-7.099
696.21	-7.357
696.53	-7.912
696.86	-8.311
697.18	-8.592
697.51	-8.708
697.83	-8.549
698.16	-8.887
698.48	-8.667
698.81	-8.649
699.13	-9.169
699.46	-9.61
699.78	-9.682
700.11	-9.645
700.43	-9.462
700.76	-9.434
701.08	-9.717
701.41	-10.229
701.73	-10.339
702.06	-10.709
702.38	-11.305
702.71	-11.827
703.03	-12.143
703.35	-12.222
703.68	-13.12
704	-13.826
704.33	-14.411
704.65	-14.707
704.98	-14.886
705.3	-14.772
705.62	-15.179
705.95	-15.694
706.27	-15.233
706.6	-15.181
706.92	-15.074
707.24	-15.029
707.57	-14.709
707.89	-14.597
708.21	-14.548
708.54	-14.989
708.86	-15.906
709.18	-15.899
709.51	-16.266
709.83	-16.684
710.15	-17.324
710.48	-17.491
710.8	-17.657
711.12	-18.273
711.45	-19.211
711.77	-19.371
712.09	-19.812
712.42	-20.132
712.74	-20.678
713.06	-20.379
713.38	-20.553
713.71	-20.795
714.03	-21.382
714.35	-21.386
714.68	-22.215
715	-23.07
715.32	-23.638
715.64	-23.612
715.97	-23.425
716.29	-23.985
716.61	-24.335
716.93	-24.721
717.25	-24.928
717.58	-25.439
717.9	-25.419
718.22	-25.067
718.54	-24.385
718.87	-24.934
719.19	-25.107
719.51	-25.799
719.83	-25.865
720.15	-25.574
720.47	-27.426
720.8	-27.918
721.12	-28.864
721.44	-29.991
721.76	-30.271
722.08	-30.813
722.4	-31.658
722.73	-31.828
723.05	-32.266
723.37	-32.448
723.69	-34.05
724.01	-32.283
724.33	-32.672
724.65	-32.185
724.97	-32.039
725.3	-32.153
725.62	-32.461
725.94	-31.544
726.26	-31.699
726.58	-31.46
726.9	-32.142
727.22	-32.195
727.54	-32.304
727.86	-32.921
728.18	-34.197
728.5	-34.238
728.82	-34.758
729.14	-35.135
729.46	-36.348
729.78	-35.911
730.1	-35.912
730.42	-35.648
730.74	-35.739
731.07	-36.755
731.39	-36.318
731.71	-35.729
732.03	-36.484
732.35	-36.845
732.66	-37.297
732.98	-37.183
733.3	-39.236
733.62	-40.553
733.94	-41.414
734.26	-41.029
734.58	-41.794
734.9	-42.504
735.22	-43.476
735.54	-43.94
735.86	-44.94
736.18	-44.531
736.5	-44.909
736.82	-44.333
737.14	-43.531
737.46	-43.825
737.78	-44.19
738.1	-44.415
738.41	-43.347
738.73	-43.562
739.05	-43.604
739.37	-42.937
739.69	-44.374
740.01	-45.48
740.33	-45.094
740.65	-45.152
740.96	-45.13
741.28	-45.487
741.6	-45.966
741.92	-47.656
742.24	-47.288
742.56	-49.338
742.88	-49.539
743.19	-48.238
743.51	-46.258
743.83	-46.977
744.15	-48.264
744.47	-49.788
744.78	-49.626
745.1	-49.219
745.42	-49.269
745.74	-48.733
746.06	-48.215
746.37	-48.963
746.69	-49.541
747.01	-50.825
747.33	-50.68
747.64	-49.877
747.96	-48.207
748.28	-49.125
748.6	-47.971
748.91	-47.209
749.23	-48.452
749.55	-46.527
749.87	-47.418
750.18	-46.512
750.5	-46.631
750.82	-46.906
751.13	-47.776
751.45	-48.467
751.77	-47.566
752.08	-47.666
752.4	-49.37
752.72	-48.483
753.03	-50.015
753.35	-49.135
753.67	-50
753.98	-49.823
754.3	-47.589
754.62	-47.672
754.93	-47.61
755.25	-49.775
755.57	-51.567
755.88	-50.287
756.2	-50.201
756.51	-49.954
756.83	-50.176
757.15	-52.238
757.46	-52.535
757.78	-55.18
758.09	-55.188
758.41	-55.792
758.73	-53.458
759.04	-53.993
759.36	-53.104
759.67	-52.589
759.99	-53.668
760.3	-53.852
760.62	-53.501
760.94	-54.541
761.25	-53.687
761.57	-54.454
761.88	-54.229
762.2	-55.255
762.51	-54.208
762.83	-55.417
763.14	-56.376
763.46	-55.494
763.77	-56.115
764.09	-56.49
764.4	-56.197
764.72	-56.719
765.03	-57.849
765.35	-58.337
765.66	-60.258
765.98	-61.4
766.29	-62.139
766.61	-62.576
766.92	-62.88
767.23	-61.223
767.55	-60.146
767.86	-60.707
768.18	-61.329
768.49	-58.872
768.81	-60.37
769.12	-58.522
769.43	-58.043
769.75	-56.92
770.06	-57.159
770.38	-56.471
770.69	-59.445
771	-60.071
771.32	-56.751
771.63	-55.307
771.94	-56.417
772.26	-54.671
772.57	-54.48
772.89	-52.297
773.2	-55.023
773.51	-55.052
773.83	-56.41
774.14	-54.253
774.45	-51.628
774.77	-53.396
775.08	-54.054
775.39	-54.339
775.7	-52.892
776.02	-53.893
776.33	-55.795
776.64	-55.065
776.96	-57.531
777.27	-58.495
777.58	-59.827
777.89	-61.525
778.21	-64.766
778.52	-65.241
778.83	-65.913
779.14	-68.461
779.46	-67.857
779.77	-68.113
780.08	-67.866
780.39	-64.023
780.71	-64.107
781.02	-62.806
781.33	-66.49
781.64	-63.895
781.95	-67.834
782.27	-67.041
782.58	-67.221
782.89	-67.293
783.2	-67.017
783.51	-66.741
783.83	-70.408
784.14	-69.403
784.45	-72.45
784.76	-67.866
785.07	-67.361
785.38	-63.852
785.7	-60.87
786.01	-62.087
786.32	-61.372
786.63	-61.006
786.94	-60.839
787.25	-58.175
787.56	-59.109
787.87	-56.677
788.18	-56.306
788.5	-53.45
788.81	-51.702
789.12	-53.498
789.43	-49.646
789.74	-48.974
790.05	-47.972
790.36	-45.49
790.67	-46.244
790.98	-43.687
791.29	-44.439
791.6	-43.424
791.91	-49.214
792.22	-52.018
792.53	-50.537
792.84	-54.034
793.15	-55.528
793.46	-55.511
793.77	-56.412
794.08	-55.851
794.39	-56.372
794.7	-60.224
795.01	-65.93
795.32	-62.692
795.63	-60.244
795.94	-62.578
796.25	-61.881
796.56	-61.927
796.87	-59.712
797.18	-59.079
797.49	-57.324
797.8	-60.093
798.11	-59.201
798.42	-57.358
798.73	-59.773
799.04	-62.11
799.35	-65.538
799.65	-65.932
799.96	-68.301
800.27	-80.943
800.58	-81.042
800.89	-80.651
801.2	-81.584
801.51	-74.457
801.82	-72.072
802.13	-73.308
802.43	-73.303
802.74	-66.129
803.05	-67.838
803.36	-65.04
803.67	-59.956
803.98	-64.744
804.28	-70.384
804.59	-67.07
804.9	-72.771
805.21	-77.638
805.52	-74.343
805.83	-74.632
806.13	-76.367
806.44	-71.74
806.75	-67.681
807.06	-70.575
807.36	-65.214
807.67	-60.372
807.98	-66.692
808.29	-66.563
808.6	-61.641
808.9	-63.172
809.21	-65.478
809.52	-62.723
809.83	-64.825
810.13	-71.385
810.44	-67.349
810.75	-75
811.05	-80.155
811.36	-73.321
811.67	-72.89
811.98	-81.416
812.28	-76.197
812.59	-71.894
812.9	-78.75
813.2	-78.182
813.51	-71.481
813.82	-72.769
814.12	-69.627
814.43	-65.157
814.74	-64.643
815.04	-61.286
815.35	-59.588
815.65	-61.176
815.96	-66.278
816.27	-67.175
816.57	-68.243
816.88	-74.181
817.19	-73.606
817.49	-77.119
817.8	-82.403
818.1	-83.547
818.41	-85.101
818.72	-84.093
819.02	-83.649
819.33	-78.519
819.63	-72.614
819.94	-70.486
820.24	-69.962
820.55	-66.577
820.85	-61.261
821.16	-59.008
821.47	-57.64
821.77	-57.488
822.08	-55.705
822.38	-55.683
822.69	-55.99
822.99	-55.885
823.3	-55.107
823.6	-54.158
823.91	-54.737
824.21	-55.574
824.52	-55.789
824.82	-56.124
825.13	-57.231
825.43	-57.949
825.73	-58.67
826.04	-57.476
826.34	-57.232
826.65	-59.519
826.95	-62.366
827.26	-60.251
827.56	-61.996
827.87	-62.845
828.17	-65.076
828.47	-64.327
828.78	-64.758
829.08	-66.54
829.39	-68.329
829.69	-72.042
829.99	-76.765
830.3	-76.732
830.6	-85.52
830.9	-83.985
831.21	-83.529
831.51	-81.314
831.82	-77.749
832.12	-84.437
832.42	-76.601
832.73	-80.201
833.03	-76.935
833.33	-77.087
833.64	-75.81
833.94	-70.099
834.24	-71.267
834.54	-69.737
834.85	-67.139
835.15	-65.293
835.45	-64.885
835.76	-68.328
836.06	-67.111
836.36	-66.946
836.66	-55.48
836.97	-55.347
837.27	-60.064
837.57	-57.897
837.87	-64.728
838.18	-73.632
838.48	-85.134
838.78	-85.377
839.08	-80.657
839.39	-82.838
839.69	-87.722
839.99	-107.535
840.29	-109.316
840.59	-110.442
840.9	-99.055
841.2	-86.072
841.5	-83.439
841.8	-74.885
842.1	-75.131
842.41	-73.904
842.71	-72.414
843.01	-73.615
843.31	-72.963
843.61	-63.288
843.91	-58.666
844.21	-67.046
844.52	-70.577
844.82	-73.703
845.12	-84.892
845.42	-83.65
845.72	-91.779
846.02	-95.879
846.32	-79.934
846.62	-80.828
846.92	-88.103
847.22	-85.792
847.52	-87.283
847.83	-94.798
848.13	-85.124
848.43	-78.065
848.73	-79.627
849.03	-86.83
849.33	-80.549
849.63	-101.535
849.93	-92.776
850.23	-105.44
850.53	-98.923
850.83	-110.292
851.13	-92.727
851.43	-89.708
851.73	-82.188
852.03	-80.119
852.33	-70.406
852.63	-78.267
852.93	-65.793
853.23	-75.432
853.53	-65.676
853.83	-71.045
854.13	-64.359
854.43	-81.818
854.73	-122.736
855.03	-192.526
855.32	-217.429
855.62	-267.677
855.92	-247.134
856.22	-338.956
856.52	-281.034
856.82	-294.834
857.12	-423.333
857.42	-430.144
857.72	-226.944
858.02	-164.033
858.31	-127.094
858.61	-99.088
858.91	-83.333
859.21	-89.509
859.51	-86.093
859.81	-101.627
860.11	-92.196
860.4	-84.739
860.7	-89.05
861	-110.575
861.3	-102.041
861.6	-120.285
861.9	-139.382
862.19	-178.775
862.49	-189.623
862.79	-225.745
863.09	-190.439
863.39	-206.094
863.68	-231.231
863.98	-205.469
864.28	-196.35
864.58	-202.882
864.87	-156.042
865.17	-154.992
865.47	-133.282
865.77	-126.524
866.06	-95.414
866.36	-89.503
866.66	-94.432
866.96	-93.295
867.25	-95.521
867.55	-102.281
867.85	-109.787
868.14	-134.068
868.44	-120.401
868.74	-146.004
869.03	-153.537
869.33	-194.505
869.63	-287.419
869.92	-311.888
870.22	-291.753
870.52	-255.821
870.81	-216.712
871.11	-190.187
871.41	-216.285
871.7	-271.875
872	-218.622
872.3	-163.839
872.59	-144.231
872.89	-114.61
873.18	-101.077
873.48	-102.849
873.78	-99.846
874.07	-113.388
874.37	-143.238
874.66	-126.541
874.96	-120.455
875.25	-131.638
875.55	-137.311
875.85	-177.295
876.14	-228.205
876.44	-212.672
876.73	-210.714
877.03	-233.134
877.32	-246.273
877.62	-166.265
877.91	-146.729
878.21	-132.353
878.5	-117.962
878.8	-123.142
879.09	-123.224
879.39	-135.564
879.68	-149.29
879.98	-154.268
880.27	-125.325
880.57	-124.646
880.86	-114.01
881.16	-99.182
881.45	-95.74
881.74	-89.072
882.04	-92.226
882.33	-82.911
882.63	-74.215
882.92	-75.975
883.22	-72.951
883.51	-75.086
883.8	-76.113
884.1	-77.348
884.39	-80.796
884.69	-79.957
884.98	-82.231
885.27	-82.822
885.57	-84.467
885.86	-101.484
886.15	-97.704
886.45	-106.83
886.74	-103.36
887.03	-87.919
887.33	-99.74
887.62	-98.336
887.91	-162.745
888.21	-29.348
888.5	-40
888.79	-279.07
889.09	-77.215
