190.56	-66.667
190.94	-66.667
191.32	-66.667
191.7	4.545
192.08	-155.556
192.46	21.053
192.84	26.498
193.22	27.529
193.6	20.821
193.98	-9.677
194.36	-3.053
194.74	3.261
195.13	-7.692
195.51	-208.511
195.89	-296.774
196.27	-2287.5
196.65	742.857
197.03	2075
197.4	317.568
197.78	0
198.16	-284
198.54	-62.963
198.92	-53.061
199.3	-26.738
199.68	2.165
200.06	-31.937
200.44	1.408
200.82	45
201.2	98.621
201.58	42.259
201.96	34.715
202.34	7.018
202.72	-5.128
203.1	58.447
203.48	50.694
203.86	10.345
204.24	38.06
204.62	-12.077
205	-32.489
205.38	-62.441
205.76	-71.585
206.13	-59.649
206.51	-121.26
206.89	-259.42
207.27	-773.81
207.65	-1766.667
208.03	-911.111
208.41	1554.545
208.79	-892.593
209.17	-346.753
209.55	-452.174
209.93	-183.007
210.3	-126.562
210.68	-47.475
211.06	-28.533
211.44	0
211.82	13.043
212.2	14.571
212.58	24.653
212.96	16.974
213.33	22.767
213.71	29.483
214.09	38.932
214.47	35.39
214.85	33.333
215.23	34.992
215.61	23.203
215.98	15.611
216.36	12.139
216.74	-7.994
217.12	-3.043
217.5	12.129
217.88	7.183
218.25	1.397
218.63	-2.213
219.01	-0.117
219.39	-2.011
219.77	-2.599
220.14	-3.755
220.52	2.279
220.9	8.036
221.28	9.373
221.66	-1.538
222.03	-8.713
222.41	-6.145
222.79	-2.401
223.17	-7.733
223.55	-8.177
223.92	-11.776
224.3	-11.039
224.68	-9.894
225.06	-8.874
225.43	-7.047
225.81	-7.864
226.19	-0.904
226.57	-1.877
226.95	-1.421
227.32	0.727
227.7	0.529
228.08	1.582
228.46	0.556
228.83	0.563
229.21	1.085
229.59	0.023
229.96	0.871
230.34	-0.247
230.72	-0.674
231.1	-0.578
231.47	-0.05
231.85	-0.45
232.23	0
232.6	1.697
232.98	1.489
233.36	0.643
233.74	1.705
234.11	2.175
234.49	2.249
234.87	3.493
235.24	3.305
235.62	2.692
236	2.77
236.37	2.51
236.75	2.031
237.13	2.374
237.5	2.73
237.88	2.349
238.26	2.029
238.63	1.83
239.01	1.487
239.39	1.684
239.76	1.25
240.14	1.153
240.52	1.154
240.89	1.742
241.27	1.252
241.65	0.87
242.02	0.514
242.4	0.527
242.77	0.587
243.15	0.655
243.53	0.449
243.9	0.414
244.28	0.652
244.66	0.798
245.03	0.106
245.41	0.232
245.78	0.28
246.16	0.809
246.54	0.594
246.91	0.538
247.29	0.63
247.66	0.637
248.04	0.799
248.41	0.864
248.79	0.828
249.17	0.818
249.54	0.947
249.92	1.16
250.29	1.146
250.67	1.08
251.04	1.503
251.42	1.419
251.8	1.32
252.17	0.818
252.55	0.828
252.92	0.517
253.3	0.989
253.67	0.403
254.05	0.367
254.42	0.038
254.8	0.602
255.17	0.446
255.55	0.368
255.92	1.132
256.3	1.252
256.67	0.595
257.05	0.812
257.42	0.768
257.8	0.996
258.17	0.889
258.55	0.738
258.92	0.766
259.3	0.714
259.67	0.718
260.05	0.664
260.42	0.905
260.8	1.065
261.17	0.979
261.55	1.097
261.92	1.333
262.3	1.431
262.67	1.545
263.05	1.864
263.42	2.007
263.79	1.923
264.17	1.359
264.54	0.931
264.92	0.986
265.29	0.952
265.67	1.027
266.04	0.585
266.42	0.796
266.79	0.767
267.16	0.476
267.54	0.125
267.91	0.205
268.29	0.546
268.66	1.107
269.03	1.323
269.41	1.31
269.78	1.01
270.16	1.261
270.53	0.98
270.9	1.135
271.28	1
271.65	1.273
272.03	1.082
272.4	1.076
272.77	0.96
273.15	0.955
273.52	1.216
273.89	1.417
274.27	1.34
274.64	1.455
275.01	1.334
275.39	1.596
275.76	1.448
276.14	1.681
276.51	1.249
276.88	1.156
277.26	0.848
277.63	0.785
278	0.658
278.38	0.605
278.75	0.599
279.12	0.777
279.49	0.753
279.87	0.88
280.24	0.899
280.61	1.278
280.99	1.393
281.36	1.231
281.73	1.052
282.11	1.003
282.48	0.947
282.85	0.926
283.22	0.69
283.6	0.692
283.97	0.632
284.34	0.529
284.71	0.525
285.09	0.36
285.46	0.661
285.83	0.831
286.21	1.074
286.58	1.264
286.95	1.332
287.32	1.373
287.7	1.429
288.07	1.549
288.44	1.675
288.81	1.619
289.18	1.7
289.56	1.697
289.93	1.582
290.3	1.437
290.67	1.47
291.05	1.578
291.42	1.702
291.79	1.683
292.16	1.606
292.53	1.582
292.91	1.61
293.28	1.605
293.65	1.533
294.02	1.542
294.39	1.453
294.76	1.394
295.14	1.338
295.51	1.316
295.88	1.222
296.25	1.13
296.62	0.932
297	0.903
297.37	0.913
297.74	0.883
298.11	0.827
298.48	0.87
298.85	0.859
299.22	0.781
299.6	0.771
299.97	0.751
300.34	0.985
300.71	1.344
301.08	1.327
301.45	1.267
301.82	1.576
302.19	1.739
302.56	1.581
302.94	1.699
303.31	1.731
303.68	1.795
304.05	1.993
304.42	2.002
304.79	1.926
305.16	1.934
305.53	2.011
305.9	1.813
306.27	1.785
306.64	2.112
307.02	1.935
307.39	1.646
307.76	1.668
308.13	1.696
308.5	1.491
308.87	1.561
309.24	1.622
309.61	1.515
309.98	1.464
310.35	1.254
310.72	1.304
311.09	1.323
311.46	1.705
311.83	1.558
312.2	1.419
312.57	1.46
312.94	1.317
313.31	1.545
313.68	1.468
314.05	1.326
314.42	1.445
314.79	1.24
315.16	1.15
315.53	1
315.9	1.037
316.27	0.986
316.64	0.884
317.01	0.885
317.38	0.561
317.75	0.769
318.12	0.916
318.49	0.873
318.86	0.854
319.23	0.858
319.6	0.937
319.97	0.923
320.34	0.96
320.71	0.794
321.08	0.674
321.45	0.775
321.82	0.769
322.19	0.52
322.55	0.84
322.92	0.931
323.29	0.974
323.66	0.965
324.03	1.062
324.4	0.933
324.77	1.082
325.14	1.234
325.51	1.224
325.88	1.235
326.25	1.485
326.61	1.22
326.98	1.203
327.35	1.253
327.72	1.159
328.09	0.995
328.46	1.141
328.83	1.202
329.2	1.206
329.56	1.099
329.93	0.959
330.3	0.959
330.67	1.077
331.04	1.146
331.41	1.199
331.78	1.311
332.14	1.439
332.51	1.482
332.88	1.42
333.25	1.347
333.62	1.513
333.99	1.495
334.35	1.459
334.72	1.348
335.09	1.239
335.46	0.982
335.83	1.061
336.19	1.218
336.56	1.125
336.93	1.19
337.3	1.249
337.67	1.128
338.03	1.224
338.4	1.183
338.77	1.224
339.14	1.286
339.5	1.541
339.87	1.307
340.24	1.07
340.61	1.214
340.97	1.136
341.34	1.12
341.71	1.222
342.08	1.254
342.44	1.355
342.81	1.288
343.18	1.204
343.55	0.91
343.91	1.117
344.28	1.414
344.65	1.303
345.02	1.291
345.38	1.146
345.75	1.151
346.12	1.052
346.48	1.096
346.85	1.21
347.22	1.255
347.59	1.397
347.95	1.382
348.32	1.313
348.69	1.392
349.05	1.615
349.42	1.708
349.79	1.695
350.15	1.673
350.52	1.458
350.89	1.435
351.25	1.429
351.62	1.613
351.99	1.494
352.35	1.25
352.72	1.207
353.09	1.071
353.45	1.089
353.82	0.949
354.18	1.063
354.55	1.208
354.92	1.118
355.28	1.082
355.65	0.815
356.02	0.838
356.38	0.956
356.75	0.892
357.11	0.891
357.48	0.858
357.85	0.962
358.21	0.815
358.58	0.619
358.94	0.663
359.31	0.705
359.67	0.79
360.04	0.786
360.41	0.771
360.77	0.853
361.14	0.861
361.5	0.866
361.87	0.764
362.23	0.805
362.6	0.964
362.97	0.975
363.33	0.975
363.7	1.016
364.06	0.91
364.43	0.818
364.79	0.907
365.16	0.978
365.52	0.974
365.89	1.077
366.25	1.205
366.62	1.133
366.98	1.159
367.35	1.013
367.71	1.104
368.08	1.206
368.44	1.273
368.81	1.063
369.17	1.036
369.54	1.171
369.9	1.213
370.27	1.066
370.63	1.205
371	1.115
371.36	1.24
371.73	1.146
372.09	1.177
372.45	1.188
372.82	1.342
373.18	1.328
373.55	1.272
373.91	1.282
374.28	1.383
374.64	1.311
375.01	1.553
375.37	1.548
375.73	1.569
376.1	1.631
376.46	1.636
376.83	1.595
377.19	1.675
377.55	1.785
377.92	1.897
378.28	1.947
378.65	2.005
379.01	2.087
379.37	2.381
379.74	2.543
380.1	2.614
380.47	2.701
380.83	2.72
381.19	2.848
381.56	2.983
381.92	3.053
382.28	3.117
382.65	3.262
383.01	3.158
383.37	3.012
383.74	3.141
384.1	3.17
384.46	3.32
384.83	3.447
385.19	3.494
385.55	3.483
385.92	3.377
386.28	3.496
386.64	3.531
387.01	3.648
387.37	3.788
387.73	3.733
388.1	3.901
388.46	3.965
388.82	4.038
389.18	4.107
389.55	4.224
389.91	4.421
390.27	4.382
390.64	4.348
391	4.445
391.36	4.471
391.72	4.641
392.09	4.661
392.45	4.708
392.81	4.72
393.17	4.667
393.54	4.665
393.9	4.823
394.26	5.027
394.62	5.138
394.99	5.174
395.35	5.271
395.71	5.296
396.07	5.346
396.43	5.333
396.8	5.42
397.16	5.545
397.52	5.617
397.88	5.449
398.24	5.259
398.61	5.294
398.97	5.331
399.33	5.423
399.69	5.436
400.05	5.444
400.42	5.573
400.78	5.656
401.14	5.731
401.5	5.764
401.86	5.881
402.22	6.222
402.59	6.429
402.95	6.573
403.31	6.584
403.67	6.651
404.03	6.786
404.39	6.72
404.75	6.79
405.12	6.946
405.48	7.029
405.84	7.065
406.2	6.96
406.56	6.906
406.92	6.927
407.28	6.901
407.64	6.965
408	7.04
408.36	7.254
408.73	7.341
409.09	7.326
409.45	7.353
409.81	7.435
410.17	7.507
410.53	7.461
410.89	7.45
411.25	7.584
411.61	7.623
411.97	7.679
412.33	7.676
412.69	7.786
413.05	7.842
413.41	7.849
413.77	7.873
414.13	7.975
414.5	8.067
414.86	8.109
415.22	8.218
415.58	8.247
415.94	8.137
416.3	8.237
416.66	8.15
417.02	8.116
417.38	8.131
417.74	8.155
418.1	8.23
418.46	8.252
418.82	8.321
419.18	8.296
419.54	8.28
419.9	8.394
420.26	8.355
420.61	8.429
420.97	8.516
421.33	8.601
421.69	8.655
422.05	8.661
422.41	8.748
422.77	8.713
423.13	8.654
423.49	8.701
423.85	8.625
424.21	8.718
424.57	8.742
424.93	8.755
425.29	8.725
425.65	8.77
426.01	8.768
426.36	8.764
426.72	8.835
427.08	8.949
427.44	9.042
427.8	9.243
428.16	9.318
428.52	9.311
428.88	9.366
429.24	9.475
429.59	9.573
429.95	9.576
430.31	9.652
430.67	9.674
431.03	9.656
431.39	9.635
431.75	9.558
432.1	9.49
432.46	9.532
432.82	9.541
433.18	9.499
433.54	9.439
433.9	9.537
434.25	9.648
434.61	9.683
434.97	9.772
435.33	9.772
435.69	9.847
436.04	9.959
436.4	10.02
436.76	10.055
437.12	10.082
437.48	10.107
437.83	10.054
438.19	9.953
438.55	9.954
438.91	9.995
439.27	10.058
439.62	10.09
439.98	10.085
440.34	10.089
440.7	10.165
441.05	10.249
441.41	10.264
441.77	10.328
442.13	10.375
442.48	10.439
442.84	10.477
443.2	10.505
443.56	10.491
443.91	10.51
444.27	10.558
444.63	10.526
444.98	10.555
445.34	10.661
445.7	10.752
446.05	10.791
446.41	10.784
446.77	10.815
447.13	10.863
447.48	10.916
447.84	10.933
448.2	10.933
448.55	10.933
448.91	10.937
449.27	10.924
449.62	10.851
449.98	10.851
450.34	10.941
450.69	10.95
451.05	11.005
451.4	10.972
451.76	11.004
452.12	11.104
452.47	11.173
452.83	11.232
453.19	11.305
453.54	11.378
453.9	11.446
454.25	11.46
454.61	11.513
454.97	11.492
455.32	11.635
455.68	11.598
456.03	11.552
456.39	11.522
456.75	11.442
457.1	11.397
457.46	11.311
457.81	11.258
458.17	11.238
458.52	11.239
458.88	11.242
459.24	11.244
459.59	11.293
459.95	11.337
460.3	11.427
460.66	11.475
461.01	11.467
461.37	11.65
461.72	11.715
462.08	11.718
462.43	11.712
462.79	11.751
463.14	11.725
463.5	11.813
463.85	11.787
464.21	11.757
464.56	11.792
464.92	11.798
465.27	11.695
465.63	11.718
465.98	11.732
466.34	11.737
466.69	11.745
467.05	11.764
467.4	11.727
467.76	11.722
468.11	11.706
468.47	11.783
468.82	11.742
469.18	11.731
469.53	11.712
469.88	11.808
470.24	11.817
470.59	11.839
470.95	11.856
471.3	11.732
471.66	11.681
472.01	11.731
472.36	11.683
472.72	11.829
473.07	11.907
473.43	11.977
473.78	11.92
474.13	12.006
474.49	12.058
474.84	12.081
475.19	12.168
475.55	12.306
475.9	12.33
476.26	12.409
476.61	12.45
476.96	12.406
477.32	12.365
477.67	12.425
478.02	12.463
478.38	12.412
478.73	12.37
479.08	12.403
479.44	12.39
479.79	12.404
480.14	12.381
480.5	12.326
480.85	12.305
481.2	12.268
481.56	12.248
481.91	12.17
482.26	12.206
482.62	12.213
482.97	12.247
483.32	12.248
483.67	12.229
484.03	12.233
484.38	12.221
484.73	12.246
485.08	12.294
485.44	12.299
485.79	12.379
486.14	12.425
486.49	12.508
486.85	12.541
487.2	12.593
487.55	12.641
487.9	12.674
488.26	12.737
488.61	12.776
488.96	12.779
489.31	12.773
489.67	12.741
490.02	12.709
490.37	12.721
490.72	12.688
491.07	12.68
491.43	12.654
491.78	12.626
492.13	12.629
492.48	12.631
492.83	12.624
493.19	12.703
493.54	12.751
493.89	12.85
494.24	12.872
494.59	12.928
494.94	12.934
495.29	12.996
495.65	13.091
496	13.132
496.35	13.189
496.7	13.273
497.05	13.291
497.4	13.298
497.75	13.225
498.11	13.188
498.46	13.188
498.81	13.266
499.16	13.26
499.51	13.254
499.86	13.219
500.21	13.22
500.56	13.271
500.91	13.317
501.26	13.363
501.62	13.375
501.97	13.424
502.32	13.493
502.67	13.473
503.02	13.539
503.37	13.574
503.72	13.69
504.07	13.704
504.42	13.679
504.77	13.685
505.12	13.659
505.47	13.706
505.82	13.657
506.17	13.621
506.52	13.659
506.87	13.676
507.22	13.564
507.57	13.55
507.92	13.595
508.27	13.573
508.62	13.573
508.97	13.632
509.32	13.645
509.67	13.648
510.02	13.653
510.37	13.67
510.72	13.737
511.07	13.859
511.42	13.821
511.77	13.834
512.12	13.883
512.47	13.897
512.82	13.864
513.17	13.876
513.52	13.967
513.87	14.006
514.22	14.014
514.57	13.959
514.91	13.935
515.26	13.945
515.61	13.96
515.96	13.95
516.31	13.999
516.66	14.038
517.01	14.067
517.36	14.05
517.71	14.052
518.06	14.046
518.41	14.08
518.75	14.152
519.1	14.242
519.45	14.229
519.8	14.285
520.15	14.316
520.5	14.36
520.85	14.383
521.19	14.465
521.54	14.531
521.89	14.575
522.24	14.561
522.59	14.56
522.94	14.532
523.28	14.578
523.63	14.543
523.98	14.482
524.33	14.493
524.68	14.537
525.03	14.472
525.37	14.493
525.72	14.509
526.07	14.523
526.42	14.483
526.76	14.497
527.11	14.571
527.46	14.648
527.81	14.685
528.16	14.723
528.5	14.74
528.85	14.796
529.2	14.817
529.55	14.86
529.89	14.896
530.24	14.969
530.59	15.031
530.94	14.998
531.28	15.005
531.63	15.076
531.98	15.083
532.32	15.135
532.67	15.149
533.02	15.138
533.37	15.147
533.71	15.227
534.06	15.291
534.41	15.328
534.75	15.372
535.1	15.413
535.45	15.431
535.79	15.446
536.14	15.443
536.49	15.485
536.83	15.562
537.18	15.62
537.53	15.618
537.87	15.644
538.22	15.687
538.57	15.747
538.91	15.715
539.26	15.727
539.61	15.786
539.95	15.84
540.3	15.921
540.64	15.976
540.99	16.02
541.34	16.042
541.68	16.042
542.03	16.042
542.37	16.068
542.72	16.136
543.07	16.214
543.41	16.285
543.76	16.307
544.1	16.262
544.45	16.284
544.8	16.28
545.14	16.326
545.49	16.39
545.83	16.407
546.18	16.432
546.52	16.5
546.87	16.563
547.21	16.586
547.56	16.64
547.9	16.726
548.25	16.697
548.59	16.691
548.94	16.739
549.29	16.764
549.63	16.925
549.98	16.938
550.32	16.982
550.67	16.959
551.01	16.98
551.35	16.975
551.7	17.104
552.04	17.201
552.39	17.316
552.73	17.369
553.08	17.423
553.42	17.355
553.77	17.452
554.11	17.425
554.46	17.492
554.8	17.548
555.15	17.628
555.49	17.652
555.83	17.725
556.18	17.727
556.52	17.739
556.87	17.777
557.21	17.814
557.56	17.821
557.9	17.867
558.24	17.923
558.59	17.955
558.93	17.924
559.28	17.87
559.62	17.809
559.96	17.84
560.31	17.827
560.65	17.869
560.99	17.925
561.34	17.937
561.68	17.997
562.02	17.969
562.37	18.005
562.71	18.101
563.06	18.163
563.4	18.283
563.74	18.303
564.09	18.354
564.43	18.312
564.77	18.346
565.11	18.385
565.46	18.417
565.8	18.417
566.14	18.416
566.49	18.469
566.83	18.448
567.17	18.45
567.52	18.504
567.86	18.497
568.2	18.557
568.54	18.548
568.89	18.58
569.23	18.584
569.57	18.619
569.91	18.584
570.26	18.609
570.6	18.717
570.94	18.748
571.28	18.774
571.63	18.828
571.97	18.886
572.31	18.916
572.65	18.991
573	19.076
573.34	19.146
573.68	19.232
574.02	19.195
574.36	19.193
574.71	19.226
575.05	19.261
575.39	19.243
575.73	19.249
576.07	19.303
576.42	19.213
576.76	19.227
577.1	19.296
577.44	19.205
577.78	19.31
578.12	19.277
578.46	19.327
578.81	19.429
579.15	19.555
579.49	19.606
579.83	19.579
580.17	19.731
580.51	19.612
580.85	19.626
581.2	19.735
581.54	19.717
581.88	19.784
582.22	19.781
582.56	19.715
582.9	19.713
583.24	19.766
583.58	19.838
583.92	19.9
584.26	20.074
584.6	20.119
584.95	20.17
585.29	20.227
585.63	20.294
585.97	20.33
586.31	20.352
586.65	20.306
586.99	20.217
587.33	20.183
587.67	20.113
588.01	20.167
588.35	20.038
588.69	20.156
589.03	20.201
589.37	20.193
589.71	20.196
590.05	20.068
590.39	20.261
590.73	20.351
591.07	20.42
591.41	20.532
591.75	20.489
592.09	20.565
592.43	20.454
592.77	20.439
593.11	20.448
593.45	20.364
593.79	20.509
594.13	20.397
594.47	20.395
594.81	20.383
595.14	20.341
595.48	20.41
595.82	20.4
596.16	20.464
596.5	20.434
596.84	20.469
597.18	20.576
597.52	20.67
597.86	20.63
598.2	20.777
598.54	20.768
598.87	20.78
599.21	20.754
599.55	20.841
599.89	20.828
600.23	20.816
600.57	20.771
600.91	20.854
601.25	20.913
601.58	21.021
601.92	20.82
602.26	20.902
602.6	20.919
602.94	20.879
603.28	20.824
603.61	20.831
603.95	20.924
604.29	21.059
604.63	21.088
604.97	20.93
605.3	20.945
605.64	21.038
605.98	21.017
606.32	21.031
606.66	21.059
606.99	21.067
607.33	21.131
607.67	21.131
608.01	21.002
608.34	20.896
608.68	21.048
609.02	21.001
609.36	20.998
609.69	21.186
610.03	21.264
610.37	21.264
610.71	21.337
611.04	21.482
611.38	21.461
611.72	21.623
612.06	21.755
612.39	21.73
612.73	21.878
613.07	21.803
613.4	21.694
613.74	21.714
614.08	21.834
614.41	21.805
614.75	21.694
615.09	21.818
615.42	21.703
615.76	21.617
616.1	21.699
616.43	21.71
616.77	21.771
617.11	21.805
617.44	21.747
617.78	21.764
618.12	21.845
618.45	21.607
618.79	21.61
619.13	21.696
619.46	21.696
619.8	21.643
620.13	21.487
620.47	21.579
620.81	21.609
621.14	21.508
621.48	21.458
621.81	21.44
622.15	21.788
622.48	21.828
622.82	21.82
623.16	21.893
623.49	21.896
623.83	22.021
624.16	22.025
624.5	22.014
624.83	22.177
625.17	22.178
625.5	22.255
625.84	22.252
626.18	22.174
626.51	22.264
626.85	22.308
627.18	22.204
627.52	22.344
627.85	22.307
628.19	22.229
628.52	22.103
628.86	22.237
629.19	22.318
629.53	22.297
629.86	22.388
630.19	22.394
630.53	22.338
630.86	22.567
631.2	22.437
631.53	22.416
631.87	22.559
632.2	22.552
632.54	22.416
632.87	22.32
633.2	22.275
633.54	22.231
633.87	22.126
634.21	22.023
634.54	21.969
634.88	21.958
635.21	22.001
635.54	21.952
635.88	22.084
636.21	22.082
636.55	21.863
636.88	21.805
637.21	21.692
637.55	21.763
637.88	21.778
638.21	21.741
638.55	21.731
638.88	21.79
639.21	21.706
639.55	21.567
639.88	21.591
640.21	21.715
640.55	21.712
640.88	21.738
641.21	21.751
641.55	21.803
641.88	21.624
642.21	21.569
642.55	21.474
642.88	21.39
643.21	21.531
643.55	21.528
643.88	21.593
644.21	21.869
644.54	21.815
644.88	21.877
645.21	21.893
645.54	22.01
645.87	21.95
646.21	21.962
646.54	22.058
646.87	22.14
647.2	22.127
647.54	22.193
647.87	22.214
648.2	22.508
648.53	22.499
648.87	22.726
649.2	22.841
649.53	22.764
649.86	22.912
650.19	22.824
650.53	22.757
650.86	22.87
651.19	22.867
651.52	22.83
651.85	22.944
652.18	22.826
652.52	22.769
652.85	22.812
653.18	23.111
653.51	23.13
653.84	23.234
654.17	23.167
654.51	23.068
654.84	22.996
655.17	22.789
655.5	22.55
655.83	22.601
656.16	22.418
656.49	22.296
656.82	22.193
657.15	22.183
657.49	22.18
657.82	22.308
658.15	22.445
658.48	22.568
658.81	22.556
659.14	22.392
659.47	22.288
659.8	22.38
660.13	22.457
660.46	22.428
660.79	22.267
661.12	22.329
661.45	22.13
661.78	21.917
662.11	21.72
662.44	21.646
662.77	21.633
663.1	21.882
663.43	21.739
663.76	21.669
664.09	21.519
664.42	21.543
664.75	21.529
665.08	21.48
665.41	21.857
665.74	21.701
666.07	21.739
666.4	21.759
666.73	21.606
667.06	21.637
667.39	21.507
667.72	21.642
668.05	21.561
668.38	21.333
668.71	21.436
669.04	21.144
669.37	21.287
669.7	21.299
670.03	21.385
670.36	21.183
670.69	21.222
671.01	21.312
671.34	21.302
671.67	21.211
672	21.471
672.33	21.475
672.66	21.407
672.99	21.196
673.32	21.06
673.64	20.99
673.97	20.885
674.3	20.741
674.63	20.619
674.96	20.695
675.29	20.538
675.62	20.168
675.94	19.932
676.27	19.685
676.6	19.843
676.93	19.958
677.26	19.857
677.58	20.074
677.91	19.858
678.24	19.924
678.57	19.784
678.9	19.86
679.22	19.724
679.55	19.893
679.88	20.073
680.21	20.101
680.54	20.087
680.86	20.049
681.19	19.976
681.52	20.256
681.85	20.198
682.17	19.843
682.5	19.812
682.83	20.059
683.16	19.989
683.48	19.757
683.81	19.629
684.14	19.439
684.46	19.444
684.79	19.203
685.12	18.844
685.45	18.591
685.77	18.78
686.1	18.78
686.43	18.568
686.75	18.387
687.08	18.482
687.41	18.354
687.73	18.137
688.06	17.849
688.39	17.832
688.71	17.645
689.04	17.451
689.36	17.198
689.69	16.968
690.02	16.651
690.34	16.462
690.67	16.229
691	15.86
691.32	15.723
691.65	15.628
691.97	15.412
692.3	15.271
692.63	15.033
692.95	14.633
693.28	14.495
693.6	14.746
693.93	14.967
694.26	14.731
694.58	14.416
694.91	14.392
695.23	14
695.56	13.943
695.88	13.881
696.21	13.832
696.53	13.666
696.86	13.419
697.18	13.093
697.51	12.687
697.83	12.526
698.16	12.752
698.48	12.456
698.81	12.415
699.13	11.95
699.46	11.702
699.78	11.381
700.11	11.49
700.43	11.272
700.76	11.194
701.08	11.061
701.41	10.813
701.73	10.5
702.06	10.122
702.38	9.887
702.71	9.8
703.03	9.519
703.35	9.591
703.68	9.081
704	8.826
704.33	8.531
704.65	8.212
704.98	7.746
705.3	7.534
705.62	7.134
705.95	6.637
706.27	6.358
706.6	5.892
706.92	5.728
707.24	5.662
707.57	5.806
707.89	5.182
708.21	4.566
708.54	4.067
708.86	3.748
709.18	4.174
709.51	4.254
709.83	4.03
710.15	4.213
710.48	3.451
710.8	3.259
711.12	2.315
711.45	2.003
711.77	1.461
712.09	1.323
712.42	0.582
712.74	-0.268
713.06	-0.006
713.38	-0.745
713.71	-0.909
714.03	-0.62
714.35	-0.526
714.68	-0.413
715	-0.348
715.32	-0.494
715.64	-0.53
715.97	0
716.29	0.186
716.61	-0.246
716.93	-0.189
717.25	-0.623
717.58	-1.507
717.9	-2.342
718.22	-2.334
718.54	-3.541
718.87	-3.634
719.19	-3.799
719.51	-4.94
719.83	-5.688
720.15	-6.643
720.47	-7.102
720.8	-7.852
721.12	-7.367
721.44	-7.657
721.76	-8.093
722.08	-7.69
722.4	-8.155
722.73	-8.677
723.05	-8.703
723.37	-8.924
723.69	-8.781
724.01	-9.467
724.33	-9.486
724.65	-10.9
724.97	-11.415
725.3	-11.835
725.62	-12.494
725.94	-12.829
726.26	-12.696
726.58	-12.728
726.9	-12.258
727.22	-13.177
727.54	-12.344
727.86	-12.444
728.18	-12.726
728.5	-11.81
728.82	-12.809
729.14	-12.848
729.46	-12.515
729.78	-13.277
730.1	-13.077
730.42	-14.503
730.74	-15.152
731.07	-16.034
731.39	-16.297
731.71	-15.907
732.03	-16.664
732.35	-16.397
732.66	-16.418
732.98	-16.81
733.3	-15.803
733.62	-15.604
733.94	-15.37
734.26	-14.676
734.58	-14.02
734.9	-14.91
735.22	-14.828
735.54	-14.704
735.86	-14.139
736.18	-13.887
736.5	-14.4
736.82	-13.984
737.14	-14.993
737.46	-15.022
737.78	-15.015
738.1	-15.402
738.41	-15.412
738.73	-17.542
739.05	-18.983
739.37	-19.911
739.69	-20.71
740.01	-20.827
740.33	-23.25
740.65	-23.485
740.96	-23.858
741.28	-23.756
741.6	-24.096
741.92	-24.492
742.24	-22.841
742.56	-23.215
742.88	-24.093
743.19	-24.441
743.51	-24.741
743.83	-25.722
744.15	-26.682
744.47	-26.327
744.78	-27.122
745.1	-25.985
745.42	-24.741
745.74	-25.229
746.06	-24.793
746.37	-25.081
746.69	-24.16
747.01	-23.998
747.33	-22.464
747.64	-22.542
747.96	-22.681
748.28	-22.78
748.6	-25.257
748.91	-26.096
749.23	-26.911
749.55	-26.352
749.87	-25.291
750.18	-25.715
750.5	-26.164
750.82	-28.007
751.13	-28.259
751.45	-29.365
751.77	-29.019
752.08	-28.758
752.4	-30.162
752.72	-28.583
753.03	-27.735
753.35	-28.455
753.67	-31.047
753.98	-29.874
754.3	-30.131
754.62	-29.966
754.93	-30.37
755.25	-32.632
755.57	-30.992
755.88	-30.218
756.2	-32.159
756.51	-33.768
756.83	-34.251
757.15	-31.952
757.46	-33.429
757.78	-31.914
758.09	-32.661
758.41	-34.009
758.73	-32.396
759.04	-35.394
759.36	-35.361
759.67	-35.386
759.99	-36.919
760.3	-35.441
760.62	-36.755
760.94	-36.925
761.25	-38.491
761.57	-38.737
761.88	-36.881
762.2	-37.301
762.51	-37.335
762.83	-35.996
763.14	-33.498
763.46	-30.457
763.77	-30.85
764.09	-30.091
764.4	-29.955
764.72	-29.43
765.03	-29.476
765.35	-29.726
765.66	-30.075
765.98	-28.775
766.29	-31.455
766.61	-34.739
766.92	-38.97
767.23	-38.928
767.55	-40.027
767.86	-42.389
768.18	-40.505
768.49	-39.447
768.81	-39.514
769.12	-39.375
769.43	-38.872
769.75	-36.468
770.06	-33.758
770.38	-32.382
770.69	-34.965
771	-33.296
771.32	-30.838
771.63	-30.851
771.94	-32.199
772.26	-31.912
772.57	-31.202
772.89	-31.884
773.2	-34.808
773.51	-35.843
773.83	-36.508
774.14	-34.074
774.45	-36.057
774.77	-37.1
775.08	-38.629
775.39	-40.36
775.7	-39.364
776.02	-42.627
776.33	-44.359
776.64	-42.021
776.96	-42.019
777.27	-44.801
777.58	-43.475
777.89	-42.696
778.21	-44.187
778.52	-45.576
778.83	-42.356
779.14	-41.005
779.46	-41.042
779.77	-37.069
780.08	-37.608
780.39	-38.403
780.71	-38.408
781.02	-37.611
781.33	-40.083
781.64	-37.864
781.95	-37.683
782.27	-37.838
782.58	-42.939
782.89	-41.579
783.2	-43.05
783.51	-43.173
783.83	-43.239
784.14	-42.446
784.45	-43.398
784.76	-40.54
785.07	-43.567
785.38	-39.721
785.7	-39.026
786.01	-36.865
786.32	-39.868
786.63	-43.852
786.94	-42.752
787.25	-42.983
787.56	-39.61
787.87	-41.682
788.18	-39.368
788.5	-37.5
788.81	-41.533
789.12	-41.352
789.43	-39.917
789.74	-36.847
790.05	-39.47
790.36	-39.872
790.67	-39.267
790.98	-38.709
791.29	-38.309
791.6	-39.307
791.91	-36.42
792.22	-34.768
792.53	-34.675
792.84	-37.276
793.15	-33.154
793.46	-29.312
793.77	-27.336
794.08	-28.318
794.39	-31.006
794.7	-31.041
795.01	-33.498
795.32	-38.74
795.63	-41.389
795.94	-45.87
796.25	-43.996
796.56	-44.968
796.87	-42.697
797.18	-44.013
797.49	-42.944
797.8	-42.315
798.11	-44.559
798.42	-41.124
798.73	-37.42
799.04	-35.894
799.35	-33.333
799.65	-32.858
799.96	-36.632
800.27	-35.228
800.58	-31.199
800.89	-33.485
801.2	-32.268
801.51	-30.464
801.82	-31.96
802.13	-31.451
802.43	-32.507
802.74	-30.961
803.05	-32.95
803.36	-29.193
803.67	-30.64
803.98	-34.414
804.28	-32.438
804.59	-35.834
804.9	-32.921
805.21	-34.072
805.52	-37.031
805.83	-31.475
806.13	-33.038
806.44	-32.972
806.75	-31.892
807.06	-34.315
807.36	-36.491
807.67	-37.877
807.98	-33.259
808.29	-36.595
808.6	-32.776
808.9	-29.148
809.21	-30.4
809.52	-30.34
809.83	-29.478
810.13	-30.922
810.44	-25.75
810.75	-26.949
811.05	-24.458
811.36	-21.475
811.67	-24.879
811.98	-30.804
812.28	-39.469
812.59	-46.12
812.9	-46.466
813.2	-40.996
813.51	-44.565
813.82	-49.285
814.12	-40.15
814.43	-42.15
814.74	-49.267
815.04	-41.401
815.35	-41.399
815.65	-34.708
815.96	-35.468
816.27	-31.781
816.57	-37.747
816.88	-39.284
817.19	-39.924
817.49	-39.588
817.8	-39.758
818.1	-39.386
818.41	-46.145
818.72	-47.645
819.02	-49.252
819.33	-48.234
819.63	-50.267
819.94	-49.499
820.24	-45.634
820.55	-45.478
820.85	-50.353
821.16	-48.99
821.47	-48.413
821.77	-48.339
822.08	-47.859
822.38	-48.26
822.69	-48.456
822.99	-49.189
823.3	-50.277
823.6	-50.978
823.91	-51.209
824.21	-50.763
824.52	-49.409
824.82	-49.315
825.13	-49.682
825.43	-48.783
825.73	-48.794
826.04	-47.055
826.34	-46.262
826.65	-43.921
826.95	-42.373
827.26	-41.481
827.56	-40.137
827.87	-40.852
828.17	-41.239
828.47	-38.852
828.78	-39.669
829.08	-38.396
829.39	-39.953
829.69	-37.239
829.99	-36.293
830.3	-36.988
830.6	-34.625
830.9	-33.588
831.21	-34.492
831.51	-35.424
831.82	-39.087
832.12	-43.464
832.42	-43.52
832.73	-39.586
833.03	-40.877
833.33	-42.33
833.64	-42.447
833.94	-45.818
834.24	-44.861
834.54	-48.169
834.85	-49.594
835.15	-53.028
835.45	-47.23
835.76	-46.649
836.06	-48.613
836.36	-52.172
836.66	-55.188
836.97	-53.767
837.27	-49.726
837.57	-57.595
837.87	-55.323
838.18	-48.473
838.48	-40.261
838.78	-45.08
839.08	-55.598
839.39	-53.835
839.69	-59.877
839.99	-65.2
840.29	-71.441
840.59	-72.327
840.9	-81.419
841.2	-84.851
841.5	-87.59
841.8	-97.624
842.1	-87.691
842.41	-61.514
842.71	-59.567
843.01	-51.799
843.31	-37.065
843.61	-41.996
843.91	-47.511
844.21	-37.566
844.52	-33.226
844.82	-35.892
845.12	-30.849
845.42	-29.381
845.72	-37.188
846.02	-31.416
846.32	-28.392
846.62	-23.216
846.92	-18.575
847.22	-17.684
847.52	-4.425
847.83	-12.896
848.13	-20.867
848.43	-17.808
848.73	-23.57
849.03	-18.934
849.33	-27.125
849.63	-30.175
849.93	-26.904
850.23	-21.891
850.53	-17.317
850.83	-29.025
851.13	-31.807
851.43	-24.163
851.73	-20.968
852.03	-31.143
852.33	-42.835
852.63	-52.255
852.93	-48.225
853.23	-54.245
853.53	-52.967
853.83	-83.181
854.13	-103.247
854.43	-81.325
854.73	-78.571
855.03	-95.217
855.32	-63.934
855.62	-77.93
855.92	-65.092
856.22	-61.578
856.52	-74.474
856.82	-89.803
857.12	-67.956
857.42	-31.635
857.72	-43.048
858.02	-37.065
858.31	-32.319
858.61	-62.735
858.91	-39.243
859.21	-29.134
859.51	-34.133
859.81	-15.085
860.11	-23.98
860.4	-26.058
860.7	-29.779
861	-21.118
861.3	-14.264
861.6	-11.003
861.9	-3.026
862.19	2.941
862.49	-2.845
862.79	-6.25
863.09	-13.725
863.39	-8.848
863.68	-6.967
863.98	-1.714
864.28	-4.012
864.58	-14.51
864.87	-13.613
865.17	-20.356
865.47	-43.991
865.77	-71.088
866.06	-74.43
866.36	-100.896
866.66	-120.702
866.96	-149.029
867.25	-169.922
867.55	-198.696
867.85	-233.333
868.14	-380
868.44	-339.645
868.74	-344.444
869.03	-477.778
869.33	-389.189
869.63	-202.139
869.92	-284.892
870.22	-352.555
870.52	-872.34
870.81	-352.679
871.11	-314.286
871.41	-230.075
871.7	-166.667
872	-146.396
872.3	-173.333
872.59	-198.522
872.89	-291.275
873.18	-158.874
873.48	-139.506
873.78	-163.043
874.07	-334.043
874.37	-382.014
874.66	-322.436
874.96	-253.005
875.25	-197.74
875.55	-67.893
875.85	-75.427
876.14	-58.529
876.44	-62.763
876.73	-41.873
877.03	-27.66
877.32	-7.9
877.62	-0.901
877.91	-1.081
878.21	-13.145
878.5	-7.567
878.8	-4.209
879.09	6.037
879.39	-2.503
879.68	-0.406
879.98	-4.58
880.27	-16.2
880.57	-14.15
880.86	-17.272
881.16	-22.145
881.45	-28.482
881.74	-37.279
882.04	-51.114
882.33	-58.209
882.63	-59.535
882.92	-63.447
883.22	-64.168
883.51	-62.844
883.8	-65.546
884.1	-69.421
884.39	-74.111
884.69	-69.856
884.98	-78.933
885.27	-81.739
885.57	-82.044
885.86	-74.32
886.15	-70.168
886.45	-74.809
886.74	-80.305
887.03	-82.412
887.33	-62.981
887.62	-58.759
887.91	-200
888.21	-441.667
888.5	-214.286
888.79	39.286
889.09	0
