190.56	10.256
190.94	10.256
191.32	10.256
191.7	36.364
192.08	-788.889
192.46	21.711
192.84	14.747
193.22	12.235
193.6	-6.745
193.98	-8.244
194.36	14.504
194.74	-20.109
195.13	-52.991
195.51	-89.362
195.89	-74.194
196.27	-1675
196.65	445.714
197.03	1158.333
197.4	201.351
197.78	0
198.16	-536
198.54	-151.852
198.92	-37.415
199.3	-15.508
199.68	-25.108
200.06	-19.372
200.44	24.413
200.82	20
201.2	62.069
201.58	17.573
201.96	16.58
202.34	26.316
202.72	5.983
203.1	22.374
203.48	28.125
203.86	31.034
204.24	28.731
204.62	-26.57
205	-30.802
205.38	-45.54
205.76	-26.776
206.13	-40.351
206.51	-117.323
206.89	-252.174
207.27	-511.905
207.65	-1095.238
208.03	-602.778
208.41	1118.182
208.79	-507.407
209.17	-188.312
209.55	-265.217
209.93	-79.739
210.3	-38.542
210.68	-22.896
211.06	-9.6
211.44	-6.608
211.82	-4.577
212.2	-8.184
212.58	0
212.96	-2.214
213.33	5.079
213.71	9.726
214.09	13.972
214.47	18.994
214.85	24.5
215.23	23.831
215.61	21.242
215.98	7.419
216.36	15.173
216.74	6.335
217.12	4.564
217.5	-0.135
217.88	-9.296
218.25	-14.944
218.63	-29.876
219.01	-21.47
219.39	-21.006
219.77	-20.998
220.14	-18.379
220.52	-19.325
220.9	-25.089
221.28	-23.511
221.66	-27.449
222.03	-28.414
222.41	-29.773
222.79	-21.742
223.17	-25.446
223.55	-26.476
223.92	-30.502
224.3	-25.484
224.68	-19.468
225.06	-12.564
225.43	-9.425
225.81	-8.019
226.19	-4.55
226.57	-5.266
226.95	-5.378
227.32	-2.811
227.7	-1.354
228.08	2.086
228.46	2.026
228.83	1.002
229.21	0.811
229.59	0.149
229.96	0.369
230.34	0.056
230.72	0.08
231.1	0.142
231.47	-0.025
231.85	-0.71
232.23	-1.991
232.6	-2.248
232.98	-3.684
233.36	-3.858
233.74	-3.252
234.11	-2.439
234.49	-1.867
234.87	-1.019
235.24	0.521
235.62	0.148
236	-0.029
236.37	-0.045
236.75	0.059
237.13	1.332
237.5	2.184
237.88	2.747
238.26	1.973
238.63	1.266
239.01	1.974
239.39	0.873
239.76	1.182
240.14	1.816
240.52	1.859
240.89	1.601
241.27	1.147
241.65	0.835
242.02	-0.059
242.4	0.082
242.77	0.226
243.15	0.162
243.53	0.189
243.9	0.256
244.28	0.075
244.66	0.201
245.03	-0.122
245.41	0.316
245.78	0.316
246.16	0.655
246.54	0.736
246.91	0.753
247.29	0.804
247.66	0.856
248.04	0.98
248.41	1.088
248.79	0.851
249.17	1.202
249.54	1.208
249.92	1.376
250.29	1.442
250.67	1.401
251.04	2.106
251.42	2.142
251.8	1.983
252.17	1.727
252.55	1.465
252.92	1.338
253.3	0.818
253.67	0.187
254.05	-0.067
254.42	0.07
254.8	-0.072
255.17	-0.619
255.55	-1.493
255.92	-0.598
256.3	-0.413
256.67	-0.637
257.05	-0.553
257.42	0.045
257.8	0.534
258.17	0.69
258.55	0.67
258.92	1.022
259.3	0.952
259.67	1.164
260.05	1.125
260.42	1.043
260.8	1.005
261.17	0.921
261.55	0.949
261.92	1.085
262.3	1.037
262.67	1.161
263.05	1.096
263.42	0.91
263.79	0.752
264.17	0.235
264.54	0.208
264.92	0.676
265.29	1.031
265.67	1.044
266.04	0.751
266.42	0.847
266.79	0.659
267.16	0.772
267.54	0.884
267.91	1.105
268.29	1.284
268.66	1.498
269.03	1.745
269.41	1.237
269.78	1.048
270.16	1.106
270.53	1.131
270.9	1.118
271.28	0.688
271.65	0.795
272.03	0.611
272.4	0.573
272.77	0.59
273.15	0.396
273.52	0.832
273.89	0.945
274.27	0.927
274.64	0.827
275.01	0.975
275.39	1.349
275.76	1.125
276.14	1.342
276.51	1.182
276.88	1.232
277.26	1.105
277.63	0.982
278	0.898
278.38	0.744
278.75	0.728
279.12	0.746
279.49	0.54
279.87	0.727
280.24	0.825
280.61	1.018
280.99	0.789
281.36	0.618
281.73	0.588
282.11	0.629
282.48	0.809
282.85	0.832
283.22	0.544
283.6	0.743
283.97	0.728
284.34	0.631
284.71	0.586
285.09	0.614
285.46	0.832
285.83	0.888
286.21	0.933
286.58	0.99
286.95	1.127
287.32	1.13
287.7	1.16
288.07	1.238
288.44	1.188
288.81	1.188
289.18	1.255
289.56	1.328
289.93	1.153
290.3	0.982
290.67	0.905
291.05	0.843
291.42	1.095
291.79	0.963
292.16	0.867
292.53	1.067
292.91	1.047
293.28	1.171
293.65	1.053
294.02	1.207
294.39	1.382
294.76	1.392
295.14	1.427
295.51	1.379
295.88	1.418
296.25	1.396
296.62	1.298
297	1.387
297.37	1.327
297.74	1.396
298.11	1.402
298.48	1.496
298.85	1.611
299.22	1.602
299.6	1.619
299.97	1.694
300.34	1.856
300.71	2.032
301.08	2.166
301.45	2.223
301.82	2.355
302.19	2.547
302.56	2.377
302.94	2.393
303.31	2.406
303.68	2.597
304.05	2.571
304.42	2.545
304.79	2.316
305.16	2.271
305.53	2.211
305.9	1.798
306.27	1.591
306.64	1.689
307.02	1.408
307.39	1.314
307.76	1.287
308.13	1.258
308.5	1.351
308.87	1.505
309.24	1.399
309.61	1.25
309.98	1.419
310.35	1.4
310.72	1.395
311.09	1.6
311.46	1.738
311.83	1.558
312.2	1.496
312.57	1.318
312.94	1.182
313.31	1.341
313.68	1.301
314.05	1.192
314.42	1.189
314.79	1.034
315.16	0.886
315.53	0.702
315.9	0.775
316.27	1.015
316.64	1.215
317.01	1.124
317.38	0.94
317.75	1.233
318.12	1.502
318.49	1.647
318.86	1.73
319.23	1.97
319.6	2.276
319.97	2.4
320.34	2.334
320.71	2.101
321.08	2.265
321.45	2.556
321.82	2.733
322.19	2.751
322.55	2.918
322.92	3.087
323.29	3.084
323.66	3.262
324.03	3.307
324.4	3.183
324.77	3.39
325.14	3.675
325.51	3.671
325.88	3.68
326.25	3.926
326.61	3.869
326.98	4.311
327.35	4.667
327.72	4.708
328.09	4.827
328.46	5.296
328.83	5.668
329.2	5.787
329.56	6.036
329.93	6.317
330.3	6.568
330.67	7.056
331.04	7.01
331.41	7.24
331.78	7.392
332.14	7.689
332.51	7.801
332.88	8.031
333.25	8.303
333.62	8.446
333.99	8.588
334.35	8.62
334.72	8.635
335.09	8.749
335.46	8.319
335.83	8.393
336.19	8.551
336.56	8.751
336.93	8.664
337.3	8.591
337.67	8.813
338.03	8.815
338.4	8.939
338.77	8.867
339.14	8.951
339.5	9.335
339.87	9.471
340.24	9.303
340.61	9.312
340.97	9.535
341.34	9.632
341.71	9.61
342.08	9.629
342.44	9.691
342.81	9.815
343.18	9.663
343.55	9.671
343.91	9.745
344.28	10.063
344.65	9.995
345.02	9.792
345.38	9.7
345.75	9.854
346.12	9.92
346.48	9.785
346.85	9.815
347.22	10.091
347.59	10.227
347.95	10.277
348.32	10.216
348.69	10.335
349.05	10.591
349.42	10.739
349.79	10.734
350.15	10.712
350.52	10.808
350.89	10.837
351.25	10.829
351.62	10.819
351.99	10.62
352.35	10.516
352.72	10.565
353.09	10.517
353.45	10.372
353.82	10.268
354.18	10.334
354.55	10.352
354.92	10.196
355.28	10.101
355.65	10.128
356.02	10.243
356.38	10.219
356.75	10.165
357.11	10.139
357.48	10.355
357.85	10.354
358.21	10.297
358.58	10.361
358.94	10.412
359.31	10.493
359.67	10.512
360.04	10.529
360.41	10.659
360.77	10.706
361.14	10.808
361.5	10.717
361.87	10.813
362.23	10.875
362.6	10.892
362.97	11.025
363.33	11.082
363.7	11.117
364.06	11.066
364.43	11.031
364.79	11.298
365.16	11.425
365.52	11.706
365.89	11.721
366.25	11.802
366.62	11.697
366.98	11.787
367.35	11.787
367.71	12.005
368.08	12.319
368.44	12.473
368.81	12.263
369.17	12.205
369.54	12.188
369.9	12.118
370.27	12.027
370.63	12.27
371	12.223
371.36	12.305
371.73	12.357
372.09	12.408
372.45	12.626
372.82	12.696
373.18	12.816
373.55	12.958
373.91	13.254
374.28	13.584
374.64	13.652
375.01	13.964
375.37	14.098
375.73	14.129
376.1	14.16
376.46	14.171
376.83	14.382
377.19	14.413
377.55	14.51
377.92	14.64
378.28	14.793
378.65	15.097
379.01	15.243
379.37	15.586
379.74	15.795
380.1	16.125
380.47	16.282
380.83	16.461
381.19	16.877
381.56	17.166
381.92	17.392
382.28	17.637
382.65	17.816
383.01	17.986
383.37	18.185
383.74	18.48
384.1	18.631
384.46	18.856
384.83	19.083
385.19	19.278
385.55	19.502
385.92	19.698
386.28	19.782
386.64	19.906
387.01	20.108
387.37	20.437
387.73	20.641
388.1	20.915
388.46	21.278
388.82	21.598
389.18	21.838
389.55	22.043
389.91	22.32
390.27	22.632
390.64	22.944
391	23.177
391.36	23.26
391.72	23.541
392.09	23.764
392.45	23.977
392.81	24.244
393.17	24.257
393.54	24.467
393.9	24.726
394.26	25.018
394.62	25.296
394.99	25.587
395.35	25.781
395.71	25.925
396.07	26.184
396.43	26.248
396.8	26.398
397.16	26.85
397.52	27.038
397.88	27.286
398.24	27.517
398.61	27.655
398.97	27.955
399.33	28.207
399.69	28.415
400.05	28.662
400.42	29.073
400.78	29.285
401.14	29.533
401.5	29.886
401.86	30.01
402.22	30.27
402.59	30.584
402.95	30.756
403.31	30.931
403.67	31.192
404.03	31.514
404.39	31.744
404.75	31.99
405.12	32.368
405.48	32.578
405.84	32.833
406.2	32.898
406.56	32.994
406.92	33.251
407.28	33.547
407.64	33.829
408	34.049
408.36	34.271
408.73	34.523
409.09	34.522
409.45	34.695
409.81	34.997
410.17	35.27
410.53	35.589
410.89	35.672
411.25	35.862
411.61	36.06
411.97	36.08
412.33	36.185
412.69	36.38
413.05	36.683
413.41	36.817
413.77	36.83
414.13	36.98
414.5	37.045
414.86	37.284
415.22	37.313
415.58	37.525
415.94	37.655
416.3	37.751
416.66	37.938
417.02	37.995
417.38	38.153
417.74	38.347
418.1	38.568
418.46	38.776
418.82	38.94
419.18	39.179
419.54	39.144
419.9	39.228
420.26	39.208
420.61	39.262
420.97	39.372
421.33	39.426
421.69	39.546
422.05	39.579
422.41	39.69
422.77	39.703
423.13	39.702
423.49	39.825
423.85	39.804
424.21	40.029
424.57	40.13
424.93	40.218
425.29	40.335
425.65	40.474
426.01	40.446
426.36	40.465
426.72	40.564
427.08	40.769
427.44	40.849
427.8	41.147
428.16	41.296
428.52	41.376
428.88	41.406
429.24	41.524
429.59	41.57
429.95	41.846
430.31	41.996
430.67	42.159
431.03	42.173
431.39	42.324
431.75	42.427
432.1	42.533
432.46	42.622
432.82	42.75
433.18	42.865
433.54	42.921
433.9	42.937
434.25	43.057
434.61	43.146
434.97	43.309
435.33	43.356
435.69	43.329
436.04	43.341
436.4	43.497
436.76	43.566
437.12	43.608
437.48	43.667
437.83	43.706
438.19	43.76
438.55	43.871
438.91	43.853
439.27	43.946
439.62	44.171
439.98	44.264
440.34	44.263
440.7	44.35
441.05	44.463
441.41	44.451
441.77	44.687
442.13	44.696
442.48	44.635
442.84	44.774
443.2	44.827
443.56	44.764
443.91	44.857
444.27	44.893
444.63	44.908
444.98	44.8
445.34	44.872
445.7	44.706
446.05	44.64
446.41	44.573
446.77	44.555
447.13	44.552
447.48	44.62
447.84	44.613
448.2	44.567
448.55	44.648
448.91	44.819
449.27	44.886
449.62	45.02
449.98	45.054
450.34	45.243
450.69	45.163
451.05	45.209
451.4	45.162
451.76	45.151
452.12	45.265
452.47	45.261
452.83	45.285
453.19	45.199
453.54	45.175
453.9	45.3
454.25	45.304
454.61	45.491
454.97	45.542
455.32	45.681
455.68	45.656
456.03	45.63
456.39	45.524
456.75	45.443
457.1	45.543
457.46	45.559
457.81	45.5
458.17	45.541
458.52	45.513
458.88	45.439
459.24	45.3
459.59	45.258
459.95	45.195
460.3	45.264
460.66	45.277
461.01	45.225
461.37	45.247
461.72	45.305
462.08	45.222
462.43	45.098
462.79	45.132
463.14	45.042
463.5	45.101
463.85	45.153
464.21	45.096
464.56	45.129
464.92	45.242
465.27	45.228
465.63	45.185
465.98	45.196
466.34	45.173
466.69	45.158
467.05	45.348
467.4	45.326
467.76	45.316
468.11	45.366
468.47	45.441
468.82	45.293
469.18	45.227
469.53	45.066
469.88	45.023
470.24	45.067
470.59	45.109
470.95	45.065
471.3	45.144
471.66	45.116
472.01	45.084
472.36	44.953
472.72	45.094
473.07	45.255
473.43	45.507
473.78	45.514
474.13	45.478
474.49	45.415
474.84	45.369
475.19	45.266
475.55	45.317
475.9	45.27
476.26	45.302
476.61	45.17
476.96	45.105
477.32	45.013
477.67	45.002
478.02	45.086
478.38	45.144
478.73	45.156
479.08	45.223
479.44	45.236
479.79	45.328
480.14	45.268
480.5	45.351
480.85	45.27
481.2	45.299
481.56	45.285
481.91	45.338
482.26	45.339
482.62	45.34
482.97	45.326
483.32	45.287
483.67	45.27
484.03	45.276
484.38	45.193
484.73	45.202
485.08	45.239
485.44	45.242
485.79	45.239
486.14	45.266
486.49	45.317
486.85	45.394
487.2	45.419
487.55	45.444
487.9	45.508
488.26	45.66
488.61	45.744
488.96	45.746
489.31	45.761
489.67	45.749
490.02	45.774
490.37	45.736
490.72	45.743
491.07	45.77
491.43	45.768
491.78	45.762
492.13	45.783
492.48	45.792
492.83	45.813
493.19	45.949
493.54	46.087
493.89	46.172
494.24	46.345
494.59	46.335
494.94	46.437
495.29	46.534
495.65	46.6
496	46.63
496.35	46.686
496.7	46.625
497.05	46.627
497.4	46.583
497.75	46.561
498.11	46.52
498.46	46.616
498.81	46.654
499.16	46.74
499.51	46.852
499.86	46.83
500.21	46.857
500.56	47.109
500.91	47.17
501.26	47.28
501.62	47.343
501.97	47.442
502.32	47.534
502.67	47.537
503.02	47.593
503.37	47.584
503.72	47.736
504.07	47.803
504.42	47.867
504.77	47.972
505.12	47.967
505.47	48.096
505.82	48.159
506.17	48.177
506.52	48.365
506.87	48.356
507.22	48.412
507.57	48.46
507.92	48.567
508.27	48.581
508.62	48.606
508.97	48.782
509.32	48.782
509.67	48.873
510.02	48.937
510.37	48.938
510.72	48.99
511.07	49.075
511.42	49.11
511.77	49.187
512.12	49.294
512.47	49.385
512.82	49.328
513.17	49.39
513.52	49.485
513.87	49.532
514.22	49.725
514.57	49.87
514.91	49.928
515.26	49.927
515.61	49.948
515.96	49.935
516.31	49.934
516.66	50.055
517.01	50.221
517.36	50.358
517.71	50.478
518.06	50.505
518.41	50.642
518.75	50.753
519.1	50.912
519.45	50.96
519.8	51.159
520.15	51.306
520.5	51.377
520.85	51.352
521.19	51.351
521.54	51.548
521.89	51.696
522.24	51.766
522.59	51.925
522.94	52.092
523.28	52.26
523.63	52.26
523.98	52.426
524.33	52.504
524.68	52.708
525.03	52.915
525.37	52.954
525.72	53.09
526.07	53.132
526.42	53.157
526.76	53.212
527.11	53.388
527.46	53.552
527.81	53.546
528.16	53.674
528.5	53.713
528.85	53.749
529.2	53.804
529.55	53.841
529.89	54.013
530.24	54.14
530.59	54.225
530.94	54.282
531.28	54.352
531.63	54.562
531.98	54.655
532.32	54.779
532.67	54.861
533.02	55.015
533.37	55.121
533.71	55.203
534.06	55.354
534.41	55.55
534.75	55.676
535.1	55.861
535.45	55.993
535.79	56.185
536.14	56.387
536.49	56.553
536.83	56.637
537.18	56.779
537.53	56.874
537.87	57.008
538.22	57.166
538.57	57.313
538.91	57.318
539.26	57.441
539.61	57.644
539.95	57.814
540.3	57.997
540.64	58.233
540.99	58.322
541.34	58.462
541.68	58.513
542.03	58.594
542.37	58.668
542.72	58.893
543.07	59.146
543.41	59.232
543.76	59.318
544.1	59.375
544.45	59.455
544.8	59.566
545.14	59.689
545.49	59.86
545.83	60.018
546.18	60.163
546.52	60.246
546.87	60.309
547.21	60.419
547.56	60.512
547.9	60.704
548.25	60.731
548.59	60.885
548.94	61
549.29	61.121
549.63	61.215
549.98	61.299
550.32	61.433
550.67	61.434
551.01	61.511
551.35	61.619
551.7	61.802
552.04	61.925
552.39	62.039
552.73	62.033
553.08	62.138
553.42	62.19
553.77	62.397
554.11	62.516
554.46	62.676
554.8	62.858
555.15	63.011
555.49	63.122
555.83	63.279
556.18	63.461
556.52	63.618
556.87	63.7
557.21	63.768
557.56	63.711
557.9	63.831
558.24	63.91
558.59	64.07
558.93	64.097
559.28	64.11
559.62	64.113
559.96	64.247
560.31	64.458
560.65	64.485
560.99	64.742
561.34	64.906
561.68	64.951
562.02	64.995
562.37	65.023
562.71	65.208
563.06	65.253
563.4	65.434
563.74	65.401
564.09	65.466
564.43	65.703
564.77	65.709
565.11	65.967
565.46	66.073
565.8	66.281
566.14	66.385
566.49	66.439
566.83	66.339
567.17	66.442
567.52	66.454
567.86	66.412
568.2	66.394
568.54	66.524
568.89	66.454
569.23	66.48
569.57	66.51
569.91	66.679
570.26	66.747
570.6	67.031
570.94	66.969
571.28	67.234
571.63	67.31
571.97	67.343
572.31	67.274
572.65	67.347
573	67.402
573.34	67.476
573.68	67.396
574.02	67.423
574.36	67.465
574.71	67.685
575.05	67.643
575.39	67.667
575.73	67.745
576.07	67.871
576.42	67.857
576.76	67.931
577.1	67.817
577.44	67.771
577.78	67.8
578.12	67.807
578.46	67.88
578.81	67.949
579.15	68.101
579.49	68.255
579.83	68.298
580.17	68.413
580.51	68.464
580.85	68.639
581.2	68.791
581.54	68.714
581.88	68.734
582.22	68.638
582.56	68.556
582.9	68.524
583.24	68.501
583.58	68.466
583.92	68.643
584.26	68.754
584.6	68.804
584.95	68.829
585.29	69.058
585.63	69.022
585.97	69.093
586.31	69.098
586.65	68.983
586.99	68.988
587.33	69.072
587.67	68.915
588.01	68.85
588.35	69.014
588.69	69.099
589.03	69.186
589.37	69.411
589.71	69.414
590.05	69.543
590.39	69.929
590.73	70.074
591.07	70.184
591.41	70.334
591.75	70.294
592.09	70.278
592.43	70.239
592.77	70.3
593.11	70.327
593.45	70.389
593.79	70.355
594.13	70.242
594.47	70.139
594.81	69.953
595.14	69.874
595.48	69.919
595.82	69.722
596.16	69.755
596.5	69.811
596.84	69.796
597.18	69.875
597.52	70.142
597.86	70.196
598.2	70.431
598.54	70.531
598.87	70.769
599.21	70.763
599.55	71.017
599.89	71.244
600.23	71.145
600.57	71.388
600.91	71.693
601.25	71.659
601.58	71.58
601.92	71.444
602.26	71.764
602.6	71.546
602.94	71.863
603.28	71.955
603.61	72.032
603.95	72
604.29	71.916
604.63	71.759
604.97	71.678
605.3	71.886
605.64	71.91
605.98	71.712
606.32	71.947
606.66	71.757
606.99	71.646
607.33	71.513
607.67	71.549
608.01	71.344
608.34	71.278
608.68	71.44
609.02	71.322
609.36	71.344
609.69	71.365
610.03	71.346
610.37	71.387
610.71	71.432
611.04	71.542
611.38	71.667
611.72	71.828
612.06	71.841
612.39	71.657
612.73	71.791
613.07	71.741
613.4	71.838
613.74	72.13
614.08	72.295
614.41	72.36
614.75	72.255
615.09	72.174
615.42	72.33
615.76	72.266
616.1	72.49
616.43	72.502
616.77	72.487
617.11	72.492
617.44	72.176
617.78	72.129
618.12	72.237
618.45	72.246
618.79	72.326
619.13	72.163
619.46	72.347
619.8	72.346
620.13	72.197
620.47	72.252
620.81	72.312
621.14	72.429
621.48	72.536
621.81	72.288
622.15	72.066
622.48	72.211
622.82	72.404
623.16	72.33
623.49	72.312
623.83	72.161
624.16	72.421
624.5	72.495
624.83	72.443
625.17	72.31
625.5	72.504
625.84	72.868
626.18	72.871
626.51	72.926
626.85	72.992
627.18	73.043
627.52	73.38
627.85	73.376
628.19	73.267
628.52	73.066
628.86	73.187
629.19	73.227
629.53	73.171
629.86	73.128
630.19	73.284
630.53	73.376
630.86	73.401
631.2	73.375
631.53	73.167
631.87	73.242
632.2	73.339
632.54	73.129
632.87	72.96
633.2	72.989
633.54	72.812
633.87	72.654
634.21	72.552
634.54	72.409
634.88	72.54
635.21	72.535
635.54	72.605
635.88	72.933
636.21	73.005
636.55	72.991
636.88	72.98
637.21	73.101
637.55	73.341
637.88	73.312
638.21	73.345
638.55	72.964
638.88	73.123
639.21	73.136
639.55	72.882
639.88	72.949
640.21	73.039
640.55	72.918
640.88	73.003
641.21	72.489
641.55	72.528
641.88	72.482
642.21	72.654
642.55	72.481
642.88	72.278
643.21	72.162
643.55	72.073
643.88	72.162
644.21	72.216
644.54	71.923
644.88	72.017
645.21	72.048
645.54	72.218
645.87	72.434
646.21	72.409
646.54	72.535
646.87	72.761
647.2	73.124
647.54	73.134
647.87	73.33
648.2	73.616
648.53	73.867
648.87	73.837
649.2	73.896
649.53	73.594
649.86	73.939
650.19	73.944
650.53	74.008
650.86	73.956
651.19	74.115
651.52	73.894
651.85	73.869
652.18	73.56
652.52	73.545
652.85	73.496
653.18	73.486
653.51	73.224
653.84	73.419
654.17	73.325
654.51	73.213
654.84	72.979
655.17	73.025
655.5	72.911
655.83	73.273
656.16	73.52
656.49	73.465
656.82	73.479
657.15	73.543
657.49	73.221
657.82	73.269
658.15	73.157
658.48	73.405
658.81	73.509
659.14	73.769
659.47	73.666
659.8	73.393
660.13	73.25
660.46	73.53
660.79	73.427
661.12	73.65
661.45	73.407
661.78	73.493
662.11	73.431
662.44	73.312
662.77	73.177
663.1	73.184
663.43	73.136
663.76	73.335
664.09	73.151
664.42	73.493
664.75	73.192
665.08	73.321
665.41	73.365
665.74	73.263
666.07	73.15
666.4	72.894
666.73	72.693
667.06	72.545
667.39	72.563
667.72	72.687
668.05	72.446
668.38	72.55
668.71	72.772
669.04	72.698
669.37	72.888
669.7	73.242
670.03	73.257
670.36	73.29
670.69	73.766
671.01	73.499
671.34	73.232
671.67	73.256
672	73.428
672.33	73.029
672.66	73.166
672.99	72.676
673.32	72.357
673.64	72.462
673.97	72.348
674.3	72.042
674.63	72.109
674.96	72.306
675.29	72.324
675.62	72.099
675.94	72.169
676.27	71.918
676.6	72.167
676.93	72.454
677.26	72.287
677.58	72.452
677.91	72.361
678.24	72.265
678.57	72.307
678.9	72.142
679.22	72.109
679.55	72.109
679.88	72.113
680.21	72.024
680.54	71.917
680.86	72.409
681.19	72.521
681.52	72.64
681.85	72.633
682.17	72.24
682.5	72.319
682.83	72.471
683.16	72.773
683.48	72.563
683.81	72.341
684.14	72.113
684.46	71.652
684.79	71.225
685.12	70.922
685.45	71.168
685.77	71.511
686.1	71.475
686.43	71.253
686.75	70.874
687.08	71.16
687.41	71.239
687.73	71.568
688.06	71.719
688.39	71.924
688.71	72.126
689.04	72.33
689.36	72.271
689.69	72.318
690.02	72.311
690.34	72.322
690.67	72.496
691	72.78
691.32	72.312
691.65	72.05
691.97	71.748
692.3	71.706
692.63	71.039
692.95	70.593
693.28	70.218
693.6	70.368
693.93	70.352
694.26	69.734
694.58	69.044
694.91	69.077
695.23	68.892
695.56	69.011
695.88	68.836
696.21	68.954
696.53	69.123
696.86	69.214
697.18	69.187
697.51	68.981
697.83	69.044
698.16	69.47
698.48	69.138
698.81	69.229
699.13	69.05
699.46	68.785
699.78	68.433
700.11	68.074
700.43	67.962
700.76	67.872
701.08	67.756
701.41	67.51
701.73	67.227
702.06	67.432
702.38	67.572
702.71	67.171
703.03	67.349
703.35	67.286
703.68	67.542
704	67.312
704.33	66.483
704.65	66.369
704.98	66.056
705.3	66.208
705.62	65.443
705.95	65.261
706.27	65.935
706.6	66.122
706.92	66.362
707.24	66.472
707.57	66.541
707.89	66.879
708.21	67.076
708.54	67.248
708.86	66.942
709.18	67.258
709.51	66.768
709.83	66.515
710.15	66.171
710.48	66.214
710.8	66.26
711.12	65.927
711.45	65.536
711.77	65.23
712.09	65.992
712.42	66.319
712.74	66.168
713.06	66.276
713.38	66.051
713.71	66.022
714.03	65.497
714.35	64.687
714.68	64.974
715	65.148
715.32	64.743
715.64	63.733
715.97	62.82
716.29	62.864
716.61	62.182
716.93	61.57
717.25	61.508
717.58	61.521
717.9	61.548
718.22	60.731
718.54	60.459
718.87	60.617
719.19	60.697
719.51	60.761
719.83	60.874
720.15	61.301
720.47	61.828
720.8	61.217
721.12	60.719
721.44	61.108
721.76	61.528
722.08	60.905
722.4	60.478
722.73	60.456
723.05	59.863
723.37	58.576
723.69	57.883
724.01	57.165
724.33	56.767
724.65	57.369
724.97	56.442
725.3	55.711
725.62	56.271
725.94	55.84
726.26	55.328
726.58	55.239
726.9	56.046
727.22	56.243
727.54	56.964
727.86	58.067
728.18	57.698
728.5	58.887
728.82	59.025
729.14	58.922
729.46	59.006
729.78	59.11
730.1	59.444
730.42	58.91
730.74	58.542
731.07	58.119
731.39	57.945
731.71	57.999
732.03	57.379
732.35	57.829
732.66	57.917
732.98	58.635
733.3	58.486
733.62	57.664
733.94	57.815
734.26	57.615
734.58	57.643
734.9	56.043
735.22	55.587
735.54	55.072
735.86	55.39
736.18	55.482
736.5	54.771
736.82	54.165
737.14	54.477
737.46	54.704
737.78	54.726
738.1	55.209
738.41	55.68
738.73	55.449
739.05	54.757
739.37	53.196
739.69	53.235
740.01	53.231
740.33	53.548
740.65	52.349
740.96	52.818
741.28	53.48
741.6	52.588
741.92	52.518
742.24	52.172
742.56	53.109
742.88	53.556
743.19	52.808
743.51	52.741
743.83	52.091
744.15	54.862
744.47	54.07
744.78	52.905
745.1	52.466
745.42	53.447
745.74	54.101
746.06	54.324
746.37	53.321
746.69	53.148
747.01	52.707
747.33	51.796
747.64	50.876
747.96	50.749
748.28	52.391
748.6	51.408
748.91	49.88
749.23	49.735
749.55	48.843
749.87	49.902
750.18	49.609
750.5	49.224
750.82	50.506
751.13	49.406
751.45	48.591
751.77	47.418
752.08	48.464
752.4	47.794
752.72	46.72
753.03	46.395
753.35	46.789
753.67	46.7
753.98	47.045
754.3	46.102
754.62	46.844
754.93	47.115
755.25	45.769
755.57	44.903
755.88	46.89
756.2	46.02
756.51	46.882
756.83	46.89
757.15	46.419
757.46	45.958
757.78	45.995
758.09	46.238
758.41	46.284
758.73	47.887
759.04	47.103
759.36	45.063
759.67	45.094
759.99	43.398
760.3	42.463
760.62	42.039
760.94	43.064
761.25	42.597
761.57	42.1
761.88	41.936
762.2	40.6
762.51	40.79
762.83	41.68
763.14	43.807
763.46	44.546
763.77	44.502
764.09	44.505
764.4	42.793
764.72	43.071
765.03	42.602
765.35	43.845
765.66	44.118
765.98	45.857
766.29	44.776
766.61	43.575
766.92	42.349
767.23	41.198
767.55	41.684
767.86	41.965
768.18	42.54
768.49	41.161
768.81	38.454
769.12	37.971
769.43	36.711
769.75	38.093
770.06	36.454
770.38	37.051
770.69	37.38
771	37.641
771.32	39.735
771.63	38.83
771.94	38.89
772.26	38.015
772.57	38.973
772.89	37.657
773.2	36.355
773.51	37.11
773.83	36.974
774.14	37.926
774.45	35.778
774.77	34.268
775.08	33.016
775.39	34.882
775.7	34.714
776.02	32.574
776.33	33.05
776.64	34.235
776.96	35.206
777.27	33.136
777.58	32.348
777.89	34.53
778.21	34.003
778.52	34.822
778.83	34.081
779.14	36.289
779.46	37.504
779.77	36.652
780.08	35.852
780.39	34.34
780.71	34.775
781.02	35.864
781.33	33.569
781.64	34.718
781.95	35.186
782.27	36.004
782.58	33.356
782.89	31.86
783.2	34.596
783.51	34.221
783.83	35.246
784.14	34.083
784.45	31.87
784.76	33.427
785.07	34.438
785.38	34.411
785.7	34.255
786.01	34.327
786.32	34.53
786.63	31.861
786.94	34.014
787.25	34.106
787.56	37.787
787.87	37.192
788.18	37.26
788.5	35.396
788.81	35.501
789.12	34.338
789.43	37.893
789.74	36.26
790.05	35.482
790.36	32.681
790.67	32.3
790.98	30.223
791.29	28.826
791.6	30.102
791.91	30.316
792.22	30.706
792.53	31.356
792.84	24.516
793.15	27.915
793.46	28.095
793.77	30.3
794.08	30.825
794.39	30.014
794.7	31.634
795.01	29.041
795.32	27.139
795.63	24.241
795.94	23.501
796.25	27.663
796.56	24.522
796.87	28.897
797.18	26.942
797.49	26.938
797.8	26.148
798.11	26.332
798.42	26.779
798.73	31.12
799.04	31.997
799.35	32.311
799.65	32.665
799.96	34.844
800.27	34.267
800.58	36.905
800.89	34.314
801.2	35.463
801.51	38.318
801.82	39.951
802.13	37.758
802.43	37.169
802.74	38.446
803.05	35.891
803.36	37.308
803.67	35.705
803.98	38.132
804.28	38.491
804.59	37.643
804.9	35.267
805.21	32.537
805.52	31.921
805.83	33.738
806.13	32.062
806.44	33.666
806.75	34.033
807.06	30.58
807.36	25.921
807.67	27.087
807.98	32.151
808.29	33.96
808.6	32.823
808.9	32.814
809.21	33.459
809.52	33.288
809.83	33.197
810.13	30.606
810.44	33.245
810.75	31.373
811.05	32.187
811.36	32.26
811.67	29.574
811.98	32.613
812.28	30.928
812.59	31.04
812.9	30.94
813.2	34.811
813.51	34.718
813.82	33.905
814.12	36.938
814.43	33.667
814.74	28.137
815.04	30.021
815.35	23.109
815.65	23.692
815.96	21.311
816.27	24.545
816.57	17.549
816.88	18.014
817.19	15.046
817.49	15.944
817.8	13.877
818.1	13.439
818.41	11.729
818.72	17.579
819.02	18.36
819.33	18.163
819.63	15.508
819.94	18.078
820.24	19.852
820.55	21.399
820.85	21.465
821.16	24.208
821.47	26.894
821.77	27.376
822.08	27.974
822.38	28.385
822.69	27.965
822.99	27.446
823.3	28.042
823.6	27.395
823.91	27.543
824.21	27.999
824.52	28.274
824.82	27.688
825.13	26.212
825.43	26.617
825.73	25.348
826.04	27.68
826.34	27.494
826.65	27.92
826.95	27.885
827.26	29.226
827.56	29.062
827.87	29.094
828.17	29.06
828.47	30.563
828.78	28.132
829.08	29.425
829.39	27.308
829.69	28.289
829.99	26.508
830.3	27.11
830.6	22.706
830.9	18.763
831.21	18.004
831.51	17.281
831.82	15.805
832.12	18.757
832.42	21.6
832.73	17.528
833.03	18.859
833.33	19.385
833.64	20.895
833.94	23.119
834.24	23.785
834.54	21.583
834.85	20.774
835.15	20.319
835.45	19.374
835.76	15.385
836.06	13.996
836.36	10.479
836.66	8.646
836.97	3.198
837.27	6.36
837.57	1.835
837.87	1.146
838.18	4.684
838.48	5.993
838.78	3.559
839.08	-1.74
839.39	9.233
839.69	6.995
839.99	4
840.29	6.858
840.59	2.066
840.9	-1.774
841.2	-3.931
841.5	-9.824
841.8	-12.67
842.1	-12.661
842.41	3.731
842.71	-3.759
843.01	0.719
843.31	7.609
843.61	6.237
843.91	9.05
844.21	18.836
844.52	21.008
844.82	16.701
845.12	10.248
845.42	16.264
845.72	10.431
846.02	12.78
846.32	14.405
846.62	10.969
846.92	10.367
847.22	8.421
847.52	15.376
847.83	14.754
848.13	13.911
848.43	19.406
848.73	11.213
849.03	8.844
849.33	11.25
849.63	12.469
849.93	18.673
850.23	20.522
850.53	19.39
850.83	7.286
851.13	7.673
851.43	10.407
851.73	1.861
852.03	2.857
852.33	-2.648
852.63	-19.44
852.93	-28.55
853.23	-37.736
853.53	-31.899
853.83	-48.995
854.13	-56.061
854.43	-32.129
854.73	-26.122
855.03	-8.043
855.32	-16.94
855.62	-23.438
855.92	-13.552
856.22	-17.303
856.52	-13.158
856.82	-31.908
857.12	-29.834
857.42	-9.342
857.72	-37.166
858.02	-36.567
858.31	-26.932
858.61	-27.614
858.91	1.891
859.21	16.535
859.51	15.314
859.81	19.153
860.11	11.582
860.4	9.137
860.7	-6.25
861	-2.329
861.3	10.511
861.6	5.85
861.9	0.688
862.19	-4.011
862.49	-8.677
862.79	-12.5
863.09	-19.457
863.39	-2.528
863.68	8.88
863.98	17.857
864.28	18.827
864.58	1.224
864.87	5.934
865.17	10.474
865.47	-5.442
865.77	-29.973
866.06	-25.316
866.36	-34.328
866.66	-66.316
866.96	-118.932
867.25	-114.844
867.55	-153.043
867.85	-168.599
868.14	-280.69
868.44	-234.32
868.74	-259.477
869.03	-381.818
869.33	-270.27
869.63	-151.872
869.92	-246.043
870.22	-235.036
870.52	-597.872
870.81	-231.25
871.11	-275.893
871.41	-195.489
871.7	-133.939
872	-88.739
872.3	-77.333
872.59	-99.507
872.89	-128.859
873.18	-43.29
873.48	-63.374
873.78	-97.391
874.07	-206.383
874.37	-199.281
874.66	-187.821
874.96	-148.634
875.25	-116.949
875.55	-49.833
875.85	-67.577
876.14	-60.882
876.44	-64.264
876.73	-39.669
877.03	-11.584
877.32	14.836
877.62	19.459
877.91	34.775
878.21	25.291
878.5	27.151
878.8	15.239
879.09	21.391
879.39	24.111
879.68	19.892
879.98	18.83
880.27	16.443
880.57	18.074
880.86	23.432
881.16	13.208
881.45	15.813
881.74	11.299
882.04	10.999
882.33	10.772
882.63	9.658
882.92	13.245
883.22	11.025
883.51	6.818
883.8	1.943
884.1	-1.102
884.39	-5.131
884.69	-7.536
884.98	-10.744
885.27	-13.281
885.57	-11.418
885.86	-14.502
886.15	-22.346
886.45	-29.135
886.74	-34.656
887.03	-37.856
887.33	-32.212
887.62	-34.854
887.91	-124.242
888.21	-333.333
888.5	-175
888.79	39.286
889.09	0
