190.56	312.500
190.94	312.500
191.32	312.500
191.70	470.833
192.08	906.667
192.46	311.298
192.84	340.576
193.22	458.545
193.60	683.425
193.98	655.208
194.36	607.907
194.74	656.158
195.13	1236.449
195.51	10433.333
195.89	-792.053
196.27	-566.667
196.65	-823.288
197.03	-769.753
197.40	-3457.500
197.78	-46400.000
198.16	-4384.375
198.54	-1430.851
198.92	-4345.455
199.30	-3702.632
199.68	-1913.333
200.06	-4278.125
200.44	-9513.333
200.82	-960.274
201.20	-1670.000
201.58	-797.297
201.96	-545.098
202.34	-499.533
202.72	-811.278
203.10	-441.892
203.48	-524.870
203.86	-378.210
204.24	-337.987
204.62	-289.103
205.00	-267.647
205.38	-194.664
205.76	-201.351
206.13	-239.225
206.51	-236.620
206.89	-164.897
207.27	-168.313
207.65	-160.229
208.03	-175.130
208.41	-218.750
208.79	-204.067
209.17	-255.021
209.55	-267.506
209.93	-314.322
210.30	-348.361
210.68	-408.039
211.06	-494.400
211.44	-477.132
211.82	-314.092
212.20	-269.157
212.58	-207.255
212.96	-292.248
213.33	-271.913
213.71	-299.246
214.09	-272.222
214.47	-273.333
214.85	-264.663
215.23	-270.629
215.61	-218.787
215.98	-322.423
216.36	-362.678
216.74	-354.930
217.12	-277.030
217.50	-296.107
217.88	-283.372
218.25	-258.522
218.63	-204.305
219.01	-188.991
219.39	-167.886
219.77	-191.248
220.14	-170.175
220.52	-141.419
220.90	-145.434
221.28	-132.350
221.66	-126.784
222.03	-115.588
222.41	-117.776
222.79	-107.474
223.17	-94.379
223.55	-90.418
223.92	-85.128
224.30	-77.653
224.68	-78.810
225.06	-65.283
225.43	-60.416
225.81	-52.328
226.19	-48.509
226.57	-38.716
226.95	-35.594
227.32	-29.014
227.70	-24.404
228.08	-21.782
228.46	-19.593
228.83	-18.515
229.21	-18.075
229.59	-16.262
229.96	-14.591
230.34	-12.836
230.72	-12.881
231.10	-13.479
231.47	-15.303
231.85	-16.588
232.23	-16.223
232.60	-16.194
232.98	-15.721
233.36	-16.928
233.74	-18.680
234.11	-19.028
234.49	-20.725
234.87	-20.432
235.24	-19.653
235.62	-18.723
236.00	-17.982
236.37	-17.732
236.75	-18.837
237.13	-19.207
237.50	-18.457
237.88	-18.439
238.26	-18.721
238.63	-17.253
239.01	-16.528
239.39	-15.860
239.76	-14.816
240.14	-14.117
240.52	-11.810
240.89	-9.891
241.27	-8.992
241.65	-8.756
242.02	-7.978
242.40	-7.567
242.77	-7.482
243.15	-7.117
243.53	-7.702
243.90	-6.921
244.28	-6.432
244.66	-7.354
245.03	-7.270
245.41	-6.834
245.78	-5.901
246.16	-5.482
246.54	-5.500
246.91	-5.168
247.29	-4.947
247.66	-4.325
248.04	-4.858
248.41	-4.873
248.79	-4.749
249.17	-5.090
249.54	-5.058
249.92	-5.694
250.29	-5.759
250.67	-5.600
251.04	-6.009
251.42	-6.525
251.80	-6.742
252.17	-6.227
252.55	-6.619
252.92	-6.860
253.30	-6.586
253.67	-6.925
254.05	-7.352
254.42	-7.554
254.80	-8.107
255.17	-8.076
255.55	-7.925
255.92	-7.333
256.30	-7.617
256.67	-7.098
257.05	-6.324
257.42	-6.087
257.80	-5.509
258.17	-4.456
258.55	-4.137
258.92	-3.395
259.30	-3.146
259.67	-2.850
260.05	-2.783
260.42	-2.744
260.80	-2.628
261.17	-2.601
261.55	-2.453
261.92	-2.766
262.30	-3.129
262.67	-3.355
263.05	-3.879
263.42	-4.095
263.79	-4.175
264.17	-4.645
264.54	-4.437
264.92	-4.717
265.29	-4.750
265.67	-4.795
266.04	-4.587
266.42	-4.210
266.79	-4.162
267.16	-4.192
267.54	-4.544
267.91	-4.729
268.29	-4.442
268.66	-4.102
269.03	-3.537
269.41	-3.396
269.78	-3.319
270.16	-3.019
270.53	-3.018
270.90	-3.017
271.28	-2.999
271.65	-2.594
272.03	-2.483
272.40	-2.159
272.77	-2.190
273.15	-2.496
273.52	-2.756
273.89	-2.661
274.27	-2.675
274.64	-2.536
275.01	-2.427
275.39	-2.177
275.76	-2.239
276.14	-2.413
276.51	-2.945
276.88	-2.849
277.26	-2.870
277.63	-2.629
278.00	-2.636
278.38	-2.801
278.75	-2.815
279.12	-2.811
279.49	-2.776
279.87	-2.373
280.24	-2.118
280.61	-1.603
280.99	-1.706
281.36	-1.313
281.73	-1.087
282.11	-0.941
282.48	-0.708
282.85	-0.781
283.22	-0.841
283.60	-0.798
283.97	-0.772
284.34	-0.726
284.71	-0.635
285.09	-0.552
285.46	-0.829
285.83	-0.987
286.21	-1.031
286.58	-1.162
286.95	-1.191
287.32	-0.995
287.70	-0.963
288.07	-1.158
288.44	-1.091
288.81	-1.419
289.18	-1.646
289.56	-1.523
289.93	-1.522
290.30	-1.500
290.67	-1.651
291.05	-1.636
291.42	-1.677
291.79	-1.542
292.16	-1.585
292.53	-1.650
292.91	-1.493
293.28	-1.358
293.65	-1.246
294.02	-1.130
294.39	-1.061
294.76	-0.857
295.14	-0.759
295.51	-0.626
295.88	-0.701
296.25	-0.596
296.62	-0.578
297.00	-0.554
297.37	-0.641
297.74	-0.802
298.11	-0.683
298.48	-0.658
298.85	-0.717
299.22	-0.703
299.60	-0.783
299.97	-0.917
300.34	-1.007
300.71	-0.897
301.08	-0.956
301.45	-0.671
301.82	-0.607
302.19	-0.946
302.56	-1.136
302.94	-1.134
303.31	-1.273
303.68	-1.256
304.05	-1.301
304.42	-1.254
304.79	-1.487
305.16	-1.560
305.53	-1.640
305.90	-1.429
306.27	-1.305
306.64	-1.195
307.02	-1.028
307.39	-1.022
307.76	-0.815
308.13	-0.653
308.50	-0.763
308.87	-0.632
309.24	-0.549
309.61	-0.455
309.98	-0.417
310.35	-0.311
310.72	-0.347
311.09	-0.535
311.46	-0.311
311.83	-0.485
312.20	-0.509
312.57	-0.252
312.94	-0.264
313.31	-0.347
313.68	-0.633
314.05	-0.814
314.42	-0.951
314.79	-1.003
315.16	-0.946
315.53	-0.957
315.90	-0.932
316.27	-0.939
316.64	-1.130
317.01	-1.366
317.38	-1.384
317.75	-1.218
318.12	-1.301
318.49	-1.229
318.86	-0.972
319.23	-0.824
319.60	-0.844
319.97	-1.120
320.34	-1.087
320.71	-1.033
321.08	-0.865
321.45	-0.833
321.82	-0.496
322.19	-0.317
322.55	-0.151
322.92	-0.117
323.29	0.002
323.66	0.031
324.03	0.402
324.40	0.505
324.77	0.682
325.14	0.949
325.51	1.147
325.88	1.083
326.25	1.170
326.61	1.187
326.98	1.091
327.35	1.166
327.72	1.379
328.09	1.459
328.46	1.332
328.83	1.398
329.20	1.429
329.56	1.466
329.93	1.600
330.30	1.888
330.67	2.106
331.04	2.289
331.41	2.484
331.78	2.464
332.14	2.660
332.51	3.025
332.88	3.180
333.25	3.315
333.62	3.426
333.99	3.665
334.35	3.657
334.72	3.655
335.09	3.881
335.46	4.096
335.83	4.465
336.19	4.413
336.56	4.633
336.93	4.968
337.30	5.349
337.67	5.575
338.03	5.649
338.40	5.874
338.77	6.093
339.14	6.270
339.50	6.497
339.87	6.626
340.24	6.888
340.61	7.052
340.97	7.085
341.34	7.018
341.71	7.236
342.08	7.238
342.44	7.400
342.81	7.619
343.18	7.772
343.55	7.813
343.91	7.846
344.28	8.071
344.65	8.048
345.02	8.198
345.38	8.190
345.75	8.356
346.12	8.542
346.48	8.736
346.85	8.774
347.22	8.832
347.59	8.852
347.95	8.918
348.32	8.958
348.69	9.075
349.05	9.087
349.42	9.239
349.79	9.190
350.15	9.172
350.52	9.082
350.89	9.168
351.25	9.409
351.62	9.377
351.99	9.521
352.35	9.364
352.72	9.518
353.09	9.564
353.45	9.697
353.82	9.862
354.18	10.006
354.55	10.114
354.92	10.161
355.28	10.110
355.65	10.261
356.02	10.353
356.38	10.451
356.75	10.334
357.11	10.322
357.48	10.230
357.85	10.206
358.21	10.241
358.58	10.193
358.94	10.252
359.31	10.279
359.67	10.301
360.04	10.230
360.41	10.316
360.77	10.435
361.14	10.426
361.50	10.540
361.87	10.548
362.23	10.468
362.60	10.569
362.97	10.568
363.33	10.461
363.70	10.411
364.06	10.374
364.43	10.388
364.79	10.342
365.16	10.384
365.52	10.227
365.89	10.272
366.25	10.383
366.62	10.306
366.98	10.389
367.35	10.517
367.71	10.529
368.08	10.627
368.44	10.552
368.81	10.602
369.17	10.505
369.54	10.670
369.90	10.671
370.27	10.673
370.63	10.752
371.00	10.689
371.36	10.677
371.73	10.681
372.09	10.634
372.45	10.704
372.82	10.787
373.18	10.949
373.55	11.104
373.91	11.177
374.28	11.208
374.64	11.204
375.01	11.344
375.37	11.429
375.73	11.533
376.10	11.586
376.46	11.682
376.83	11.642
377.19	11.696
377.55	11.586
377.92	11.563
378.28	11.652
378.65	11.733
379.01	11.706
379.37	11.674
379.74	11.697
380.10	11.760
380.47	11.686
380.83	11.669
381.19	11.853
381.56	11.989
381.92	12.122
382.28	12.114
382.65	11.992
383.01	12.061
383.37	12.280
383.74	12.421
384.10	12.507
384.46	12.605
384.83	12.805
385.19	12.782
385.55	12.729
385.92	12.796
386.28	12.818
386.64	13.005
387.01	12.943
387.37	12.886
387.73	12.916
388.10	12.957
388.46	12.944
388.82	12.948
389.18	12.843
389.55	12.935
389.91	12.886
390.27	12.995
390.64	13.101
391.00	13.193
391.36	13.229
391.72	13.127
392.09	13.114
392.45	13.196
392.81	13.193
393.17	13.406
393.54	13.470
393.90	13.543
394.26	13.525
394.62	13.526
394.99	13.525
395.35	13.607
395.71	13.758
396.07	13.843
396.43	13.907
396.80	13.998
397.16	13.937
397.52	13.972
397.88	14.021
398.24	14.143
398.61	14.099
398.97	14.162
399.33	14.094
399.69	13.995
400.05	14.066
400.42	14.122
400.78	14.063
401.14	14.062
401.50	14.144
401.86	14.136
402.22	14.093
402.59	14.170
402.95	14.284
403.31	14.370
403.67	14.508
404.03	14.571
404.39	14.624
404.75	14.684
405.12	14.797
405.48	14.792
405.84	14.833
406.20	14.923
406.56	14.934
406.92	14.876
407.28	14.860
407.64	14.809
408.00	14.790
408.36	14.807
408.73	14.778
409.09	14.636
409.45	14.607
409.81	14.548
410.17	14.481
410.53	14.552
410.89	14.631
411.25	14.733
411.61	14.856
411.97	14.862
412.33	14.894
412.69	14.970
413.05	15.054
413.41	15.061
413.77	15.184
414.13	15.232
414.50	15.237
414.86	15.244
415.22	15.261
415.58	15.221
415.94	15.234
416.30	15.136
416.66	15.230
417.02	15.361
417.38	15.456
417.74	15.471
418.10	15.537
418.46	15.593
418.82	15.692
419.18	15.726
419.54	15.819
419.90	15.886
420.26	15.968
420.61	15.964
420.97	15.957
421.33	15.999
421.69	16.062
422.05	16.114
422.41	16.155
422.77	16.136
423.13	16.127
423.49	16.116
423.85	16.147
424.21	16.155
424.57	16.258
424.93	16.335
425.29	16.352
425.65	16.333
426.01	16.332
426.36	16.398
426.72	16.412
427.08	16.462
427.44	16.520
427.80	16.546
428.16	16.615
428.52	16.606
428.88	16.538
429.24	16.575
429.59	16.617
429.95	16.680
430.31	16.610
430.67	16.658
431.03	16.772
431.39	16.876
431.75	17.019
432.10	17.106
432.46	17.074
432.82	17.166
433.18	17.135
433.54	17.204
433.90	17.323
434.25	17.385
434.61	17.434
434.97	17.476
435.33	17.503
435.69	17.434
436.04	17.430
436.40	17.532
436.76	17.621
437.12	17.722
437.48	17.781
437.83	17.800
438.19	17.994
438.55	18.121
438.91	18.119
439.27	18.107
439.62	18.179
439.98	18.252
440.34	18.306
440.70	18.337
441.05	18.435
441.41	18.518
441.77	18.554
442.13	18.438
442.48	18.435
442.84	18.520
443.20	18.595
443.56	18.661
443.91	18.741
444.27	18.879
444.63	18.981
444.98	19.038
445.34	19.085
445.70	19.145
446.05	19.294
446.41	19.386
446.77	19.414
447.13	19.458
447.48	19.532
447.84	19.567
448.20	19.520
448.55	19.549
448.91	19.562
449.27	19.633
449.62	19.631
449.98	19.640
450.34	19.697
450.69	19.712
451.05	19.838
451.40	19.896
451.76	19.878
452.12	19.917
452.47	19.956
452.83	19.998
453.19	19.996
453.54	20.071
453.90	20.160
454.25	20.172
454.61	20.227
454.97	20.215
455.32	20.224
455.68	20.357
456.03	20.496
456.39	20.563
456.75	20.608
457.10	20.642
457.46	20.722
457.81	20.736
458.17	20.717
458.52	20.734
458.88	20.758
459.24	20.787
459.59	20.804
459.95	20.782
460.30	20.792
460.66	20.771
461.01	20.833
461.37	20.837
461.72	20.900
462.08	20.976
462.43	21.025
462.79	21.052
463.14	21.027
463.50	20.971
463.85	21.056
464.21	21.112
464.56	21.229
464.92	21.220
465.27	21.236
465.63	21.264
465.98	21.302
466.34	21.381
466.69	21.447
467.05	21.508
467.40	21.610
467.76	21.576
468.11	21.546
468.47	21.526
468.82	21.587
469.18	21.607
469.53	21.598
469.88	21.645
470.24	21.611
470.59	21.588
470.95	21.608
471.30	21.609
471.66	21.635
472.01	21.692
472.36	21.741
472.72	21.813
473.07	21.900
473.43	21.897
473.78	21.860
474.13	21.955
474.49	22.018
474.84	21.993
475.19	22.120
475.55	22.172
475.90	22.209
476.26	22.211
476.61	22.161
476.96	22.078
477.32	22.067
477.67	22.104
478.02	22.089
478.38	22.045
478.73	22.140
479.08	22.110
479.44	22.163
479.79	22.207
480.14	22.224
480.50	22.224
480.85	22.360
481.20	22.492
481.56	22.663
481.91	22.688
482.26	22.792
482.62	22.831
482.97	22.833
483.32	22.793
483.67	22.765
484.03	22.786
484.38	22.823
484.73	22.792
485.08	22.764
485.44	22.703
485.79	22.741
486.14	22.686
486.49	22.718
486.85	22.706
487.20	22.768
487.55	22.836
487.90	22.817
488.26	22.809
488.61	22.851
488.96	22.861
489.31	22.905
489.67	22.888
490.02	22.917
490.37	22.875
490.72	22.929
491.07	22.866
491.43	22.796
491.78	22.849
492.13	22.856
492.48	22.815
492.83	22.798
493.19	22.767
493.54	22.768
493.89	22.801
494.24	22.788
494.59	22.815
494.94	22.878
495.29	22.955
495.65	22.974
496.00	23.051
496.35	23.069
496.70	23.104
497.05	23.110
497.40	23.184
497.75	23.145
498.11	23.184
498.46	23.190
498.81	23.275
499.16	23.345
499.51	23.375
499.86	23.344
500.21	23.365
500.56	23.425
500.91	23.403
501.26	23.356
501.62	23.418
501.97	23.365
502.32	23.443
502.67	23.391
503.02	23.353
503.37	23.373
503.72	23.343
504.07	23.378
504.42	23.397
504.77	23.451
505.12	23.475
505.47	23.474
505.82	23.559
506.17	23.494
506.52	23.532
506.87	23.582
507.22	23.604
507.57	23.617
507.92	23.656
508.27	23.712
508.62	23.694
508.97	23.693
509.32	23.747
509.67	23.745
510.02	23.780
510.37	23.806
510.72	23.791
511.07	23.777
511.42	23.870
511.77	23.890
512.12	23.800
512.47	23.852
512.82	23.889
513.17	23.875
513.52	23.860
513.87	23.792
514.22	23.748
514.57	23.775
514.91	23.754
515.26	23.737
515.61	23.737
515.96	23.773
516.31	23.765
516.66	23.750
517.01	23.763
517.36	23.749
517.71	23.835
518.06	23.839
518.41	23.846
518.75	23.875
519.10	23.862
519.45	23.838
519.80	23.875
520.15	23.916
520.50	23.856
520.85	23.833
521.19	23.836
521.54	23.840
521.89	23.876
522.24	23.855
522.59	23.864
522.94	23.860
523.28	23.871
523.63	23.838
523.98	23.802
524.33	23.857
524.68	23.797
525.03	23.777
525.37	23.729
525.72	23.763
526.07	23.821
526.42	23.825
526.76	23.901
527.11	23.913
527.46	23.942
527.81	23.946
528.16	23.923
528.50	23.938
528.85	23.961
529.20	23.944
529.55	23.903
529.89	23.814
530.24	23.779
530.59	23.675
530.94	23.640
531.28	23.577
531.63	23.522
531.98	23.527
532.32	23.515
532.67	23.460
533.02	23.462
533.37	23.432
533.71	23.481
534.06	23.441
534.41	23.461
534.75	23.445
535.10	23.459
535.45	23.467
535.79	23.452
536.14	23.462
536.49	23.506
536.83	23.490
537.18	23.516
537.53	23.487
537.87	23.557
538.22	23.563
538.57	23.608
538.91	23.612
539.26	23.617
539.61	23.644
539.95	23.612
540.30	23.591
540.64	23.651
540.99	23.674
541.34	23.696
541.68	23.646
542.03	23.647
542.37	23.629
542.72	23.644
543.07	23.646
543.41	23.667
543.76	23.723
544.10	23.739
544.45	23.702
544.80	23.723
545.14	23.725
545.49	23.811
545.83	23.785
546.18	23.803
546.52	23.764
546.87	23.698
547.21	23.680
547.56	23.661
547.90	23.706
548.25	23.738
548.59	23.732
548.94	23.722
549.29	23.766
549.63	23.816
549.98	23.853
550.32	23.890
550.67	23.927
551.01	23.992
551.35	23.969
551.70	23.961
552.04	23.950
552.39	23.929
552.73	23.922
553.08	23.872
553.42	23.927
553.77	23.924
554.11	23.930
554.46	24.020
554.80	23.955
555.15	24.007
555.49	24.004
555.83	24.069
556.18	24.126
556.52	24.152
556.87	24.201
557.21	24.168
557.56	24.166
557.90	24.143
558.24	24.115
558.59	24.135
558.93	24.230
559.28	24.254
559.62	24.227
559.96	24.240
560.31	24.221
560.65	24.236
560.99	24.296
561.34	24.319
561.68	24.433
562.02	24.510
562.37	24.464
562.71	24.414
563.06	24.420
563.40	24.424
563.74	24.392
564.09	24.450
564.43	24.426
564.77	24.401
565.11	24.375
565.46	24.297
565.80	24.281
566.14	24.319
566.49	24.361
566.83	24.415
567.17	24.380
567.52	24.452
567.86	24.402
568.20	24.405
568.54	24.427
568.89	24.556
569.23	24.596
569.57	24.587
569.91	24.684
570.26	24.690
570.60	24.631
570.94	24.725
571.28	24.600
571.63	24.674
571.97	24.647
572.31	24.666
572.65	24.624
573.00	24.622
573.34	24.625
573.68	24.551
574.02	24.455
574.36	24.512
574.71	24.494
575.05	24.576
575.39	24.563
575.73	24.593
576.07	24.557
576.42	24.487
576.76	24.569
577.10	24.631
577.44	24.650
577.78	24.728
578.12	24.709
578.46	24.711
578.81	24.720
579.15	24.777
579.49	24.769
579.83	24.787
580.17	24.853
580.51	24.786
580.85	24.780
581.20	24.863
581.54	25.000
581.88	25.011
582.22	24.972
582.56	25.063
582.90	25.045
583.24	25.116
583.58	25.120
583.92	25.129
584.26	25.207
584.60	25.242
584.95	25.266
585.29	25.202
585.63	25.288
585.97	25.354
586.31	25.426
586.65	25.543
586.99	25.622
587.33	25.658
587.67	25.796
588.01	25.857
588.35	25.954
588.69	26.107
589.03	26.160
589.37	26.293
589.71	26.332
590.05	26.391
590.39	26.428
590.73	26.583
591.07	26.748
591.41	26.808
591.75	26.890
592.09	27.071
592.43	27.146
592.77	27.376
593.11	27.443
593.45	27.568
593.79	27.594
594.13	27.679
594.47	27.662
594.81	27.764
595.14	27.833
595.48	27.978
595.82	28.006
596.16	28.017
596.50	28.043
596.84	28.099
597.18	28.254
597.52	28.342
597.86	28.487
598.20	28.625
598.54	28.801
598.87	28.981
599.21	28.996
599.55	29.059
599.89	29.135
600.23	29.282
600.57	29.383
600.91	29.366
601.25	29.523
601.58	29.568
601.92	29.638
602.26	29.655
602.60	29.690
602.94	29.874
603.28	29.993
603.61	30.127
603.95	30.168
604.29	30.232
604.63	30.324
604.97	30.392
605.30	30.505
605.64	30.600
605.98	30.652
606.32	30.758
606.66	30.765
606.99	30.862
607.33	30.938
607.67	31.036
608.01	31.191
608.34	31.372
608.68	31.472
609.02	31.543
609.36	31.547
609.69	31.530
610.03	31.392
610.37	31.393
610.71	31.388
611.04	31.424
611.38	31.415
611.72	31.348
612.06	31.453
612.39	31.492
612.73	31.557
613.07	31.713
613.40	31.880
613.74	32.182
614.08	32.308
614.41	32.414
614.75	32.422
615.09	32.485
615.42	32.650
615.76	32.604
616.10	32.683
616.43	32.719
616.77	32.867
617.11	32.940
617.44	33.015
617.78	33.022
618.12	33.109
618.45	33.164
618.79	33.323
619.13	33.281
619.46	33.258
619.80	33.250
620.13	33.233
620.47	33.135
620.81	33.210
621.14	33.261
621.48	33.367
621.81	33.366
622.15	33.464
622.48	33.315
622.82	33.350
623.16	33.486
623.49	33.522
623.83	33.716
624.16	33.704
624.50	33.718
624.83	33.638
625.17	33.717
625.50	33.757
625.84	33.798
626.18	33.945
626.51	33.925
626.85	33.880
627.18	33.846
627.52	33.708
627.85	33.713
628.19	33.764
628.52	33.745
628.86	33.626
629.19	33.592
629.53	33.567
629.86	33.512
630.19	33.564
630.53	33.585
630.86	33.584
631.20	33.608
631.53	33.677
631.87	33.610
632.20	33.641
632.54	33.762
632.87	33.658
633.20	33.763
633.54	33.876
633.87	33.893
634.21	33.849
634.54	33.949
634.88	33.832
635.21	33.907
635.54	33.898
635.88	33.850
636.21	33.841
636.55	33.904
636.88	33.647
637.21	33.421
637.55	33.531
637.88	33.577
638.21	33.574
638.55	33.694
638.88	33.674
639.21	33.653
639.55	33.716
639.88	33.802
640.21	33.916
640.55	33.990
640.88	34.248
641.21	34.199
641.55	34.214
641.88	34.072
642.21	34.210
642.55	34.053
642.88	34.167
643.21	34.179
643.55	33.984
643.88	34.040
644.21	34.167
644.54	34.104
644.88	34.095
645.21	34.129
645.54	34.294
645.87	34.222
646.21	34.342
646.54	34.213
646.87	34.457
647.20	34.443
647.54	34.253
647.87	34.262
648.20	34.131
648.53	34.055
648.87	33.908
649.20	33.853
649.53	33.730
649.86	33.756
650.19	33.948
650.53	33.772
650.86	33.883
651.19	33.944
651.52	33.811
651.85	33.877
652.18	33.918
652.52	34.072
652.85	34.127
653.18	34.210
653.51	34.168
653.84	33.916
654.17	33.779
654.51	33.735
654.84	33.756
655.17	33.917
655.50	33.973
655.83	34.067
656.16	33.914
656.49	33.891
656.82	33.783
657.15	33.805
657.49	33.907
657.82	34.019
658.15	34.024
658.48	34.113
658.81	34.059
659.14	34.118
659.47	34.109
659.80	34.169
660.13	34.183
660.46	34.340
660.79	34.443
661.12	34.465
661.45	34.482
661.78	34.537
662.11	34.433
662.44	34.536
662.77	34.520
663.10	34.498
663.43	34.598
663.76	34.476
664.09	34.219
664.42	34.105
664.75	33.975
665.08	33.811
665.41	33.774
665.74	33.598
666.07	33.502
666.40	33.331
666.73	33.108
667.06	33.108
667.39	33.307
667.72	33.368
668.05	33.510
668.38	33.641
668.71	33.582
669.04	33.538
669.37	33.672
669.70	33.487
670.03	33.412
670.36	33.496
670.69	33.235
671.01	32.943
671.34	32.923
671.67	32.531
672.00	32.335
672.33	32.506
672.66	32.768
672.99	32.614
673.32	32.647
673.64	32.614
673.97	32.544
674.30	32.561
674.63	32.519
674.96	32.447
675.29	32.312
675.62	32.058
675.94	32.068
676.27	31.594
676.60	31.834
676.93	31.800
677.26	31.939
677.58	32.135
677.91	32.129
678.24	32.162
678.57	32.156
678.90	32.044
679.22	32.245
679.55	31.983
679.88	31.967
680.21	31.539
680.54	31.326
680.86	31.106
681.19	30.831
681.52	30.827
681.85	30.757
682.17	30.710
682.50	30.813
682.83	30.835
683.16	30.785
683.48	30.694
683.81	30.690
684.14	31.020
684.46	30.925
684.79	30.822
685.12	30.556
685.45	30.453
685.77	30.292
686.10	30.329
686.43	29.858
686.75	29.750
687.08	29.553
687.41	29.589
687.73	29.256
688.06	29.176
688.39	29.042
688.71	29.129
689.04	28.820
689.36	28.711
689.69	28.356
690.02	28.460
690.34	28.335
690.67	28.557
691.00	28.518
691.32	28.153
691.65	27.915
691.97	27.929
692.30	27.812
692.63	27.858
692.95	27.895
693.28	27.987
693.60	27.976
693.93	27.870
694.26	27.474
694.58	27.026
694.91	27.058
695.23	27.042
695.56	27.023
695.88	26.528
696.21	26.597
696.53	26.345
696.86	26.080
697.18	25.723
697.51	25.646
697.83	25.685
698.16	25.610
698.48	25.386
698.81	25.277
699.13	24.922
699.46	24.877
699.78	24.630
700.11	24.393
700.43	24.125
700.76	23.815
701.08	23.505
701.41	23.193
701.73	22.956
702.06	22.714
702.38	22.466
702.71	22.429
703.03	22.421
703.35	21.904
703.68	21.716
704.00	21.542
704.33	21.494
704.65	21.050
704.98	20.425
705.30	20.241
705.62	20.115
705.95	20.165
706.27	19.762
706.60	19.801
706.92	20.091
707.24	19.641
707.57	19.727
707.89	19.603
708.21	20.112
708.54	20.170
708.86	19.949
709.18	19.832
709.51	18.959
709.83	18.730
710.15	18.307
710.48	17.745
710.80	17.904
711.12	17.531
711.45	17.288
711.77	16.760
712.09	16.818
712.42	16.766
712.74	16.488
713.06	16.455
713.38	16.301
713.71	16.196
714.03	16.172
714.35	16.034
714.68	15.813
715.00	15.845
715.32	15.730
715.64	15.475
715.97	15.059
716.29	14.713
716.61	14.993
716.93	14.521
717.25	13.862
717.58	13.523
717.90	13.537
718.22	13.131
718.54	12.867
718.87	12.607
719.19	12.343
719.51	12.216
719.83	11.875
720.15	11.309
720.47	11.697
720.80	11.674
721.12	11.442
721.44	10.893
721.76	10.700
722.08	9.828
722.40	9.027
722.73	8.462
723.05	8.238
723.37	7.805
723.69	7.436
724.01	6.782
724.33	6.697
724.65	6.428
724.97	5.958
725.30	5.790
725.62	6.487
725.94	6.946
726.26	6.855
726.58	6.655
726.90	6.687
727.22	6.572
727.54	5.967
727.86	5.836
728.18	5.876
728.50	5.177
728.82	4.947
729.14	3.978
729.46	3.247
729.78	3.103
730.10	2.966
730.42	2.501
730.74	2.673
731.07	2.933
731.39	2.404
731.71	2.358
732.03	2.173
732.35	1.994
732.66	2.160
732.98	1.890
733.30	1.808
733.62	2.517
733.94	2.943
734.26	2.386
734.58	1.854
734.90	1.622
735.22	1.261
735.54	1.790
735.86	1.943
736.18	1.246
736.50	1.014
736.82	0.449
737.14	-0.878
737.46	-0.563
737.78	-0.479
738.10	-0.031
738.41	-0.437
738.73	-0.916
739.05	-1.733
739.37	-1.719
739.69	-1.279
740.01	-0.993
740.33	-0.975
740.65	-1.606
740.96	-2.602
741.28	-3.165
741.60	-3.398
741.92	-3.655
742.24	-4.058
742.56	-3.586
742.88	-4.398
743.19	-5.515
743.51	-5.499
743.83	-5.871
744.15	-4.689
744.47	-4.857
744.78	-5.205
745.10	-7.078
745.42	-6.720
745.74	-6.687
746.06	-6.737
746.37	-6.736
746.69	-5.505
747.01	-5.687
747.33	-6.640
747.64	-7.592
747.96	-7.310
748.28	-6.701
748.60	-5.082
748.91	-5.560
749.23	-4.994
749.55	-5.763
749.87	-6.695
750.18	-7.676
750.50	-7.782
750.82	-6.550
751.13	-7.075
751.45	-7.193
751.77	-8.046
752.08	-8.071
752.40	-7.948
752.72	-7.685
753.03	-6.579
753.35	-5.314
753.67	-5.064
753.98	-5.725
754.30	-6.893
754.62	-6.234
754.93	-6.198
755.25	-6.491
755.57	-6.708
755.88	-6.850
756.20	-8.066
756.51	-9.641
756.83	-10.713
757.15	-10.714
757.46	-10.921
757.78	-10.280
758.09	-10.853
758.41	-12.314
758.73	-11.566
759.04	-11.738
759.36	-12.358
759.67	-12.246
759.99	-11.659
760.30	-10.755
760.62	-10.797
760.94	-10.101
761.25	-10.511
761.57	-9.777
761.88	-8.206
762.20	-8.052
762.51	-7.752
762.83	-6.237
763.14	-5.667
763.46	-5.308
763.77	-5.771
764.09	-6.145
764.40	-6.561
764.72	-5.771
765.03	-6.655
765.35	-7.158
765.66	-7.178
765.98	-7.625
766.29	-8.628
766.61	-9.159
766.92	-10.156
767.23	-10.874
767.55	-11.060
767.86	-11.173
768.18	-12.395
768.49	-12.013
768.81	-11.400
769.12	-12.790
769.43	-14.085
769.75	-15.296
770.06	-16.787
770.38	-17.894
770.69	-17.891
771.00	-17.960
771.32	-18.754
771.63	-20.148
771.94	-20.862
772.26	-22.208
772.57	-22.764
772.89	-22.540
773.20	-21.086
773.51	-21.247
773.83	-20.178
774.14	-19.873
774.45	-20.674
774.77	-20.539
775.08	-18.985
775.39	-19.400
775.70	-19.089
776.02	-17.131
776.33	-17.852
776.64	-18.731
776.96	-18.621
777.27	-18.831
777.58	-19.187
777.89	-19.692
778.21	-20.074
778.52	-20.057
778.83	-19.638
779.14	-20.525
779.46	-21.265
779.77	-20.946
780.08	-21.438
780.39	-21.598
780.71	-22.837
781.02	-24.455
781.33	-23.422
781.64	-24.980
781.95	-26.860
782.27	-28.145
782.58	-29.454
782.89	-31.816
783.20	-32.364
783.51	-33.073
783.83	-33.927
784.14	-33.015
784.45	-32.232
784.76	-32.853
785.07	-31.166
785.38	-30.990
785.70	-29.682
786.01	-29.138
786.32	-27.590
786.63	-26.058
786.94	-24.822
787.25	-23.705
787.56	-22.579
787.87	-20.694
788.18	-21.439
788.50	-20.274
788.81	-19.906
789.12	-18.261
789.43	-18.363
789.74	-19.185
790.05	-20.314
790.36	-21.153
790.67	-20.751
790.98	-22.118
791.29	-22.747
791.60	-21.930
791.91	-25.252
792.22	-26.651
792.53	-29.015
792.84	-28.152
793.15	-28.367
793.46	-29.804
793.77	-31.241
794.08	-34.631
794.39	-36.205
794.70	-37.709
795.01	-38.974
795.32	-34.813
795.63	-33.900
795.94	-35.014
796.25	-34.222
796.56	-32.927
796.87	-31.824
797.18	-29.619
797.49	-28.219
797.80	-27.694
798.11	-28.082
798.42	-26.429
798.73	-27.334
799.04	-28.173
799.35	-27.184
799.65	-28.857
799.96	-29.014
800.27	-28.400
800.58	-30.544
800.89	-29.650
801.20	-28.930
801.51	-29.512
801.82	-31.033
802.13	-32.789
802.43	-33.279
802.74	-34.164
803.05	-34.528
803.36	-33.996
803.67	-32.305
803.98	-28.804
804.28	-30.974
804.59	-31.097
804.90	-31.940
805.21	-32.795
805.52	-33.815
805.83	-35.576
806.13	-35.478
806.44	-33.145
806.75	-36.273
807.06	-37.927
807.36	-46.006
807.67	-42.405
807.98	-45.487
808.29	-43.692
808.60	-43.724
808.90	-42.300
809.21	-40.290
809.52	-38.740
809.83	-40.904
810.13	-39.988
810.44	-42.144
810.75	-37.574
811.05	-40.659
811.36	-41.064
811.67	-43.189
811.98	-45.130
812.28	-45.165
812.59	-44.791
812.90	-50.812
813.20	-50.344
813.51	-49.458
813.82	-47.592
814.12	-45.713
814.43	-43.326
814.74	-43.658
815.04	-44.181
815.35	-44.070
815.65	-44.378
815.96	-45.172
816.27	-40.250
816.57	-39.640
816.88	-40.633
817.19	-44.391
817.49	-43.895
817.80	-45.567
818.10	-42.467
818.41	-40.176
818.72	-37.716
819.02	-39.172
819.33	-36.889
819.63	-36.159
819.94	-34.735
820.24	-32.534
820.55	-26.732
820.85	-22.476
821.16	-17.687
821.47	-15.274
821.77	-12.891
822.08	-11.592
822.38	-11.115
822.69	-10.513
822.99	-10.158
823.30	-10.122
823.60	-9.021
823.91	-8.826
824.21	-9.687
824.52	-11.204
824.82	-12.335
825.13	-14.663
825.43	-16.124
825.73	-16.054
826.04	-17.188
826.34	-16.697
826.65	-16.880
826.95	-18.148
827.26	-18.026
827.56	-17.724
827.87	-16.506
828.17	-15.470
828.47	-13.525
828.78	-15.000
829.08	-15.907
829.39	-16.806
829.69	-19.480
829.99	-20.812
830.30	-23.117
830.60	-24.857
830.90	-25.849
831.21	-29.750
831.51	-32.985
831.82	-36.938
832.12	-34.614
832.42	-32.427
832.73	-29.887
833.03	-29.155
833.33	-28.910
833.64	-28.632
833.94	-30.344
834.24	-29.883
834.54	-29.451
834.85	-28.079
835.15	-28.819
835.45	-29.581
835.76	-31.481
836.06	-35.294
836.36	-38.519
836.66	-37.622
836.97	-40.536
837.27	-40.650
837.57	-46.160
837.87	-48.992
838.18	-60.515
838.48	-65.163
838.78	-65.779
839.08	-68.415
839.39	-68.536
839.69	-68.901
839.99	-70.486
840.29	-70.680
840.59	-69.488
840.90	-71.699
841.20	-68.538
841.50	-67.452
841.80	-63.658
842.10	-65.622
842.41	-68.086
842.71	-66.472
843.01	-64.459
843.31	-72.843
843.61	-72.722
843.91	-75.970
844.21	-75.141
844.52	-80.576
844.82	-73.377
845.12	-78.125
845.42	-79.510
845.72	-85.797
846.02	-89.350
846.32	-91.660
846.62	-88.054
846.92	-98.274
847.22	-114.336
847.52	-109.312
847.83	-109.720
848.13	-109.036
848.43	-94.984
848.73	-98.923
849.03	-89.495
849.33	-89.266
849.63	-87.901
849.93	-90.361
850.23	-89.416
850.53	-86.029
850.83	-96.546
851.13	-84.202
851.43	-88.498
851.73	-98.137
852.03	-98.713
852.33	-112.463
852.63	-111.702
852.93	-115.172
853.23	-116.245
853.53	-115.190
853.83	-117.265
854.13	-105.442
854.43	-125.918
854.73	-141.425
855.03	-156.404
855.32	-146.898
855.62	-141.184
855.92	-144.778
856.22	-144.922
856.52	-147.709
856.82	-143.508
857.12	-138.595
857.42	-160.787
857.72	-176.625
858.02	-178.153
858.31	-156.043
858.61	-149.232
858.91	-151.285
859.21	-170.617
859.51	-182.323
859.81	-197.034
860.11	-201.433
860.40	-195.729
860.70	-180.654
861.00	-166.915
861.30	-162.833
861.60	-203.851
861.90	-211.538
862.19	-191.293
862.49	-153.201
862.79	-161.870
863.09	-142.905
863.39	-140.798
863.68	-136.159
863.98	-136.985
864.28	-131.952
864.58	-125.796
864.87	-119.223
865.17	-116.920
865.47	-120.256
865.77	-146.520
866.06	-132.770
866.36	-125.247
866.66	-112.099
866.96	-125.263
867.25	-129.405
867.55	-134.981
867.85	-128.114
868.14	-120.534
868.44	-134.676
868.74	-142.472
869.03	-132.468
869.33	-143.948
869.63	-177.957
869.92	-221.178
870.22	-189.891
870.52	-161.728
870.81	-157.743
871.11	-181.818
871.41	-201.320
871.70	-191.027
872.00	-193.123
872.30	-198.233
872.59	-162.420
872.89	-154.511
873.18	-157.494
873.48	-179.383
873.78	-212.112
874.07	-228.525
874.37	-185.571
874.66	-167.632
874.96	-166.401
875.25	-176.397
875.55	-178.818
875.85	-219.765
876.14	-215.928
876.44	-225.394
876.73	-202.997
877.03	-179.910
877.32	-173.684
877.62	-179.755
877.91	-145.265
878.21	-155.733
878.50	-153.869
878.80	-160.210
879.09	-156.024
879.39	-153.531
879.68	-141.138
879.98	-153.683
880.27	-132.648
880.57	-104.947
880.86	-96.144
881.16	-91.867
881.45	-73.184
881.74	-62.423
882.04	-50.914
882.33	-45.368
882.63	-41.532
882.92	-38.455
883.22	-35.802
883.51	-37.226
883.80	-37.703
884.10	-36.113
884.39	-36.862
884.69	-40.640
884.98	-43.073
885.27	-46.798
885.57	-50.966
885.86	-56.153
886.15	-66.324
886.45	-73.075
886.74	-77.210
887.03	-90.248
887.33	-108.080
887.62	-111.964
887.91	-80.303
888.21	-102.985
888.50	-223.333
888.79	-208.696
889.09	-70.455
