190.56	-85.714
190.94	-85.714
191.32	-85.714
191.70	146.667
192.08	180.000
192.46	-76.923
192.84	188.889
193.22	61.818
193.60	-0.000
193.98	66.867
194.36	83.333
194.74	105.357
195.13	127.820
195.51	164.444
195.89	117.978
196.27	71.471
196.65	93.425
197.03	106.034
197.40	145.357
197.78	155.939
198.16	231.410
198.54	4600.000
198.92	-2314.286
199.30	-148.276
199.68	-22.772
200.06	-9.179
200.44	-6.383
200.82	8.211
201.20	13.776
201.58	20.130
201.96	20.889
202.34	24.494
202.72	32.389
203.10	44.657
203.48	50.362
203.86	34.828
204.24	45.102
204.62	36.232
205.00	40.000
205.38	40.419
205.76	35.714
206.13	22.847
206.51	23.654
206.89	31.061
207.27	-0.481
207.65	-0.464
208.03	6.504
208.41	8.564
208.79	-12.610
209.17	-11.376
209.55	-9.295
209.93	18.831
210.30	17.784
210.68	0.901
211.06	-28.750
211.44	-2.920
211.82	-3.145
212.20	-5.860
212.58	-11.853
212.96	-1.266
213.33	-8.621
213.71	-0.307
214.09	-14.245
214.47	-19.130
214.85	1.711
215.23	-1.157
215.61	2.294
215.98	-3.318
216.36	10.962
216.74	6.325
217.12	9.480
217.50	20.663
217.88	10.000
218.25	15.605
218.63	24.030
219.01	15.144
219.39	14.154
219.77	4.617
220.14	5.568
220.52	-9.264
220.90	-12.045
221.28	-13.857
221.66	-15.939
222.03	-9.265
222.41	-5.618
222.79	-7.212
223.17	-1.008
223.55	1.259
223.92	9.631
224.30	12.822
224.68	13.685
225.06	17.310
225.43	13.712
225.81	14.589
226.19	14.479
226.57	12.075
226.95	9.701
227.32	7.653
227.70	7.567
228.08	5.574
228.46	4.576
228.83	5.337
229.21	4.500
229.59	4.535
229.96	3.706
230.34	3.247
230.72	2.946
231.10	3.450
231.47	2.530
231.85	2.608
232.23	3.123
232.60	3.367
232.98	3.064
233.36	2.718
233.74	3.646
234.11	2.732
234.49	2.622
234.87	2.526
235.24	1.091
235.62	2.710
236.00	2.139
236.37	1.783
236.75	1.340
237.13	1.442
237.50	1.574
237.88	1.885
238.26	1.415
238.63	1.434
239.01	1.313
239.39	2.413
239.76	1.653
240.14	1.485
240.52	2.666
240.89	2.714
241.27	3.533
241.65	3.720
242.02	4.017
242.40	4.337
242.77	4.411
243.15	4.327
243.53	4.218
243.90	3.806
244.28	3.542
244.66	2.831
245.03	2.518
245.41	1.746
245.78	1.458
246.16	1.105
246.54	1.131
246.91	1.164
247.29	1.239
247.66	1.179
248.04	1.668
248.41	1.640
248.79	1.949
249.17	2.351
249.54	2.346
249.92	2.321
250.29	2.519
250.67	2.405
251.04	2.031
251.42	2.207
251.80	2.151
252.17	1.891
252.55	1.926
252.92	1.706
253.30	1.327
253.67	0.888
254.05	0.676
254.42	0.152
254.80	0.658
255.17	0.529
255.55	0.351
255.92	0.600
256.30	0.828
256.67	0.650
257.05	0.332
257.42	0.467
257.80	0.710
258.17	0.883
258.55	0.570
258.92	0.441
259.30	0.726
259.67	0.777
260.05	0.943
260.42	0.794
260.80	0.943
261.17	1.034
261.55	1.011
261.92	0.857
262.30	0.738
262.67	1.100
263.05	1.097
263.42	0.868
263.79	0.701
264.17	0.671
264.54	0.886
264.92	0.860
265.29	0.913
265.67	1.026
266.04	1.411
266.42	1.626
266.79	1.433
267.16	1.113
267.54	1.103
267.91	0.785
268.29	0.291
268.66	-0.102
269.03	0.093
269.41	-0.149
269.78	0.003
270.16	-0.145
270.53	-0.034
270.90	0.042
271.28	0.250
271.65	0.372
272.03	0.753
272.40	1.046
272.77	1.329
273.15	1.302
273.52	1.404
273.89	1.259
274.27	1.360
274.64	1.403
275.01	1.326
275.39	1.403
275.76	1.376
276.14	1.306
276.51	1.117
276.88	0.916
277.26	0.712
277.63	0.824
278.00	0.801
278.38	0.598
278.75	0.682
279.12	0.734
279.49	0.764
279.87	0.803
280.24	0.465
280.61	0.623
280.99	0.874
281.36	0.869
281.73	0.671
282.11	0.661
282.48	0.937
282.85	0.593
283.22	0.612
283.60	0.642
283.97	0.545
284.34	0.862
284.71	0.828
285.09	0.722
285.46	0.740
285.83	0.781
286.21	0.646
286.58	0.580
286.95	0.858
287.32	0.958
287.70	0.783
288.07	0.865
288.44	0.984
288.81	1.017
289.18	0.959
289.56	1.079
289.93	1.180
290.30	1.367
290.67	1.327
291.05	1.014
291.42	0.867
291.79	0.863
292.16	0.817
292.53	0.557
292.91	0.415
293.28	0.459
293.65	0.383
294.02	0.225
294.39	0.156
294.76	0.301
295.14	0.500
295.51	0.554
295.88	0.681
296.25	0.822
296.62	0.977
297.00	1.013
297.37	0.966
297.74	0.974
298.11	1.077
298.48	1.153
298.85	1.060
299.22	1.096
299.60	1.106
299.97	1.109
300.34	0.895
300.71	0.907
301.08	1.024
301.45	1.158
301.82	1.057
302.19	1.243
302.56	1.387
302.94	1.446
303.31	1.288
303.68	1.478
304.05	1.397
304.42	1.351
304.79	1.098
305.16	1.073
305.53	1.252
305.90	1.540
306.27	1.241
306.64	1.014
307.02	1.152
307.39	1.293
307.76	1.194
308.13	1.145
308.50	1.345
308.87	1.570
309.24	1.645
309.61	1.543
309.98	1.430
310.35	1.587
310.72	1.881
311.09	1.890
311.46	1.943
311.83	1.919
312.20	1.984
312.57	1.987
312.94	2.010
313.31	1.973
313.68	1.904
314.05	1.863
314.42	1.854
314.79	1.560
315.16	1.320
315.53	1.113
315.90	1.188
316.27	1.258
316.64	1.218
317.01	1.098
317.38	1.144
317.75	1.152
318.12	1.256
318.49	1.300
318.86	1.472
319.23	1.542
319.60	1.734
319.97	1.630
320.34	1.701
320.71	1.557
321.08	1.700
321.45	1.519
321.82	1.500
322.19	1.581
322.55	1.568
322.92	1.433
323.29	1.498
323.66	1.692
324.03	1.766
324.40	1.742
324.77	1.878
325.14	1.936
325.51	2.138
325.88	2.219
326.25	2.168
326.61	2.362
326.98	2.548
327.35	2.561
327.72	2.545
328.09	2.697
328.46	2.805
328.83	3.022
329.20	3.084
329.56	3.197
329.93	3.191
330.30	3.444
330.67	3.420
331.04	3.583
331.41	3.890
331.78	3.926
332.14	3.862
332.51	3.873
332.88	3.911
333.25	3.987
333.62	3.969
333.99	4.277
334.35	4.229
334.72	4.375
335.09	4.361
335.46	4.414
335.83	4.419
336.19	4.503
336.56	4.572
336.93	4.618
337.30	4.640
337.67	4.578
338.03	4.357
338.40	4.323
338.77	4.120
339.14	4.051
339.50	3.868
339.87	3.813
340.24	3.898
340.61	3.842
340.97	3.689
341.34	3.628
341.71	3.864
342.08	3.907
342.44	3.742
342.81	3.779
343.18	3.672
343.55	3.602
343.91	3.496
344.28	3.458
344.65	3.314
345.02	3.227
345.38	3.070
345.75	2.797
346.12	2.783
346.48	2.946
346.85	2.823
347.22	2.855
347.59	2.842
347.95	2.942
348.32	2.859
348.69	2.858
349.05	2.749
349.42	2.705
349.79	2.753
350.15	2.543
350.52	2.456
350.89	2.522
351.25	2.498
351.62	2.464
351.99	2.297
352.35	2.117
352.72	2.173
353.09	2.284
353.45	2.272
353.82	2.166
354.18	2.232
354.55	2.073
354.92	1.999
355.28	1.811
355.65	1.806
356.02	1.835
356.38	1.789
356.75	1.702
357.11	1.517
357.48	1.388
357.85	1.268
358.21	1.186
358.58	1.096
358.94	1.053
359.31	1.105
359.67	0.886
360.04	0.809
360.41	0.768
360.77	0.722
361.14	0.782
361.50	0.766
361.87	0.644
362.23	0.456
362.60	0.373
362.97	0.228
363.33	0.140
363.70	0.108
364.06	0.002
364.43	-0.079
364.79	-0.090
365.16	-0.181
365.52	-0.184
365.89	0.027
366.25	0.140
366.62	0.340
366.98	0.492
367.35	0.558
367.71	0.730
368.08	0.777
368.44	0.798
368.81	0.815
369.17	0.951
369.54	1.039
369.90	0.988
370.27	0.955
370.63	0.786
371.00	0.593
371.36	0.516
371.73	0.388
372.09	0.309
372.45	0.302
372.82	0.138
373.18	-0.066
373.55	-0.097
373.91	-0.183
374.28	-0.242
374.64	-0.111
375.01	-0.048
375.37	-0.020
375.73	-0.014
376.10	-0.066
376.46	-0.044
376.83	-0.063
377.19	0.068
377.55	0.093
377.92	0.201
378.28	0.280
378.65	0.234
379.01	0.370
379.37	0.406
379.74	0.465
380.10	0.622
380.47	0.694
380.83	0.847
381.19	0.794
381.56	0.688
381.92	0.800
382.28	0.988
382.65	1.056
383.01	1.100
383.37	1.082
383.74	1.278
384.10	1.299
384.46	1.301
384.83	1.395
385.19	1.457
385.55	1.586
385.92	1.501
386.28	1.479
386.64	1.491
387.01	1.438
387.37	1.510
387.73	1.470
388.10	1.565
388.46	1.638
388.82	1.751
389.18	1.866
389.55	1.923
389.91	1.979
390.27	2.012
390.64	2.140
391.00	2.234
391.36	2.347
391.72	2.404
392.09	2.433
392.45	2.556
392.81	2.689
393.17	2.664
393.54	2.813
393.90	3.089
394.26	3.218
394.62	3.294
394.99	3.311
395.35	3.380
395.71	3.460
396.07	3.674
396.43	3.739
396.80	3.771
397.16	3.875
397.52	3.916
397.88	3.866
398.24	3.991
398.61	4.058
398.97	4.267
399.33	4.389
399.69	4.537
400.05	4.523
400.42	4.656
400.78	4.689
401.14	4.955
401.50	4.895
401.86	5.017
402.22	5.026
402.59	5.114
402.95	5.232
403.31	5.227
403.67	5.277
404.03	5.353
404.39	5.455
404.75	5.521
405.12	5.491
405.48	5.699
405.84	5.751
406.20	5.874
406.56	6.080
406.92	6.136
407.28	6.273
407.64	6.327
408.00	6.411
408.36	6.502
408.73	6.602
409.09	6.745
409.45	6.793
409.81	6.863
410.17	6.975
410.53	7.016
410.89	7.097
411.25	7.186
411.61	7.359
411.97	7.419
412.33	7.496
412.69	7.617
413.05	7.732
413.41	7.919
413.77	8.022
414.13	8.122
414.50	8.194
414.86	8.272
415.22	8.330
415.58	8.426
415.94	8.616
416.30	8.738
416.66	8.847
417.02	8.927
417.38	9.017
417.74	9.098
418.10	9.183
418.46	9.336
418.82	9.459
419.18	9.604
419.54	9.671
419.90	9.702
420.26	9.785
420.61	9.899
420.97	10.004
421.33	10.101
421.69	10.173
422.05	10.330
422.41	10.427
422.77	10.435
423.13	10.514
423.49	10.642
423.85	10.752
424.21	10.797
424.57	10.786
424.93	10.813
425.29	10.876
425.65	10.968
426.01	10.942
426.36	10.927
426.72	11.097
427.08	11.177
427.44	11.082
427.80	11.186
428.16	11.299
428.52	11.411
428.88	11.602
429.24	11.660
429.59	11.767
429.95	11.807
430.31	11.897
430.67	11.968
431.03	12.007
431.39	12.194
431.75	12.188
432.10	12.195
432.46	12.200
432.82	12.094
433.18	12.147
433.54	12.177
433.90	12.338
434.25	12.387
434.61	12.440
434.97	12.549
435.33	12.605
435.69	12.734
436.04	12.803
436.40	12.900
436.76	13.078
437.12	13.111
437.48	13.084
437.83	13.109
438.19	13.189
438.55	13.177
438.91	13.223
439.27	13.322
439.62	13.424
439.98	13.499
440.34	13.558
440.70	13.609
441.05	13.728
441.41	13.881
441.77	13.975
442.13	14.079
442.48	14.249
442.84	14.281
443.20	14.324
443.56	14.394
443.91	14.424
444.27	14.520
444.63	14.664
444.98	14.677
445.34	14.768
445.70	14.838
446.05	14.881
446.41	14.921
446.77	15.067
447.13	15.190
447.48	15.349
447.84	15.509
448.20	15.613
448.55	15.650
448.91	15.790
449.27	15.898
449.62	15.966
449.98	16.111
450.34	16.280
450.69	16.286
451.05	16.320
451.40	16.316
451.76	16.341
452.12	16.404
452.47	16.486
452.83	16.581
453.19	16.703
453.54	16.800
453.90	16.851
454.25	16.804
454.61	17.005
454.97	17.135
455.32	17.211
455.68	17.274
456.03	17.366
456.39	17.373
456.75	17.422
457.10	17.502
457.46	17.566
457.81	17.657
458.17	17.799
458.52	17.806
458.88	17.882
459.24	17.901
459.59	18.005
459.95	18.050
460.30	18.148
460.66	18.253
461.01	18.214
461.37	18.288
461.72	18.330
462.08	18.326
462.43	18.423
462.79	18.449
463.14	18.512
463.50	18.576
463.85	18.709
464.21	18.726
464.56	18.759
464.92	18.865
465.27	18.850
465.63	18.831
465.98	18.948
466.34	19.053
466.69	19.038
467.05	19.038
467.40	19.093
467.76	19.094
468.11	19.184
468.47	19.244
468.82	19.289
469.18	19.436
469.53	19.542
469.88	19.638
470.24	19.689
470.59	19.807
470.95	19.938
471.30	20.072
471.66	20.201
472.01	20.299
472.36	20.353
472.72	20.507
473.07	20.583
473.43	20.699
473.78	20.668
474.13	20.655
474.49	20.837
474.84	20.931
475.19	20.946
475.55	21.032
475.90	21.008
476.26	21.043
476.61	21.032
476.96	21.088
477.32	21.143
477.67	21.239
478.02	21.333
478.38	21.330
478.73	21.436
479.08	21.551
479.44	21.554
479.79	21.720
480.14	21.881
480.50	22.012
480.85	22.078
481.20	22.164
481.56	22.349
481.91	22.430
482.26	22.553
482.62	22.675
482.97	22.739
483.32	22.799
483.67	22.849
484.03	22.905
484.38	22.962
484.73	23.069
485.08	23.173
485.44	23.238
485.79	23.350
486.14	23.443
486.49	23.536
486.85	23.642
487.20	23.798
487.55	23.910
487.90	24.015
488.26	24.127
488.61	24.224
488.96	24.324
489.31	24.519
489.67	24.702
490.02	24.916
490.37	25.057
490.72	25.195
491.07	25.305
491.43	25.484
491.78	25.576
492.13	25.705
492.48	25.840
492.83	26.009
493.19	26.103
493.54	26.333
493.89	26.515
494.24	26.710
494.59	26.998
494.94	27.269
495.29	27.476
495.65	27.784
496.00	28.013
496.35	28.294
496.70	28.533
497.05	28.756
497.40	28.863
497.75	29.010
498.11	29.316
498.46	29.591
498.81	29.857
499.16	30.087
499.51	30.323
499.86	30.618
500.21	30.806
500.56	31.073
500.91	31.260
501.26	31.569
501.62	31.904
501.97	32.141
502.32	32.372
502.67	32.630
503.02	32.945
503.37	33.247
503.72	33.588
504.07	33.838
504.42	34.040
504.77	34.377
505.12	34.744
505.47	34.981
505.82	35.299
506.17	35.616
506.52	35.883
506.87	36.184
507.22	36.380
507.57	36.677
507.92	36.981
508.27	37.395
508.62	37.710
508.97	37.924
509.32	38.233
509.67	38.498
510.02	38.771
510.37	39.054
510.72	39.330
511.07	39.725
511.42	39.959
511.77	40.218
512.12	40.409
512.47	40.663
512.82	40.895
513.17	41.172
513.52	41.461
513.87	41.683
514.22	41.938
514.57	42.196
514.91	42.428
515.26	42.649
515.61	42.931
515.96	43.229
516.31	43.589
516.66	43.925
517.01	44.164
517.36	44.305
517.71	44.578
518.06	44.826
518.41	44.991
518.75	45.211
519.10	45.414
519.45	45.672
519.80	45.936
520.15	46.023
520.50	46.172
520.85	46.372
521.19	46.578
521.54	46.684
521.89	46.814
522.24	47.026
522.59	47.158
522.94	47.322
523.28	47.485
523.63	47.518
523.98	47.698
524.33	47.944
524.68	48.086
525.03	48.374
525.37	48.585
525.72	48.818
526.07	49.107
526.42	49.321
526.76	49.621
527.11	49.835
527.46	50.019
527.81	50.169
528.16	50.234
528.50	50.368
528.85	50.396
529.20	50.505
529.55	50.600
529.89	50.652
530.24	50.746
530.59	50.798
530.94	50.956
531.28	51.164
531.63	51.368
531.98	51.601
532.32	51.709
532.67	51.951
533.02	52.020
533.37	52.103
533.71	52.197
534.06	52.315
534.41	52.452
534.75	52.461
535.10	52.540
535.45	52.653
535.79	52.790
536.14	52.907
536.49	53.018
536.83	53.263
537.18	53.491
537.53	53.719
537.87	54.028
538.22	54.190
538.57	54.414
538.91	54.618
539.26	54.882
539.61	55.088
539.95	55.319
540.30	55.405
540.64	55.508
540.99	55.569
541.34	55.574
541.68	55.608
542.03	55.740
542.37	55.843
542.72	55.966
543.07	56.024
543.41	56.077
543.76	56.126
544.10	56.253
544.45	56.339
544.80	56.604
545.14	56.859
545.49	56.930
545.83	57.069
546.18	57.251
546.52	57.327
546.87	57.473
547.21	57.620
547.56	57.789
547.90	57.857
548.25	58.034
548.59	58.061
548.94	58.128
549.29	58.297
549.63	58.306
549.98	58.300
550.32	58.451
550.67	58.479
551.01	58.492
551.35	58.636
551.70	58.799
552.04	58.927
552.39	59.083
552.73	59.036
553.08	59.114
553.42	59.256
553.77	59.348
554.11	59.420
554.46	59.613
554.80	59.717
555.15	59.762
555.49	59.901
555.83	59.978
556.18	59.967
556.52	60.206
556.87	60.323
557.21	60.332
557.56	60.471
557.90	60.564
558.24	60.471
558.59	60.539
558.93	60.767
559.28	60.838
559.62	60.949
559.96	60.959
560.31	60.942
560.65	61.057
560.99	61.192
561.34	61.220
561.68	61.279
562.02	61.495
562.37	61.659
562.71	61.646
563.06	61.651
563.40	61.748
563.74	61.852
564.09	62.083
564.43	62.191
564.77	62.336
565.11	62.462
565.46	62.575
565.80	62.515
566.14	62.655
566.49	62.718
566.83	62.829
567.17	62.916
567.52	63.065
567.86	63.097
568.20	63.095
568.54	63.153
568.89	63.201
569.23	63.322
569.57	63.664
569.91	63.642
570.26	63.793
570.60	63.944
570.94	64.008
571.28	64.137
571.63	64.302
571.97	64.402
572.31	64.415
572.65	64.493
573.00	64.672
573.34	64.636
573.68	64.798
574.02	64.952
574.36	64.960
574.71	65.010
575.05	64.949
575.39	64.879
575.73	64.945
576.07	64.985
576.42	65.039
576.76	64.950
577.10	65.039
577.44	65.050
577.78	65.044
578.12	65.140
578.46	65.175
578.81	65.290
579.15	65.415
579.49	65.374
579.83	65.562
580.17	65.794
580.51	65.773
580.85	65.713
581.20	65.749
581.54	65.839
581.88	65.954
582.22	66.062
582.56	66.221
582.90	66.247
583.24	66.525
583.58	66.509
583.92	66.461
584.26	66.525
584.60	66.707
584.95	66.780
585.29	66.952
585.63	67.143
585.97	67.283
586.31	67.472
586.65	67.702
586.99	67.903
587.33	68.064
587.67	68.028
588.01	68.136
588.35	68.103
588.69	68.052
589.03	67.930
589.37	67.905
589.71	67.827
590.05	67.849
590.39	67.863
590.73	67.820
591.07	67.923
591.41	68.219
591.75	68.563
592.09	68.810
592.43	69.042
592.77	69.190
593.11	69.390
593.45	69.647
593.79	69.606
594.13	69.801
594.47	69.725
594.81	69.774
595.14	69.796
595.48	69.799
595.82	69.687
596.16	69.631
596.50	69.618
596.84	69.486
597.18	69.422
597.52	69.350
597.86	69.240
598.20	69.367
598.54	69.374
598.87	69.448
599.21	69.376
599.55	69.505
599.89	69.562
600.23	69.582
600.57	69.591
600.91	69.804
601.25	70.037
601.58	70.263
601.92	70.348
602.26	70.411
602.60	70.518
602.94	70.615
603.28	70.801
603.61	70.826
603.95	70.981
604.29	71.156
604.63	71.011
604.97	71.062
605.30	71.119
605.64	71.142
605.98	71.326
606.32	71.263
606.66	71.214
606.99	71.023
607.33	71.251
607.67	71.361
608.01	71.398
608.34	71.596
608.68	71.598
609.02	71.597
609.36	71.680
609.69	71.492
610.03	71.501
610.37	71.499
610.71	71.537
611.04	71.389
611.38	71.260
611.72	71.217
612.06	71.429
612.39	71.434
612.73	71.522
613.07	71.599
613.40	71.797
613.74	71.933
614.08	72.151
614.41	72.370
614.75	72.651
615.09	72.680
615.42	72.660
615.76	72.299
616.10	72.358
616.43	72.248
616.77	72.155
617.11	72.052
617.44	72.109
617.78	72.167
618.12	72.038
618.45	72.157
618.79	72.347
619.13	72.394
619.46	72.724
619.80	72.701
620.13	72.566
620.47	72.483
620.81	72.531
621.14	72.556
621.48	72.415
621.81	72.598
622.15	72.462
622.48	72.674
622.82	72.689
623.16	72.396
623.49	72.506
623.83	72.706
624.16	72.948
624.50	72.950
624.83	72.983
625.17	73.026
625.50	73.096
625.84	73.235
626.18	73.212
626.51	73.377
626.85	73.606
627.18	73.596
627.52	73.562
627.85	73.480
628.19	73.600
628.52	73.595
628.86	73.765
629.19	73.646
629.53	73.568
629.86	73.538
630.19	73.603
630.53	73.637
630.86	73.775
631.20	73.854
631.53	74.000
631.87	73.928
632.20	73.973
632.54	73.920
632.87	73.878
633.20	73.949
633.54	73.892
633.87	73.986
634.21	74.052
634.54	74.224
634.88	74.147
635.21	74.084
635.54	74.133
635.88	74.214
636.21	74.251
636.55	74.441
636.88	74.330
637.21	74.473
637.55	74.188
637.88	74.296
638.21	74.145
638.55	74.195
638.88	74.226
639.21	74.290
639.55	74.199
639.88	73.961
640.21	74.036
640.55	74.181
640.88	73.926
641.21	74.136
641.55	73.997
641.88	74.067
642.21	74.119
642.55	74.181
642.88	74.130
643.21	74.184
643.55	74.576
643.88	74.670
644.21	74.586
644.54	74.569
644.88	74.573
645.21	74.605
645.54	74.499
645.87	74.621
646.21	74.661
646.54	74.611
646.87	74.491
647.20	74.466
647.54	74.549
647.87	74.711
648.20	74.897
648.53	74.943
648.87	74.930
649.20	75.079
649.53	75.192
649.86	74.961
650.19	75.240
650.53	75.166
650.86	75.048
651.19	74.738
651.52	74.629
651.85	74.736
652.18	74.729
652.52	74.686
652.85	74.662
653.18	74.301
653.51	74.400
653.84	74.350
654.17	74.706
654.51	74.649
654.84	74.878
655.17	74.876
655.50	74.569
655.83	74.646
656.16	74.500
656.49	74.381
656.82	74.557
657.15	74.446
657.49	74.441
657.82	74.351
658.15	74.650
658.48	74.740
658.81	74.856
659.14	75.082
659.47	74.903
659.80	75.016
660.13	75.173
660.46	75.105
660.79	75.240
661.12	75.245
661.45	75.063
661.78	74.811
662.11	74.551
662.44	74.332
662.77	74.258
663.10	74.086
663.43	73.844
663.76	73.719
664.09	73.669
664.42	73.575
664.75	73.454
665.08	73.514
665.41	73.432
665.74	73.414
666.07	73.346
666.40	73.271
666.73	73.615
667.06	73.867
667.39	73.871
667.72	73.906
668.05	73.889
668.38	73.799
668.71	73.548
669.04	73.691
669.37	73.843
669.70	73.902
670.03	73.790
670.36	73.603
670.69	73.514
671.01	73.487
671.34	73.629
671.67	73.405
672.00	73.418
672.33	73.639
672.66	73.470
672.99	73.315
673.32	73.255
673.64	73.108
673.97	73.138
674.30	73.041
674.63	72.781
674.96	72.415
675.29	72.456
675.62	72.407
675.94	72.292
676.27	72.287
676.60	71.918
676.93	72.025
677.26	71.940
677.58	71.841
677.91	71.860
678.24	71.868
678.57	72.186
678.90	72.494
679.22	72.578
679.55	72.660
679.88	72.709
680.21	72.682
680.54	72.201
680.86	71.979
681.19	71.833
681.52	71.864
681.85	71.658
682.17	70.982
682.50	70.831
682.83	70.364
683.16	70.151
683.48	70.232
683.81	70.206
684.14	70.315
684.46	70.677
684.79	70.557
685.12	70.155
685.45	70.120
685.77	70.343
686.10	70.122
686.43	70.413
686.75	70.538
687.08	69.989
687.41	69.962
687.73	70.118
688.06	70.122
688.39	70.304
688.71	70.595
689.04	70.936
689.36	70.798
689.69	70.473
690.02	70.307
690.34	70.052
690.67	69.913
691.00	69.574
691.32	69.335
691.65	69.060
691.97	68.853
692.30	68.446
692.63	68.046
692.95	68.026
693.28	67.988
693.60	68.043
693.93	68.077
694.26	68.490
694.58	68.631
694.91	68.542
695.23	68.106
695.56	67.939
695.88	67.474
696.21	67.192
696.53	67.134
696.86	66.930
697.18	66.522
697.51	66.528
697.83	66.247
698.16	66.475
698.48	65.918
698.81	66.082
699.13	65.805
699.46	66.049
699.78	65.989
700.11	65.944
700.43	65.999
700.76	65.567
701.08	65.053
701.41	64.946
701.73	64.596
702.06	64.731
702.38	64.657
702.71	64.566
703.03	64.614
703.35	64.780
703.68	64.860
704.00	64.905
704.33	65.707
704.65	65.648
704.98	65.096
705.30	65.431
705.62	65.195
705.95	64.453
706.27	64.112
706.60	63.987
706.92	63.465
707.24	63.377
707.57	62.978
707.89	62.734
708.21	62.639
708.54	63.237
708.86	62.462
709.18	62.597
709.51	62.845
709.83	63.385
710.15	62.645
710.48	62.750
710.80	62.405
711.12	62.182
711.45	61.696
711.77	61.706
712.09	61.553
712.42	61.512
712.74	61.108
713.06	60.936
713.38	60.489
713.71	60.519
714.03	60.802
714.35	60.332
714.68	60.634
715.00	60.186
715.32	59.599
715.64	59.309
715.97	59.155
716.29	59.026
716.61	59.016
716.93	58.594
717.25	58.510
717.58	57.393
717.90	57.922
718.22	57.826
718.54	57.928
718.87	58.518
719.19	58.422
719.51	58.611
719.83	59.905
720.15	60.231
720.47	60.710
720.80	60.865
721.12	61.274
721.44	60.291
721.76	59.953
722.08	59.780
722.40	59.717
722.73	59.852
723.05	60.613
723.37	60.393
723.69	60.145
724.01	60.332
724.33	60.447
724.65	60.281
724.97	60.918
725.30	60.251
725.62	60.872
725.94	59.733
726.26	58.497
726.58	57.237
726.90	56.316
727.22	56.624
727.54	55.584
727.86	55.486
728.18	55.290
728.50	54.108
728.82	54.648
729.14	54.204
729.46	54.999
729.78	55.919
730.10	56.359
730.42	56.400
730.74	55.067
731.07	56.016
731.39	54.921
731.71	54.912
732.03	55.307
732.35	54.903
732.66	54.411
732.98	54.015
733.30	53.741
733.62	53.109
733.94	53.218
734.26	53.963
734.58	53.135
734.90	53.418
735.22	53.684
735.54	54.178
735.86	54.460
736.18	54.287
736.50	54.144
736.82	53.095
737.14	52.622
737.46	52.292
737.78	50.572
738.10	50.329
738.41	50.790
738.73	50.407
739.05	49.815
739.37	49.712
739.69	49.966
740.01	50.101
740.33	50.389
740.65	50.287
740.96	50.451
741.28	52.279
741.60	53.084
741.92	52.690
742.24	52.384
742.56	52.629
742.88	53.778
743.19	53.854
743.51	53.949
743.83	53.955
744.15	54.999
744.47	54.877
744.78	53.490
745.10	52.818
745.42	53.151
745.74	53.080
746.06	52.618
746.37	51.402
746.69	51.591
747.01	50.783
747.33	50.803
747.64	49.864
747.96	49.815
748.28	49.500
748.60	49.131
748.91	48.629
749.23	48.942
749.55	48.742
749.87	48.147
750.18	46.935
750.50	47.128
750.82	46.354
751.13	46.429
751.45	46.035
751.77	47.084
752.08	47.116
752.40	47.507
752.72	48.343
753.03	47.583
753.35	47.646
753.67	47.835
753.98	46.917
754.30	47.809
754.62	47.928
754.93	48.029
755.25	47.499
755.57	47.175
755.88	47.984
756.20	47.535
756.51	47.455
756.83	46.304
757.15	46.477
757.46	48.091
757.78	47.841
758.09	46.616
758.41	46.503
758.73	46.437
759.04	47.046
759.36	45.678
759.67	45.026
759.99	46.623
760.30	47.740
760.62	47.665
760.94	46.044
761.25	45.770
761.57	46.970
761.88	47.053
762.20	47.570
762.51	48.675
762.83	48.742
763.14	47.993
763.46	47.426
763.77	47.808
764.09	49.102
764.40	50.473
764.72	50.857
765.03	50.616
765.35	49.699
765.66	49.137
765.98	47.500
766.29	48.412
766.61	47.815
766.92	46.743
767.23	46.497
767.55	45.247
767.86	43.815
768.18	42.445
768.49	41.026
768.81	41.987
769.12	42.870
769.43	42.523
769.75	40.671
770.06	42.835
770.38	44.077
770.69	42.580
771.00	42.215
771.32	41.824
771.63	43.013
771.94	43.537
772.26	43.523
772.57	42.005
772.89	42.742
773.20	41.997
773.51	41.780
773.83	42.638
774.14	42.596
774.45	42.542
774.77	43.155
775.08	43.698
775.39	43.839
775.70	43.297
776.02	43.753
776.33	43.039
776.64	43.624
776.96	43.452
777.27	42.150
777.58	43.367
777.89	44.911
778.21	43.541
778.52	41.012
778.83	42.872
779.14	44.581
779.46	43.429
779.77	43.713
780.08	44.791
780.39	42.411
780.71	42.480
781.02	43.502
781.33	40.888
781.64	42.607
781.95	42.820
782.27	40.406
782.58	39.236
782.89	39.342
783.20	42.133
783.51	41.070
783.83	42.941
784.14	42.928
784.45	40.671
784.76	39.989
785.07	39.530
785.38	39.661
785.70	40.425
786.01	38.627
786.32	38.418
786.63	35.550
786.94	36.231
787.25	35.275
787.56	33.779
787.87	32.120
788.18	33.286
788.50	30.971
788.81	31.952
789.12	30.562
789.43	32.039
789.74	33.825
790.05	35.097
790.36	34.689
790.67	34.234
790.98	36.798
791.29	36.619
791.60	35.518
791.91	37.157
792.22	35.079
792.53	36.435
792.84	35.769
793.15	33.859
793.46	31.176
793.77	30.406
794.08	30.496
794.39	29.284
794.70	29.708
795.01	32.369
795.32	31.788
795.63	35.224
795.94	34.668
796.25	35.825
796.56	37.941
796.87	35.631
797.18	35.194
797.49	35.110
797.80	36.765
798.11	40.291
798.42	37.386
798.73	38.536
799.04	35.058
799.35	37.081
799.65	34.391
799.96	33.432
800.27	37.803
800.58	38.230
800.89	39.334
801.20	35.558
801.51	33.684
801.82	33.723
802.13	32.335
802.43	34.457
802.74	33.807
803.05	34.604
803.36	31.696
803.67	29.575
803.98	30.895
804.28	30.123
804.59	31.231
804.90	33.154
805.21	33.233
805.52	32.333
805.83	33.285
806.13	32.534
806.44	30.300
806.75	31.232
807.06	30.718
807.36	26.227
807.67	26.515
807.98	26.126
808.29	23.992
808.60	24.640
808.90	28.548
809.21	24.551
809.52	25.723
809.83	29.909
810.13	31.397
810.44	35.191
810.75	37.802
811.05	39.740
811.36	38.999
811.67	39.592
811.98	42.150
812.28	37.117
812.59	42.181
812.90	41.682
813.20	41.566
813.51	42.747
813.82	45.627
814.12	49.896
814.43	47.459
814.74	48.831
815.04	44.971
815.35	40.498
815.65	39.700
815.96	33.671
816.27	29.585
816.57	25.325
816.88	22.715
817.19	19.412
817.49	13.470
817.80	15.089
818.10	15.935
818.41	16.805
818.72	18.392
819.02	19.410
819.33	17.847
819.63	17.799
819.94	18.317
820.24	18.295
820.55	16.479
820.85	16.289
821.16	18.878
821.47	20.331
821.77	20.840
822.08	20.834
822.38	21.598
822.69	22.330
822.99	23.267
823.30	23.438
823.60	24.531
823.91	24.425
824.21	25.112
824.52	24.415
824.82	23.407
825.13	23.560
825.43	23.083
825.73	22.739
826.04	23.053
826.34	23.659
826.65	24.614
826.95	22.193
827.26	23.511
827.56	23.537
827.87	23.863
828.17	24.961
828.47	24.951
828.78	25.693
829.08	27.040
829.39	27.175
829.69	25.931
829.99	25.359
830.30	26.211
830.60	26.225
830.90	29.476
831.21	29.720
831.51	28.064
831.82	27.684
832.12	29.841
832.42	27.000
832.73	29.407
833.03	27.290
833.33	27.768
833.64	26.076
833.94	24.160
834.24	21.642
834.54	19.253
834.85	20.155
835.15	20.061
835.45	16.349
835.76	14.582
836.06	9.153
836.36	5.869
836.66	2.434
836.97	2.309
837.27	-0.302
837.57	-4.716
837.87	-1.730
838.18	-6.486
838.48	-2.712
838.78	0.422
839.08	6.982
839.39	12.225
839.69	20.098
839.99	12.806
840.29	12.456
840.59	16.192
840.90	21.704
841.20	19.560
841.50	23.269
841.80	18.209
842.10	18.943
842.41	25.170
842.71	25.169
843.01	25.897
843.31	34.488
843.61	33.733
843.91	32.282
844.21	30.924
844.52	36.702
844.82	34.658
845.12	33.441
845.42	36.319
845.72	25.790
846.02	23.096
846.32	21.499
846.62	13.569
846.92	19.985
847.22	23.331
847.52	21.254
847.83	21.033
848.13	25.799
848.43	29.566
848.73	26.290
849.03	25.783
849.33	30.830
849.63	33.968
849.93	41.482
850.23	37.829
850.53	30.817
850.83	28.304
851.13	24.406
851.43	16.400
851.73	20.538
852.03	20.785
852.33	27.121
852.63	27.660
852.93	15.372
853.23	11.609
853.53	7.692
853.83	9.294
854.13	19.713
854.43	18.288
854.73	17.311
855.03	7.904
855.32	-2.419
855.62	-6.690
855.92	-36.222
856.22	-40.741
856.52	-46.309
856.82	-56.028
857.12	-61.323
857.42	-55.714
857.72	-57.031
858.02	-58.205
858.31	-45.994
858.61	-28.767
858.91	-40.000
859.21	-25.926
859.51	-3.806
859.81	-5.901
860.11	-0.554
860.40	14.470
860.70	20.197
861.00	29.899
861.30	43.527
861.60	25.091
861.90	16.207
862.19	20.986
862.49	22.576
862.79	28.080
863.09	35.088
863.39	34.167
863.68	27.667
863.98	17.500
864.28	-13.559
864.58	-15.000
864.87	-18.954
865.17	-18.925
865.47	-41.053
865.77	-34.901
866.06	-24.752
866.36	-19.816
866.66	9.543
866.96	20.420
867.25	27.291
867.55	40.774
867.85	39.121
868.14	47.875
868.44	65.426
868.74	76.596
869.03	52.222
869.33	46.479
869.63	41.551
869.92	8.869
870.22	-9.494
870.52	-15.714
870.81	1.269
871.11	-1.887
871.41	10.619
871.70	12.673
872.00	19.372
872.30	26.275
872.59	12.990
872.89	13.748
873.18	8.687
873.48	3.926
873.78	-14.477
874.07	-27.458
874.37	-45.532
874.66	-113.402
874.96	-209.286
875.25	-222.556
875.55	-165.896
875.85	-208.824
876.14	-259.091
876.44	-92.481
876.73	-70.513
877.03	-35.697
877.32	-23.938
877.62	-7.204
877.91	0.381
878.21	11.834
878.50	9.690
878.80	11.111
879.09	28.142
879.39	27.687
879.68	27.682
879.98	25.566
880.27	27.729
880.57	18.822
880.86	20.944
881.16	22.099
881.45	12.509
881.74	5.804
882.04	7.701
882.33	2.641
882.63	5.374
882.92	0.043
883.22	-1.494
883.51	-2.910
883.80	-3.254
884.10	-8.367
884.39	-9.462
884.69	-8.143
884.98	-4.399
885.27	-9.152
885.57	-5.418
885.86	-8.251
886.15	-6.922
886.45	-4.550
886.74	-7.825
887.03	-3.050
887.33	0.258
887.62	-4.294
887.91	-18.000
888.21	-38.667
888.50	4.000
888.79	1.852
889.09	0.000
