190.56	171.795
190.94	171.795
191.32	171.795
191.70	73.437
192.08	24.719
192.46	-14.286
192.84	216.667
193.22	131.579
193.60	119.872
193.98	170.968
194.36	0.000
194.74	-3900.000
195.13	-164.103
195.51	-16.667
195.89	-28.261
196.27	-123.437
196.65	1366.667
197.03	102.985
197.40	122.059
197.78	100.000
198.16	78.992
198.54	90.040
198.92	37.097
199.30	46.909
199.68	35.294
200.06	30.899
200.44	2.239
200.82	11.547
201.20	4.859
201.58	6.345
201.96	21.164
202.34	20.813
202.72	10.979
203.10	46.216
203.48	42.982
203.86	51.488
204.24	26.087
204.62	21.739
205.00	0.459
205.38	23.913
205.76	32.468
206.13	11.957
206.51	-18.644
206.89	-15.326
207.27	-114.535
207.65	-151.908
208.03	-101.093
208.41	-100.575
208.79	-96.273
209.17	-44.800
209.55	-13.455
209.93	-44.402
210.30	-72.430
210.68	-6.186
211.06	-12.268
211.44	14.444
211.82	21.934
212.20	30.123
212.58	37.066
212.96	26.027
213.33	23.031
213.71	25.310
214.09	28.381
214.47	19.171
214.85	8.748
215.23	4.466
215.61	3.823
215.98	-2.703
216.36	-5.495
216.74	-5.462
217.12	-17.330
217.50	-6.092
217.88	-12.634
218.25	-7.345
218.63	11.792
219.01	7.463
219.39	15.429
219.77	19.790
220.14	14.762
220.52	9.913
220.90	-2.698
221.28	14.124
221.66	5.229
222.03	-6.546
222.41	0.530
222.79	-8.239
223.17	-0.674
223.55	-1.813
223.92	-1.095
224.30	1.880
224.68	1.321
225.06	8.769
225.43	6.929
225.81	5.085
226.19	6.369
226.57	3.066
226.95	3.384
227.32	4.447
227.70	5.028
228.08	4.336
228.46	4.409
228.83	5.096
229.21	3.141
229.59	3.115
229.96	3.740
230.34	3.795
230.72	3.426
231.10	3.177
231.47	3.502
231.85	3.984
232.23	4.049
232.60	5.473
232.98	5.589
233.36	6.960
233.74	7.318
234.11	9.917
234.49	9.964
234.87	11.044
235.24	11.805
235.62	10.734
236.00	9.650
236.37	8.730
236.75	7.839
237.13	7.762
237.50	7.332
237.88	7.748
238.26	7.103
238.63	7.944
239.01	6.743
239.39	6.668
239.76	6.995
240.14	6.252
240.52	6.980
240.89	6.511
241.27	5.698
241.65	5.789
242.02	4.869
242.40	4.804
242.77	4.771
243.15	5.301
243.53	5.329
243.90	5.230
244.28	5.598
244.66	5.743
245.03	6.094
245.41	6.496
245.78	6.162
246.16	6.683
246.54	6.661
246.91	6.277
247.29	6.069
247.66	5.818
248.04	5.605
248.41	5.456
248.79	5.187
249.17	4.792
249.54	4.865
249.92	5.122
250.29	4.792
250.67	4.257
251.04	4.708
251.42	5.137
251.80	5.326
252.17	5.566
252.55	5.716
252.92	5.709
253.30	5.703
253.67	5.687
254.05	5.424
254.42	5.919
254.80	6.496
255.17	5.815
255.55	5.891
255.92	6.060
256.30	5.898
256.67	5.530
257.05	5.393
257.42	5.797
257.80	5.656
258.17	5.903
258.55	5.835
258.92	5.559
259.30	5.806
259.67	5.832
260.05	5.667
260.42	5.626
260.80	5.664
261.17	5.976
261.55	5.936
261.92	5.808
262.30	5.391
262.67	5.320
263.05	5.291
263.42	4.958
263.79	4.649
264.17	4.828
264.54	4.534
264.92	4.743
265.29	4.569
265.67	4.629
266.04	4.748
266.42	5.021
266.79	5.038
267.16	5.122
267.54	5.054
267.91	4.943
268.29	4.697
268.66	5.026
269.03	4.906
269.41	4.892
269.78	4.612
270.16	4.595
270.53	4.679
270.90	4.475
271.28	4.484
271.65	4.738
272.03	4.770
272.40	4.808
272.77	4.699
273.15	4.961
273.52	4.989
273.89	4.688
274.27	4.612
274.64	4.702
275.01	4.961
275.39	5.297
275.76	5.315
276.14	5.328
276.51	5.462
276.88	5.583
277.26	5.470
277.63	5.442
278.00	5.738
278.38	5.869
278.75	5.996
279.12	5.858
279.49	5.609
279.87	5.509
280.24	5.475
280.61	5.438
280.99	5.419
281.36	5.327
281.73	5.349
282.11	5.562
282.48	5.612
282.85	5.594
283.22	5.710
283.60	5.700
283.97	5.866
284.34	6.115
284.71	6.269
285.09	6.402
285.46	6.427
285.83	6.364
286.21	6.343
286.58	6.346
286.95	6.351
287.32	6.476
287.70	6.554
288.07	6.618
288.44	6.453
288.81	6.539
289.18	6.521
289.56	6.664
289.93	6.587
290.30	6.521
290.67	6.585
291.05	6.623
291.42	6.464
291.79	6.506
292.16	6.485
292.53	6.649
292.91	6.522
293.28	6.664
293.65	6.739
294.02	6.956
294.39	7.123
294.76	7.271
295.14	7.510
295.51	7.711
295.88	7.883
296.25	8.027
296.62	8.186
297.00	8.550
297.37	8.586
297.74	8.691
298.11	8.974
298.48	9.133
298.85	9.522
299.22	9.716
299.60	9.997
299.97	10.260
300.34	10.670
300.71	11.063
301.08	11.424
301.45	12.089
301.82	12.874
302.19	13.449
302.56	14.221
302.94	14.569
303.31	15.376
303.68	16.254
304.05	17.050
304.42	17.762
304.79	18.419
305.16	19.196
305.53	20.012
305.90	20.460
306.27	21.014
306.64	21.525
307.02	22.215
307.39	22.503
307.76	22.782
308.13	23.369
308.50	23.788
308.87	24.390
309.24	24.825
309.61	24.971
309.98	25.398
310.35	25.842
310.72	26.395
311.09	26.805
311.46	27.356
311.83	27.720
312.20	28.310
312.57	28.695
312.94	28.995
313.31	29.350
313.68	29.930
314.05	30.375
314.42	30.758
314.79	31.028
315.16	31.382
315.53	31.691
315.90	32.246
316.27	32.422
316.64	32.891
317.01	33.248
317.38	33.575
317.75	33.723
318.12	33.930
318.49	34.226
318.86	34.586
319.23	34.800
319.60	35.008
319.97	35.101
320.34	35.098
320.71	35.130
321.08	35.207
321.45	35.128
321.82	35.202
322.19	35.400
322.55	35.364
322.92	34.997
323.29	34.975
323.66	35.069
324.03	35.089
324.40	35.253
324.77	35.212
325.14	35.412
325.51	35.469
325.88	35.313
326.25	35.326
326.61	35.331
326.98	35.822
327.35	36.134
327.72	36.017
328.09	36.067
328.46	35.900
328.83	35.911
329.20	35.879
329.56	36.085
329.93	36.419
330.30	36.500
330.67	36.400
331.04	36.203
331.41	35.982
331.78	35.996
332.14	36.003
332.51	36.034
332.88	36.168
333.25	36.137
333.62	36.042
333.99	36.139
334.35	36.031
334.72	36.246
335.09	36.456
335.46	36.487
335.83	36.462
336.19	36.453
336.56	36.562
336.93	36.697
337.30	36.780
337.67	36.930
338.03	36.932
338.40	36.947
338.77	36.950
339.14	36.791
339.50	36.840
339.87	36.908
340.24	37.013
340.61	36.965
340.97	36.791
341.34	36.792
341.71	36.559
342.08	36.451
342.44	36.327
342.81	36.378
343.18	36.263
343.55	36.132
343.91	36.002
344.28	36.029
344.65	36.019
345.02	35.899
345.38	35.878
345.75	35.932
346.12	35.760
346.48	35.819
346.85	35.690
347.22	35.711
347.59	35.858
347.95	35.983
348.32	35.781
348.69	35.776
349.05	35.950
349.42	35.804
349.79	35.789
350.15	36.041
350.52	36.165
350.89	36.054
351.25	35.953
351.62	35.905
351.99	35.691
352.35	35.728
352.72	35.714
353.09	35.759
353.45	35.937
353.82	35.914
354.18	35.620
354.55	35.412
354.92	35.368
355.28	35.342
355.65	35.203
356.02	35.332
356.38	35.163
356.75	35.211
357.11	34.959
357.48	34.882
357.85	34.849
358.21	34.955
358.58	34.866
358.94	34.756
359.31	34.681
359.67	34.579
360.04	34.440
360.41	34.325
360.77	34.159
361.14	34.253
361.50	34.161
361.87	34.192
362.23	34.110
362.60	34.095
362.97	34.248
363.33	34.219
363.70	34.235
364.06	34.225
364.43	34.438
364.79	34.416
365.16	34.393
365.52	34.364
365.89	34.358
366.25	34.404
366.62	34.433
366.98	34.286
367.35	34.411
367.71	34.472
368.08	34.657
368.44	34.540
368.81	34.548
369.17	34.448
369.54	34.362
369.90	34.164
370.27	34.064
370.63	33.990
371.00	34.015
371.36	33.891
371.73	33.909
372.09	33.695
372.45	33.700
372.82	33.519
373.18	33.521
373.55	33.391
373.91	33.296
374.28	33.260
374.64	33.266
375.01	33.002
375.37	32.872
375.73	32.666
376.10	32.555
376.46	32.470
376.83	32.432
377.19	32.259
377.55	32.167
377.92	32.122
378.28	32.080
378.65	31.997
379.01	32.020
379.37	32.050
379.74	31.988
380.10	31.937
380.47	31.777
380.83	31.712
381.19	31.657
381.56	31.508
381.92	31.412
382.28	31.044
382.65	30.897
383.01	30.691
383.37	30.537
383.74	30.321
384.10	30.124
384.46	30.111
384.83	30.082
385.19	29.853
385.55	29.845
385.92	29.694
386.28	29.662
386.64	29.486
387.01	29.372
387.37	29.074
387.73	28.846
388.10	28.749
388.46	28.505
388.82	28.188
389.18	28.155
389.55	27.940
389.91	27.749
390.27	27.597
390.64	27.396
391.00	27.263
391.36	27.195
391.72	27.105
392.09	26.927
392.45	26.781
392.81	26.642
393.17	26.462
393.54	26.302
393.90	26.110
394.26	25.983
394.62	25.931
394.99	25.765
395.35	25.610
395.71	25.468
396.07	25.354
396.43	25.257
396.80	25.224
397.16	25.140
397.52	25.168
397.88	25.128
398.24	24.963
398.61	24.818
398.97	24.795
399.33	24.738
399.69	24.671
400.05	24.663
400.42	24.439
400.78	24.210
401.14	24.032
401.50	23.751
401.86	23.517
402.22	23.525
402.59	23.391
402.95	23.254
403.31	23.071
403.67	22.959
404.03	22.825
404.39	22.865
404.75	22.906
405.12	22.876
405.48	22.821
405.84	22.788
406.20	22.630
406.56	22.526
406.92	22.340
407.28	22.266
407.64	22.161
408.00	22.028
408.36	21.853
408.73	21.721
409.09	21.528
409.45	21.487
409.81	21.424
410.17	21.367
410.53	21.311
410.89	21.273
411.25	21.191
411.61	21.101
411.97	21.002
412.33	20.813
412.69	20.657
413.05	20.592
413.41	20.333
413.77	20.250
414.13	19.988
414.50	19.831
414.86	19.670
415.22	19.607
415.58	19.490
415.94	19.392
416.30	19.299
416.66	19.193
417.02	19.073
417.38	19.157
417.74	19.059
418.10	19.112
418.46	19.100
418.82	19.071
419.18	18.958
419.54	18.959
419.90	18.890
420.26	18.939
420.61	18.860
420.97	18.859
421.33	18.776
421.69	18.742
422.05	18.690
422.41	18.567
422.77	18.524
423.13	18.588
423.49	18.580
423.85	18.561
424.21	18.482
424.57	18.575
424.93	18.561
425.29	18.582
425.65	18.631
426.01	18.663
426.36	18.740
426.72	18.794
427.08	18.802
427.44	18.845
427.80	18.941
428.16	19.051
428.52	19.126
428.88	19.185
429.24	19.200
429.59	19.265
429.95	19.229
430.31	19.363
430.67	19.479
431.03	19.392
431.39	19.414
431.75	19.426
432.10	19.457
432.46	19.476
432.82	19.537
433.18	19.663
433.54	19.730
433.90	19.903
434.25	19.916
434.61	19.911
434.97	20.166
435.33	20.244
435.69	20.414
436.04	20.534
436.40	20.602
436.76	20.670
437.12	20.753
437.48	20.800
437.83	20.793
438.19	20.895
438.55	21.083
438.91	21.026
439.27	21.092
439.62	21.058
439.98	21.122
440.34	21.162
440.70	21.193
441.05	21.202
441.41	21.213
441.77	21.304
442.13	21.315
442.48	21.309
442.84	21.457
443.20	21.563
443.56	21.572
443.91	21.534
444.27	21.521
444.63	21.582
444.98	21.641
445.34	21.621
445.70	21.655
446.05	21.641
446.41	21.656
446.77	21.630
447.13	21.606
447.48	21.726
447.84	21.746
448.20	21.799
448.55	21.817
448.91	21.777
449.27	21.845
449.62	21.835
449.98	21.852
450.34	21.847
450.69	21.769
451.05	21.821
451.40	21.752
451.76	21.842
452.12	21.823
452.47	21.868
452.83	21.908
453.19	21.937
453.54	21.964
453.90	21.991
454.25	21.981
454.61	21.983
454.97	21.885
455.32	21.814
455.68	21.748
456.03	21.740
456.39	21.641
456.75	21.552
457.10	21.492
457.46	21.534
457.81	21.444
458.17	21.465
458.52	21.480
458.88	21.562
459.24	21.601
459.59	21.618
459.95	21.631
460.30	21.730
460.66	21.808
461.01	21.901
461.37	21.927
461.72	22.129
462.08	22.183
462.43	22.317
462.79	22.252
463.14	22.360
463.50	22.406
463.85	22.507
464.21	22.447
464.56	22.464
464.92	22.437
465.27	22.377
465.63	22.383
465.98	22.411
466.34	22.431
466.69	22.580
467.05	22.712
467.40	22.773
467.76	22.795
468.11	22.926
468.47	22.973
468.82	23.043
469.18	23.201
469.53	23.212
469.88	23.307
470.24	23.416
470.59	23.369
470.95	23.379
471.30	23.382
471.66	23.462
472.01	23.532
472.36	23.607
472.72	23.657
473.07	23.704
473.43	23.801
473.78	23.762
474.13	23.735
474.49	23.927
474.84	23.843
475.19	23.932
475.55	23.987
475.90	23.999
476.26	24.051
476.61	24.033
476.96	24.053
477.32	24.102
477.67	24.117
478.02	24.120
478.38	24.068
478.73	24.105
479.08	24.064
479.44	24.070
479.79	24.034
480.14	24.033
480.50	24.002
480.85	23.871
481.20	23.729
481.56	23.673
481.91	23.549
482.26	23.443
482.62	23.385
482.97	23.395
483.32	23.357
483.67	23.380
484.03	23.390
484.38	23.424
484.73	23.456
485.08	23.478
485.44	23.467
485.79	23.536
486.14	23.591
486.49	23.631
486.85	23.661
487.20	23.665
487.55	23.652
487.90	23.608
488.26	23.623
488.61	23.605
488.96	23.639
489.31	23.680
489.67	23.770
490.02	23.779
490.37	23.791
490.72	23.788
491.07	23.869
491.43	23.894
491.78	23.961
492.13	23.948
492.48	24.027
492.83	24.039
493.19	24.108
493.54	24.076
493.89	24.209
494.24	24.355
494.59	24.449
494.94	24.473
495.29	24.548
495.65	24.643
496.00	24.776
496.35	24.909
496.70	25.100
497.05	25.272
497.40	25.402
497.75	25.484
498.11	25.569
498.46	25.734
498.81	25.871
499.16	26.051
499.51	26.101
499.86	26.247
500.21	26.311
500.56	26.301
500.91	26.423
501.26	26.572
501.62	26.653
501.97	26.807
502.32	26.855
502.67	27.019
503.02	27.064
503.37	27.238
503.72	27.331
504.07	27.521
504.42	27.704
504.77	27.771
505.12	27.916
505.47	28.047
505.82	28.174
506.17	28.363
506.52	28.468
506.87	28.658
507.22	28.772
507.57	28.909
507.92	29.022
508.27	29.124
508.62	29.233
508.97	29.270
509.32	29.426
509.67	29.514
510.02	29.612
510.37	29.730
510.72	29.840
511.07	29.897
511.42	29.981
511.77	30.043
512.12	30.215
512.47	30.325
512.82	30.398
513.17	30.458
513.52	30.559
513.87	30.659
514.22	30.691
514.57	30.808
514.91	30.986
515.26	31.055
515.61	31.086
515.96	31.140
516.31	31.142
516.66	31.203
517.01	31.210
517.36	31.260
517.71	31.286
518.06	31.360
518.41	31.362
518.75	31.364
519.10	31.370
519.45	31.398
519.80	31.379
520.15	31.411
520.50	31.456
520.85	31.569
521.19	31.611
521.54	31.614
521.89	31.627
522.24	31.615
522.59	31.597
522.94	31.595
523.28	31.625
523.63	31.640
523.98	31.592
524.33	31.575
524.68	31.487
525.03	31.411
525.37	31.360
525.72	31.311
526.07	31.224
526.42	31.131
526.76	31.003
527.11	30.881
527.46	30.756
527.81	30.743
528.16	30.719
528.50	30.733
528.85	30.699
529.20	30.651
529.55	30.684
529.89	30.679
530.24	30.716
530.59	30.779
530.94	30.782
531.28	30.778
531.63	30.688
531.98	30.584
532.32	30.505
532.67	30.435
533.02	30.411
533.37	30.263
533.71	30.191
534.06	30.102
534.41	30.016
534.75	29.957
535.10	29.944
535.45	29.950
535.79	29.970
536.14	29.941
536.49	29.967
536.83	29.936
537.18	29.972
537.53	29.944
537.87	29.911
538.22	29.870
538.57	29.945
538.91	29.878
539.26	29.824
539.61	29.746
539.95	29.670
540.30	29.591
540.64	29.552
540.99	29.592
541.34	29.627
541.68	29.618
542.03	29.639
542.37	29.587
542.72	29.631
543.07	29.700
543.41	29.773
543.76	29.788
544.10	29.835
544.45	29.874
544.80	29.781
545.14	29.797
545.49	29.859
545.83	29.833
546.18	29.877
546.52	29.903
546.87	29.907
547.21	29.865
547.56	29.886
547.90	29.933
548.25	29.981
548.59	30.063
548.94	30.106
549.29	30.080
549.63	30.232
549.98	30.191
550.32	30.204
550.67	30.216
551.01	30.275
551.35	30.303
551.70	30.198
552.04	30.215
552.39	30.175
552.73	30.129
553.08	30.194
553.42	30.179
553.77	30.254
554.11	30.227
554.46	30.201
554.80	30.167
555.15	30.202
555.49	30.274
555.83	30.262
556.18	30.307
556.52	30.273
556.87	30.297
557.21	30.281
557.56	30.210
557.90	30.262
558.24	30.380
558.59	30.503
558.93	30.521
559.28	30.553
559.62	30.629
559.96	30.575
560.31	30.641
560.65	30.573
560.99	30.573
561.34	30.678
561.68	30.753
562.02	30.690
562.37	30.610
562.71	30.510
563.06	30.499
563.40	30.535
563.74	30.539
564.09	30.432
564.43	30.429
564.77	30.392
565.11	30.298
565.46	30.241
565.80	30.110
566.14	30.061
566.49	30.131
566.83	30.182
567.17	30.049
567.52	29.954
567.86	29.913
568.20	29.877
568.54	29.840
568.89	29.838
569.23	29.719
569.57	29.756
569.91	29.747
570.26	29.635
570.60	29.519
570.94	29.437
571.28	29.402
571.63	29.335
571.97	29.260
572.31	29.174
572.65	29.047
573.00	28.963
573.34	28.795
573.68	28.678
574.02	28.714
574.36	28.634
574.71	28.607
575.05	28.511
575.39	28.542
575.73	28.528
576.07	28.518
576.42	28.563
576.76	28.592
577.10	28.685
577.44	28.672
577.78	28.573
578.12	28.635
578.46	28.612
578.81	28.721
579.15	28.730
579.49	28.762
579.83	28.854
580.17	28.947
580.51	28.985
580.85	29.038
581.20	29.236
581.54	29.330
581.88	29.399
582.22	29.471
582.56	29.555
582.90	29.673
583.24	29.733
583.58	29.738
583.92	29.782
584.26	29.818
584.60	29.958
584.95	29.977
585.29	30.059
585.63	30.197
585.97	30.325
586.31	30.436
586.65	30.632
586.99	30.803
587.33	31.108
587.67	31.271
588.01	31.394
588.35	31.504
588.69	31.521
589.03	31.713
589.37	31.810
589.71	31.994
590.05	32.267
590.39	32.271
590.73	32.322
591.07	32.351
591.41	32.439
591.75	32.651
592.09	32.757
592.43	32.910
592.77	33.006
593.11	33.080
593.45	33.175
593.79	33.094
594.13	33.213
594.47	33.345
594.81	33.356
595.14	33.361
595.48	33.365
595.82	33.486
596.16	33.677
596.50	33.735
596.84	33.863
597.18	33.900
597.52	33.996
597.86	34.136
598.20	34.172
598.54	34.173
598.87	34.282
599.21	34.381
599.55	34.410
599.89	34.454
600.23	34.542
600.57	34.444
600.91	34.498
601.25	34.492
601.58	34.459
601.92	34.524
602.26	34.675
602.60	34.741
602.94	34.829
603.28	34.701
603.61	34.654
603.95	34.571
604.29	34.702
604.63	34.765
604.97	34.942
605.30	34.974
605.64	35.007
605.98	34.995
606.32	34.992
606.66	34.986
606.99	35.092
607.33	35.138
607.67	35.168
608.01	35.106
608.34	34.997
608.68	34.922
609.02	34.878
609.36	34.867
609.69	34.896
610.03	34.928
610.37	34.903
610.71	34.883
611.04	34.858
611.38	34.988
611.72	35.000
612.06	35.078
612.39	35.021
612.73	34.944
613.07	34.840
613.40	34.784
613.74	34.779
614.08	34.757
614.41	34.896
614.75	34.898
615.09	34.936
615.42	34.971
615.76	35.007
616.10	34.952
616.43	35.114
616.77	35.237
617.11	35.349
617.44	35.364
617.78	35.430
618.12	35.265
618.45	35.248
618.79	35.139
619.13	35.080
619.46	34.959
619.80	35.089
620.13	35.081
620.47	35.034
620.81	34.915
621.14	34.752
621.48	34.647
621.81	34.718
622.15	34.746
622.48	34.757
622.82	34.818
623.16	34.767
623.49	34.715
623.83	34.752
624.16	34.713
624.50	34.719
624.83	34.832
625.17	34.962
625.50	35.042
625.84	35.077
626.18	35.024
626.51	34.993
626.85	34.984
627.18	35.025
627.52	34.928
627.85	34.902
628.19	34.844
628.52	34.756
628.86	34.710
629.19	34.543
629.53	34.445
629.86	34.490
630.19	34.475
630.53	34.586
630.86	34.528
631.20	34.553
631.53	34.760
631.87	34.897
632.20	34.852
632.54	34.734
632.87	34.808
633.20	34.726
633.54	34.654
633.87	34.639
634.21	34.545
634.54	34.482
634.88	34.358
635.21	34.171
635.54	33.959
635.88	34.182
636.21	34.050
636.55	34.078
636.88	34.178
637.21	34.264
637.55	34.339
637.88	34.335
638.21	34.229
638.55	34.057
638.88	34.140
639.21	34.214
639.55	34.121
639.88	34.335
640.21	34.210
640.55	34.064
640.88	34.065
641.21	33.927
641.55	33.901
641.88	33.848
642.21	34.073
642.55	33.925
642.88	34.045
643.21	33.853
643.55	33.855
643.88	34.092
644.21	34.406
644.54	34.378
644.88	34.292
645.21	34.200
645.54	34.333
645.87	34.218
646.21	34.267
646.54	34.151
646.87	34.192
647.20	34.048
647.54	33.720
647.87	33.355
648.20	33.180
648.53	33.335
648.87	33.255
649.20	33.281
649.53	33.304
649.86	33.253
650.19	33.160
650.53	33.049
650.86	33.242
651.19	33.187
651.52	33.328
651.85	33.369
652.18	33.016
652.52	33.160
652.85	32.877
653.18	32.811
653.51	32.801
653.84	32.836
654.17	32.915
654.51	32.753
654.84	32.767
655.17	32.489
655.50	32.402
655.83	32.514
656.16	32.495
656.49	32.600
656.82	32.569
657.15	32.503
657.49	32.468
657.82	32.172
658.15	32.054
658.48	31.931
658.81	32.077
659.14	31.928
659.47	31.917
659.80	31.988
660.13	32.117
660.46	32.404
660.79	32.398
661.12	32.355
661.45	32.592
661.78	32.673
662.11	32.686
662.44	32.636
662.77	32.667
663.10	32.548
663.43	32.683
663.76	32.355
664.09	31.883
664.42	31.687
664.75	31.597
665.08	31.592
665.41	31.306
665.74	31.290
666.07	30.797
666.40	30.862
666.73	30.835
667.06	30.594
667.39	30.605
667.72	30.535
668.05	30.487
668.38	30.409
668.71	30.201
669.04	30.305
669.37	30.113
669.70	30.259
670.03	30.081
670.36	29.972
670.69	29.656
671.01	29.560
671.34	29.600
671.67	29.706
672.00	29.589
672.33	29.273
672.66	29.456
672.99	29.557
673.32	29.581
673.64	29.530
673.97	29.535
674.30	29.359
674.63	29.406
674.96	29.335
675.29	29.292
675.62	29.447
675.94	29.725
676.27	29.456
676.60	29.531
676.93	29.654
677.26	29.732
677.58	29.728
677.91	29.709
678.24	29.627
678.57	29.335
678.90	29.010
679.22	28.865
679.55	28.656
679.88	28.390
680.21	28.351
680.54	27.884
680.86	27.659
681.19	27.653
681.52	27.744
681.85	27.773
682.17	27.758
682.50	27.844
682.83	27.357
683.16	27.182
683.48	26.958
683.81	26.586
684.14	26.825
684.46	26.534
684.79	26.128
685.12	25.778
685.45	25.414
685.77	25.460
686.10	25.398
686.43	25.472
686.75	25.394
687.08	25.265
687.41	25.088
687.73	24.895
688.06	24.883
688.39	25.137
688.71	25.105
689.04	25.094
689.36	24.655
689.69	24.159
690.02	24.229
690.34	24.281
690.67	24.429
691.00	24.138
691.32	23.760
691.65	23.544
691.97	23.210
692.30	22.891
692.63	22.429
692.95	22.165
693.28	22.150
693.60	22.070
693.93	21.881
694.26	21.568
694.58	21.612
694.91	21.643
695.23	21.749
695.56	21.259
695.88	21.329
696.21	21.274
696.53	21.199
696.86	21.069
697.18	20.674
697.51	20.574
697.83	20.357
698.16	20.177
698.48	20.092
698.81	19.560
699.13	19.800
699.46	19.652
699.78	19.581
700.11	19.502
700.43	19.220
700.76	18.800
701.08	18.605
701.41	18.271
701.73	17.914
702.06	17.710
702.38	17.600
702.71	17.222
703.03	16.953
703.35	16.733
703.68	16.568
704.00	16.745
704.33	16.680
704.65	16.258
704.98	16.431
705.30	16.464
705.62	15.818
705.95	15.745
706.27	14.899
706.60	14.118
706.92	13.680
707.24	13.168
707.57	12.437
707.89	11.984
708.21	11.283
708.54	11.113
708.86	10.717
709.18	10.846
709.51	10.715
709.83	10.923
710.15	11.015
710.48	10.626
710.80	10.841
711.12	10.884
711.45	11.194
711.77	11.000
712.09	10.260
712.42	9.776
712.74	9.012
713.06	8.660
713.38	8.461
713.71	8.081
714.03	7.555
714.35	7.051
714.68	6.059
715.00	4.795
715.32	4.560
715.64	4.263
715.97	4.089
716.29	4.383
716.61	4.147
716.93	3.880
717.25	3.867
717.58	4.039
717.90	3.656
718.22	4.027
718.54	4.710
718.87	4.454
719.19	4.355
719.51	4.119
719.83	3.741
720.15	3.192
720.47	2.934
720.80	2.616
721.12	2.152
721.44	2.180
721.76	1.881
722.08	1.673
722.40	1.818
722.73	1.746
723.05	1.359
723.37	0.964
723.69	0.972
724.01	-0.519
724.33	-0.818
724.65	-0.952
724.97	-1.555
725.30	-2.018
725.62	-2.785
725.94	-2.693
726.26	-2.902
726.58	-2.937
726.90	-2.884
727.22	-3.282
727.54	-2.058
727.86	-2.104
728.18	-2.427
728.50	-3.285
728.82	-3.317
729.14	-3.299
729.46	-4.083
729.78	-4.887
730.10	-4.168
730.42	-4.064
730.74	-3.337
731.07	-4.341
731.39	-4.773
731.71	-4.792
732.03	-4.742
732.35	-4.739
732.66	-5.030
732.98	-5.152
733.30	-5.416
733.62	-7.046
733.94	-8.500
734.26	-10.224
734.58	-10.404
734.90	-10.751
735.22	-11.207
735.54	-10.518
735.86	-10.870
736.18	-11.047
736.50	-11.252
736.82	-10.743
737.14	-11.015
737.46	-11.170
737.78	-10.407
738.10	-11.395
738.41	-12.395
738.73	-12.670
739.05	-14.079
739.37	-15.554
739.69	-15.302
740.01	-15.491
740.33	-16.817
740.65	-16.290
740.96	-16.328
741.28	-17.316
741.60	-16.611
741.92	-16.311
742.24	-16.662
742.56	-15.746
742.88	-14.565
743.19	-14.475
743.51	-13.695
743.83	-11.665
744.15	-12.788
744.47	-11.332
744.78	-11.203
745.10	-11.277
745.42	-10.222
745.74	-10.396
746.06	-11.024
746.37	-11.955
746.69	-13.289
747.01	-13.958
747.33	-14.479
747.64	-13.277
747.96	-14.345
748.28	-14.301
748.60	-14.523
748.91	-16.564
749.23	-16.487
749.55	-15.852
749.87	-14.658
750.18	-14.469
750.50	-16.391
750.82	-17.127
751.13	-18.149
751.45	-17.772
751.77	-18.307
752.08	-18.720
752.40	-17.836
752.72	-17.080
753.03	-17.891
753.35	-19.448
753.67	-19.851
753.98	-18.756
754.30	-18.840
754.62	-17.532
754.93	-19.052
755.25	-17.776
755.57	-17.983
755.88	-19.462
756.20	-21.176
756.51	-22.234
756.83	-21.900
757.15	-22.661
757.46	-23.162
757.78	-23.576
758.09	-23.736
758.41	-23.731
758.73	-24.638
759.04	-25.889
759.36	-23.433
759.67	-23.570
759.99	-23.132
760.30	-21.347
760.62	-20.031
760.94	-19.696
761.25	-20.214
761.57	-19.754
761.88	-19.240
762.20	-20.328
762.51	-18.885
762.83	-19.447
763.14	-18.383
763.46	-17.505
763.77	-19.368
764.09	-20.453
764.40	-20.979
764.72	-21.747
765.03	-22.499
765.35	-23.447
765.66	-22.436
765.98	-21.885
766.29	-20.690
766.61	-21.589
766.92	-23.576
767.23	-23.072
767.55	-22.193
767.86	-21.998
768.18	-19.555
768.49	-20.200
768.81	-18.126
769.12	-17.081
769.43	-18.438
769.75	-21.481
770.06	-19.070
770.38	-18.545
770.69	-16.958
771.00	-17.059
771.32	-16.918
771.63	-18.099
771.94	-18.645
772.26	-18.560
772.57	-20.270
772.89	-19.846
773.20	-17.340
773.51	-19.665
773.83	-19.004
774.14	-19.421
774.45	-19.747
774.77	-19.339
775.08	-18.766
775.39	-18.460
775.70	-17.919
776.02	-19.257
776.33	-20.325
776.64	-22.765
776.96	-24.334
777.27	-24.510
777.58	-25.932
777.89	-26.892
778.21	-26.118
778.52	-25.538
778.83	-25.525
779.14	-26.137
779.46	-25.752
779.77	-23.404
780.08	-22.552
780.39	-20.682
780.71	-19.983
781.02	-21.027
781.33	-20.114
781.64	-20.603
781.95	-23.107
782.27	-23.928
782.58	-24.087
782.89	-23.991
783.20	-23.291
783.51	-25.583
783.83	-24.060
784.14	-21.536
784.45	-22.727
784.76	-24.390
785.07	-26.641
785.38	-24.669
785.70	-23.410
786.01	-23.274
786.32	-21.297
786.63	-25.024
786.94	-24.094
787.25	-28.619
787.56	-32.010
787.87	-28.548
788.18	-25.040
788.50	-21.182
788.81	-22.596
789.12	-24.644
789.43	-23.935
789.74	-28.000
790.05	-28.815
790.36	-30.104
790.67	-29.779
790.98	-29.317
791.29	-27.415
791.60	-31.112
791.91	-34.082
792.22	-35.717
792.53	-35.169
792.84	-40.241
793.15	-41.053
793.46	-40.679
793.77	-38.089
794.08	-35.875
794.39	-36.059
794.70	-39.903
795.01	-34.664
795.32	-34.250
795.63	-27.866
795.94	-26.179
796.25	-23.462
796.56	-20.528
796.87	-20.703
797.18	-20.491
797.49	-20.149
797.80	-19.437
798.11	-19.181
798.42	-27.123
798.73	-28.560
799.04	-34.424
799.35	-34.924
799.65	-36.934
799.96	-35.841
800.27	-35.294
800.58	-33.081
800.89	-29.951
801.20	-31.892
801.51	-31.334
801.82	-29.551
802.13	-28.304
802.43	-29.613
802.74	-30.020
803.05	-28.861
803.36	-32.762
803.67	-29.536
803.98	-34.075
804.28	-40.538
804.59	-42.887
804.90	-37.885
805.21	-38.779
805.52	-37.134
805.83	-34.323
806.13	-34.823
806.44	-39.028
806.75	-37.374
807.06	-41.162
807.36	-37.647
807.67	-34.151
807.98	-30.710
808.29	-34.425
808.60	-27.312
808.90	-29.389
809.21	-26.402
809.52	-24.368
809.83	-16.993
810.13	-15.112
810.44	-11.841
810.75	-14.446
811.05	-18.654
811.36	-18.762
811.67	-19.446
811.98	-21.136
812.28	-17.735
812.59	-22.408
812.90	-27.223
813.20	-36.332
813.51	-36.600
813.82	-36.610
814.12	-38.797
814.43	-37.452
814.74	-43.590
815.04	-39.670
815.35	-45.732
815.65	-48.707
815.96	-42.673
816.27	-37.533
816.57	-33.157
816.88	-31.365
817.19	-29.845
817.49	-23.467
817.80	-19.438
818.10	-14.309
818.41	-21.725
818.72	-20.899
819.02	-23.004
819.33	-27.888
819.63	-28.321
819.94	-28.172
820.24	-30.183
820.55	-37.353
820.85	-37.923
821.16	-36.010
821.47	-36.678
821.77	-33.667
822.08	-32.386
822.38	-34.040
822.69	-34.269
822.99	-34.393
823.30	-34.046
823.60	-33.651
823.91	-31.942
824.21	-31.295
824.52	-31.566
824.82	-30.569
825.13	-31.070
825.43	-32.156
825.73	-30.216
826.04	-28.520
826.34	-27.722
826.65	-27.877
826.95	-30.103
827.26	-31.472
827.56	-33.266
827.87	-34.242
828.17	-33.695
828.47	-32.667
828.78	-33.134
829.08	-31.465
829.39	-29.461
829.69	-31.065
829.99	-32.423
830.30	-30.764
830.60	-29.356
830.90	-27.197
831.21	-26.105
831.51	-30.983
831.82	-31.743
832.12	-27.583
832.42	-26.765
832.73	-27.626
833.03	-24.899
833.33	-23.152
833.64	-22.152
833.94	-21.682
834.24	-24.936
834.54	-24.450
834.85	-24.741
835.15	-23.349
835.45	-23.353
835.76	-26.040
836.06	-23.429
836.36	-25.166
836.66	-28.294
836.97	-27.301
837.27	-28.781
837.57	-32.506
837.87	-35.964
838.18	-32.413
838.48	-33.232
838.78	-35.004
839.08	-24.880
839.39	-37.790
839.69	-33.032
839.99	-24.853
840.29	-26.076
840.59	-24.277
840.90	-19.181
841.20	-16.841
841.50	-19.365
841.80	-26.250
842.10	-30.729
842.41	-52.971
842.71	-48.905
843.01	-46.610
843.31	-56.107
843.61	-39.740
843.91	-63.758
844.21	-58.596
844.52	-59.649
844.82	-46.870
845.12	-46.667
845.42	-31.414
845.72	-16.458
846.02	-4.062
846.32	-14.436
846.62	-15.254
846.92	-31.152
847.22	-18.411
847.52	-19.437
847.83	-25.797
848.13	-35.372
848.43	-27.822
848.73	-52.737
849.03	-42.697
849.33	-52.855
849.63	-49.907
849.93	-52.354
850.23	-53.373
850.53	-45.175
850.83	-52.058
851.13	-41.300
851.43	-30.410
851.73	-32.724
852.03	-23.725
852.33	-26.411
852.63	-77.741
852.93	-66.767
853.23	-81.197
853.53	-93.130
853.83	-63.279
854.13	-49.186
854.43	-64.159
854.73	-27.961
855.03	-23.398
855.32	5.750
855.62	8.564
855.92	15.207
856.22	10.567
856.52	-5.419
856.82	6.383
857.12	3.186
857.42	-4.974
857.72	-5.206
858.02	-1.840
858.31	-17.718
858.61	-37.688
858.91	-65.535
859.21	-61.214
859.51	-47.981
859.81	-29.191
860.11	-24.449
860.40	-29.710
860.70	-23.220
861.00	-25.967
861.30	-64.764
861.60	-43.602
861.90	-52.738
862.19	-57.372
862.49	-60.662
862.79	-42.205
863.09	-56.863
863.39	-104.082
863.68	-196.000
863.98	-254.545
864.28	-289.855
864.58	-82.119
864.87	-90.476
865.17	-71.963
865.47	-7.386
865.77	-0.907
866.06	-37.097
866.36	-61.350
866.66	-81.495
866.96	-69.182
867.25	-64.495
867.55	-34.146
867.85	-41.341
868.14	-25.823
868.44	-24.594
868.74	-61.129
869.03	-61.218
869.33	-43.413
869.63	-19.767
869.92	-15.870
870.22	-40.000
870.52	-17.690
870.81	-30.607
871.11	-42.687
871.41	-82.917
871.70	-85.937
872.00	-48.437
872.30	-34.130
872.59	-12.012
872.89	-27.778
873.18	-21.127
873.48	-4.211
873.78	-18.162
874.07	-25.000
874.37	-21.782
874.66	-28.883
874.96	-66.837
875.25	-60.904
875.55	-125.738
875.85	-122.868
876.14	-84.470
876.44	-47.875
876.73	-55.927
877.03	-101.408
877.32	-86.879
877.62	-106.574
877.91	-70.055
878.21	-10.884
878.50	-5.896
878.80	0.975
879.09	5.185
879.39	-0.584
879.68	-5.618
879.98	-1.643
880.27	10.772
880.57	15.938
880.86	17.976
881.16	8.835
881.45	-11.637
881.74	-20.574
882.04	-29.322
882.33	-28.750
882.63	-31.488
882.92	-31.962
883.22	-32.326
883.51	-37.968
883.80	-42.804
884.10	-42.464
884.39	-45.071
884.69	-41.479
884.98	-49.721
885.27	-51.132
885.57	-65.149
885.86	-66.599
886.15	-85.321
886.45	-95.326
886.74	-95.887
887.03	-96.144
887.33	-99.261
887.62	-114.731
887.91	16.000
888.21	107.407
888.50	200.000
888.79	-29.730
889.09	-1400.000
