190.56	121.053
190.94	121.053
191.32	121.053
191.70	-106.000
192.08	-2400.000
192.46	-268.217
192.84	-274.803
193.22	-396.512
193.60	-207.237
193.98	-205.882
194.36	-204.274
194.74	-483.333
195.13	-381.395
195.51	-223.684
195.89	-661.538
196.27	-825.000
196.65	-48.936
197.03	19.355
197.40	-21.154
197.78	19.266
198.16	8.861
198.54	32.749
198.92	8.824
199.30	21.862
199.68	-2.542
200.06	2.256
200.44	27.076
200.82	1.805
201.20	-2.907
201.58	18.313
201.96	0.815
202.34	-7.837
202.72	-17.586
203.10	7.565
203.48	5.882
203.86	1.327
204.24	15.778
204.62	19.783
205.00	36.739
205.38	52.846
205.76	38.004
206.13	42.771
206.51	37.346
206.89	36.501
207.27	33.134
207.65	33.110
208.03	47.639
208.41	37.719
208.79	33.762
209.17	33.435
209.55	-16.443
209.93	-6.391
210.30	-28.750
210.68	-9.695
211.06	-18.596
211.44	-15.064
211.82	-9.064
212.20	-17.549
212.58	-38.776
212.96	-63.265
213.33	-98.396
213.71	-48.261
214.09	-70.124
214.47	-41.049
214.85	-23.056
215.23	-6.513
215.61	-11.896
215.98	-17.468
216.36	-14.603
216.74	-10.771
217.12	-21.053
217.50	-22.469
217.88	-16.746
218.25	-10.251
218.63	-12.829
219.01	-13.688
219.39	-16.433
219.77	-14.505
220.14	-4.646
220.52	-10.221
220.90	-17.140
221.28	-15.272
221.66	-15.040
222.03	-22.078
222.41	-15.531
222.79	-9.204
223.17	-6.108
223.55	-8.569
223.92	-4.145
224.30	-8.157
224.68	-3.791
225.06	-1.718
225.43	0.000
225.81	0.127
226.19	1.116
226.57	1.029
226.95	-0.767
227.32	-0.802
227.70	-0.093
228.08	0.592
228.46	0.821
228.83	1.359
229.21	2.405
229.59	2.739
229.96	3.371
230.34	3.725
230.72	3.975
231.10	4.486
231.47	4.658
231.85	4.605
232.23	3.363
232.60	3.647
232.98	3.479
233.36	3.376
233.74	2.912
234.11	2.209
234.49	3.511
234.87	2.916
235.24	2.592
235.62	2.554
236.00	1.544
236.37	0.827
236.75	0.431
237.13	-0.342
237.50	-0.851
237.88	-0.732
238.26	-0.265
238.63	-1.673
239.01	-2.151
239.39	-1.885
239.76	-1.586
240.14	0.031
240.52	0.823
240.89	1.261
241.27	1.927
241.65	2.668
242.02	2.934
242.40	3.051
242.77	3.130
243.15	3.051
243.53	3.217
243.90	3.190
244.28	3.061
244.66	3.079
245.03	3.033
245.41	2.938
245.78	2.591
246.16	2.676
246.54	2.696
246.91	2.823
247.29	2.875
247.66	2.800
248.04	2.500
248.41	2.463
248.79	2.740
249.17	3.042
249.54	2.898
249.92	3.024
250.29	2.873
250.67	3.107
251.04	3.367
251.42	3.622
251.80	3.864
252.17	4.158
252.55	4.564
252.92	4.240
253.30	4.072
253.67	4.624
254.05	4.665
254.42	4.714
254.80	4.357
255.17	3.159
255.55	3.108
255.92	3.011
256.30	3.027
256.67	2.671
257.05	2.837
257.42	2.940
257.80	2.308
258.17	1.953
258.55	1.897
258.92	1.781
259.30	2.080
259.67	2.090
260.05	1.952
260.42	1.929
260.80	2.130
261.17	1.893
261.55	1.740
261.92	1.643
262.30	1.664
262.67	1.471
263.05	1.548
263.42	1.315
263.79	1.360
264.17	1.513
264.54	1.430
264.92	0.964
265.29	1.104
265.67	1.064
266.04	1.451
266.42	1.583
266.79	1.819
267.16	1.651
267.54	1.839
267.91	1.769
268.29	1.866
268.66	1.846
269.03	1.627
269.41	1.652
269.78	1.625
270.16	1.536
270.53	1.534
270.90	1.411
271.28	1.715
271.65	1.858
272.03	1.770
272.40	1.784
272.77	2.028
273.15	2.218
273.52	2.542
273.89	2.504
274.27	2.288
274.64	2.273
275.01	2.349
275.39	2.093
275.76	2.100
276.14	2.150
276.51	1.947
276.88	1.799
277.26	1.662
277.63	1.306
278.00	1.348
278.38	1.577
278.75	1.499
279.12	1.570
279.49	1.609
279.87	1.462
280.24	1.485
280.61	1.641
280.99	1.683
281.36	1.718
281.73	1.884
282.11	1.635
282.48	1.666
282.85	1.660
283.22	1.642
283.60	1.517
283.97	1.320
284.34	1.245
284.71	1.218
285.09	1.193
285.46	1.171
285.83	1.072
286.21	1.213
286.58	1.115
286.95	1.301
287.32	1.322
287.70	1.428
288.07	1.550
288.44	1.673
288.81	1.429
289.18	1.360
289.56	1.496
289.93	1.601
290.30	1.618
290.67	1.681
291.05	1.594
291.42	1.648
291.79	1.654
292.16	1.756
292.53	1.852
292.91	2.142
293.28	2.289
293.65	2.411
294.02	2.301
294.39	2.318
294.76	2.336
295.14	2.403
295.51	2.416
295.88	2.525
296.25	2.520
296.62	2.360
297.00	2.276
297.37	2.221
297.74	2.122
298.11	2.047
298.48	2.144
298.85	2.188
299.22	2.005
299.60	1.860
299.97	1.655
300.34	1.657
300.71	1.801
301.08	1.677
301.45	1.738
301.82	1.837
302.19	1.866
302.56	1.785
302.94	1.804
303.31	2.037
303.68	2.034
304.05	2.150
304.42	2.007
304.79	1.985
305.16	2.117
305.53	2.030
305.90	1.980
306.27	2.213
306.64	2.258
307.02	2.097
307.39	1.966
307.76	2.020
308.13	2.103
308.50	2.048
308.87	2.023
309.24	2.146
309.61	2.126
309.98	2.193
310.35	2.029
310.72	1.876
311.09	1.990
311.46	2.005
311.83	1.876
312.20	1.751
312.57	1.956
312.94	1.838
313.31	1.795
313.68	1.882
314.05	1.755
314.42	1.917
314.79	2.159
315.16	2.136
315.53	2.009
315.90	2.257
316.27	2.397
316.64	2.439
317.01	2.669
317.38	2.677
317.75	2.811
318.12	2.851
318.49	2.862
318.86	2.722
319.23	2.718
319.60	2.876
319.97	2.819
320.34	2.620
320.71	2.629
321.08	2.668
321.45	2.854
321.82	2.666
322.19	2.703
322.55	2.836
322.92	2.858
323.29	2.752
323.66	2.656
324.03	2.591
324.40	2.675
324.77	2.695
325.14	2.676
325.51	2.581
325.88	2.714
326.25	2.787
326.61	2.575
326.98	2.598
327.35	2.833
327.72	3.036
328.09	3.109
328.46	3.168
328.83	3.157
329.20	3.135
329.56	3.151
329.93	3.155
330.30	3.221
330.67	3.278
331.04	3.282
331.41	3.345
331.78	3.436
332.14	3.671
332.51	3.787
332.88	3.806
333.25	3.915
333.62	3.979
333.99	3.913
334.35	3.904
334.72	3.939
335.09	4.063
335.46	4.053
335.83	4.197
336.19	4.211
336.56	4.293
336.93	4.352
337.30	4.320
337.67	4.420
338.03	4.602
338.40	4.659
338.77	4.863
339.14	4.892
339.50	4.959
339.87	4.894
340.24	4.968
340.61	5.005
340.97	4.975
341.34	5.137
341.71	5.186
342.08	5.175
342.44	5.245
342.81	5.256
343.18	5.377
343.55	5.431
343.91	5.385
344.28	5.411
344.65	5.367
345.02	5.492
345.38	5.431
345.75	5.441
346.12	5.438
346.48	5.465
346.85	5.459
347.22	5.457
347.59	5.536
347.95	5.479
348.32	5.517
348.69	5.717
349.05	5.772
349.42	5.823
349.79	5.837
350.15	6.057
350.52	6.096
350.89	6.227
351.25	6.184
351.62	6.198
351.99	6.318
352.35	6.220
352.72	6.109
353.09	5.971
353.45	5.996
353.82	6.051
354.18	5.852
354.55	5.867
354.92	5.665
355.28	5.745
355.65	5.744
356.02	5.804
356.38	5.750
356.75	5.747
357.11	5.767
357.48	5.790
357.85	5.741
358.21	5.773
358.58	5.685
358.94	5.771
359.31	5.757
359.67	5.710
360.04	5.686
360.41	5.771
360.77	5.769
361.14	5.834
361.50	5.816
361.87	5.821
362.23	5.836
362.60	5.825
362.97	5.796
363.33	5.758
363.70	5.782
364.06	5.809
364.43	5.749
364.79	5.733
365.16	5.655
365.52	5.658
365.89	5.694
366.25	5.705
366.62	5.726
366.98	5.687
367.35	5.645
367.71	5.645
368.08	5.668
368.44	5.694
368.81	5.779
369.17	5.887
369.54	5.696
369.90	5.578
370.27	5.602
370.63	5.690
371.00	5.770
371.36	5.738
371.73	5.754
372.09	5.605
372.45	5.612
372.82	5.533
373.18	5.465
373.55	5.610
373.91	5.629
374.28	5.568
374.64	5.602
375.01	5.470
375.37	5.519
375.73	5.484
376.10	5.516
376.46	5.505
376.83	5.575
377.19	5.571
377.55	5.580
377.92	5.581
378.28	5.662
378.65	5.541
379.01	5.592
379.37	5.747
379.74	5.828
380.10	5.920
380.47	5.929
380.83	5.899
381.19	5.821
381.56	5.747
381.92	5.827
382.28	5.842
382.65	5.936
383.01	6.026
383.37	5.865
383.74	5.676
384.10	5.622
384.46	5.618
384.83	5.595
385.19	5.671
385.55	5.745
385.92	5.767
386.28	5.710
386.64	5.722
387.01	5.759
387.37	5.779
387.73	5.874
388.10	5.880
388.46	5.863
388.82	5.867
389.18	5.863
389.55	5.860
389.91	5.814
390.27	5.828
390.64	5.780
391.00	5.756
391.36	5.723
391.72	5.751
392.09	5.743
392.45	5.771
392.81	5.759
393.17	5.756
393.54	5.769
393.90	5.746
394.26	5.751
394.62	5.821
394.99	5.873
395.35	5.925
395.71	5.909
396.07	5.997
396.43	6.023
396.80	6.156
397.16	6.218
397.52	6.284
397.88	6.372
398.24	6.452
398.61	6.476
398.97	6.438
399.33	6.488
399.69	6.540
400.05	6.532
400.42	6.558
400.78	6.460
401.14	6.455
401.50	6.426
401.86	6.444
402.22	6.406
402.59	6.352
402.95	6.403
403.31	6.395
403.67	6.437
404.03	6.389
404.39	6.409
404.75	6.518
405.12	6.482
405.48	6.535
405.84	6.493
406.20	6.482
406.56	6.514
406.92	6.506
407.28	6.531
407.64	6.536
408.00	6.629
408.36	6.665
408.73	6.639
409.09	6.761
409.45	6.747
409.81	6.817
410.17	6.829
410.53	6.851
410.89	6.890
411.25	6.929
411.61	6.922
411.97	6.961
412.33	6.883
412.69	6.903
413.05	6.951
413.41	7.001
413.77	7.056
414.13	7.136
414.50	7.205
414.86	7.189
415.22	7.283
415.58	7.277
415.94	7.280
416.30	7.346
416.66	7.410
417.02	7.425
417.38	7.465
417.74	7.492
418.10	7.551
418.46	7.609
418.82	7.679
419.18	7.664
419.54	7.731
419.90	7.755
420.26	7.774
420.61	7.779
420.97	7.795
421.33	7.773
421.69	7.785
422.05	7.780
422.41	7.783
422.77	7.832
423.13	7.847
423.49	7.859
423.85	7.844
424.21	7.876
424.57	7.874
424.93	7.912
425.29	7.970
425.65	7.999
426.01	8.066
426.36	8.124
426.72	8.080
427.08	8.108
427.44	8.158
427.80	8.233
428.16	8.300
428.52	8.399
428.88	8.486
429.24	8.570
429.59	8.637
429.95	8.596
430.31	8.574
430.67	8.681
431.03	8.806
431.39	8.895
431.75	8.951
432.10	8.974
432.46	8.965
432.82	8.867
433.18	8.889
433.54	8.940
433.90	9.115
434.25	9.188
434.61	9.143
434.97	9.068
435.33	9.090
435.69	9.113
436.04	9.160
436.40	9.251
436.76	9.351
437.12	9.357
437.48	9.392
437.83	9.307
438.19	9.379
438.55	9.429
438.91	9.533
439.27	9.570
439.62	9.626
439.98	9.725
440.34	9.781
440.70	9.827
441.05	9.875
441.41	9.934
441.77	9.997
442.13	9.975
442.48	10.067
442.84	10.134
443.20	10.172
443.56	10.237
443.91	10.261
444.27	10.286
444.63	10.349
444.98	10.343
445.34	10.330
445.70	10.339
446.05	10.393
446.41	10.435
446.77	10.539
447.13	10.596
447.48	10.608
447.84	10.639
448.20	10.652
448.55	10.734
448.91	10.797
449.27	10.908
449.62	11.024
449.98	11.172
450.34	11.274
450.69	11.258
451.05	11.348
451.40	11.398
451.76	11.491
452.12	11.565
452.47	11.586
452.83	11.675
453.19	11.673
453.54	11.671
453.90	11.663
454.25	11.695
454.61	11.750
454.97	11.715
455.32	11.798
455.68	11.841
456.03	11.937
456.39	12.012
456.75	12.149
457.10	12.247
457.46	12.371
457.81	12.474
458.17	12.514
458.52	12.573
458.88	12.706
459.24	12.738
459.59	12.803
459.95	12.853
460.30	12.938
460.66	12.972
461.01	13.022
461.37	13.082
461.72	13.117
462.08	13.182
462.43	13.252
462.79	13.285
463.14	13.472
463.50	13.555
463.85	13.593
464.21	13.619
464.56	13.689
464.92	13.778
465.27	13.874
465.63	13.969
465.98	14.031
466.34	14.188
466.69	14.300
467.05	14.282
467.40	14.374
467.76	14.431
468.11	14.490
468.47	14.557
468.82	14.589
469.18	14.612
469.53	14.621
469.88	14.734
470.24	14.720
470.59	14.723
470.95	14.780
471.30	14.744
471.66	14.909
472.01	14.968
472.36	14.944
472.72	14.991
473.07	15.072
473.43	15.195
473.78	15.203
474.13	15.198
474.49	15.220
474.84	15.319
475.19	15.403
475.55	15.414
475.90	15.424
476.26	15.490
476.61	15.530
476.96	15.564
477.32	15.562
477.67	15.620
478.02	15.671
478.38	15.686
478.73	15.680
479.08	15.651
479.44	15.696
479.79	15.782
480.14	15.772
480.50	15.746
480.85	15.739
481.20	15.714
481.56	15.665
481.91	15.696
482.26	15.766
482.62	15.815
482.97	15.861
483.32	15.838
483.67	15.834
484.03	15.841
484.38	15.910
484.73	15.903
485.08	15.919
485.44	15.977
485.79	16.008
486.14	16.024
486.49	16.038
486.85	16.042
487.20	16.077
487.55	16.083
487.90	16.132
488.26	16.155
488.61	16.215
488.96	16.277
489.31	16.324
489.67	16.365
490.02	16.447
490.37	16.506
490.72	16.573
491.07	16.658
491.43	16.724
491.78	16.802
492.13	16.810
492.48	16.854
492.83	16.896
493.19	16.974
493.54	17.084
493.89	17.159
494.24	17.232
494.59	17.346
494.94	17.405
495.29	17.509
495.65	17.587
496.00	17.684
496.35	17.778
496.70	17.876
497.05	17.919
497.40	18.021
497.75	18.020
498.11	18.156
498.46	18.246
498.81	18.405
499.16	18.543
499.51	18.636
499.86	18.771
500.21	18.929
500.56	19.123
500.91	19.295
501.26	19.405
501.62	19.613
501.97	19.657
502.32	19.761
502.67	19.790
503.02	19.923
503.37	20.078
503.72	20.184
504.07	20.257
504.42	20.351
504.77	20.464
505.12	20.512
505.47	20.602
505.82	20.727
506.17	20.856
506.52	21.058
506.87	21.105
507.22	21.236
507.57	21.342
507.92	21.456
508.27	21.566
508.62	21.660
508.97	21.766
509.32	21.864
509.67	21.978
510.02	22.115
510.37	22.183
510.72	22.306
511.07	22.365
511.42	22.500
511.77	22.643
512.12	22.746
512.47	22.828
512.82	23.017
513.17	23.163
513.52	23.343
513.87	23.464
514.22	23.642
514.57	23.781
514.91	23.911
515.26	24.053
515.61	24.211
515.96	24.307
516.31	24.468
516.66	24.575
517.01	24.713
517.36	24.882
517.71	25.014
518.06	25.134
518.41	25.218
518.75	25.380
519.10	25.507
519.45	25.577
519.80	25.678
520.15	25.841
520.50	25.942
520.85	26.039
521.19	26.113
521.54	26.325
521.89	26.461
522.24	26.669
522.59	26.797
522.94	26.902
523.28	27.049
523.63	27.209
523.98	27.262
524.33	27.396
524.68	27.519
525.03	27.671
525.37	27.769
525.72	27.880
526.07	27.991
526.42	28.156
526.76	28.321
527.11	28.500
527.46	28.644
527.81	28.795
528.16	28.889
528.50	28.994
528.85	29.074
529.20	29.132
529.55	29.207
529.89	29.300
530.24	29.360
530.59	29.468
530.94	29.542
531.28	29.660
531.63	29.834
531.98	29.998
532.32	30.106
532.67	30.263
533.02	30.381
533.37	30.480
533.71	30.628
534.06	30.783
534.41	30.890
534.75	31.086
535.10	31.248
535.45	31.356
535.79	31.491
536.14	31.703
536.49	31.781
536.83	31.922
537.18	32.156
537.53	32.283
537.87	32.385
538.22	32.542
538.57	32.635
538.91	32.766
539.26	32.953
539.61	33.092
539.95	33.228
540.30	33.394
540.64	33.491
540.99	33.527
541.34	33.573
541.68	33.657
542.03	33.743
542.37	33.835
542.72	33.912
543.07	33.937
543.41	34.054
543.76	34.111
544.10	34.181
544.45	34.268
544.80	34.401
545.14	34.569
545.49	34.710
545.83	34.759
546.18	34.833
546.52	34.949
546.87	35.055
547.21	35.075
547.56	35.212
547.90	35.260
548.25	35.342
548.59	35.425
548.94	35.528
549.29	35.592
549.63	35.736
549.98	35.861
550.32	35.986
550.67	36.106
551.01	36.294
551.35	36.365
551.70	36.432
552.04	36.601
552.39	36.711
552.73	36.784
553.08	36.883
553.42	36.972
553.77	37.026
554.11	37.056
554.46	37.136
554.80	37.170
555.15	37.264
555.49	37.372
555.83	37.431
556.18	37.453
556.52	37.516
556.87	37.652
557.21	37.659
557.56	37.808
557.90	37.871
558.24	37.947
558.59	38.016
558.93	37.971
559.28	38.097
559.62	38.215
559.96	38.295
560.31	38.343
560.65	38.336
560.99	38.404
561.34	38.420
561.68	38.529
562.02	38.629
562.37	38.671
562.71	38.829
563.06	38.826
563.40	38.858
563.74	38.972
564.09	39.025
564.43	39.081
564.77	39.238
565.11	39.279
565.46	39.351
565.80	39.390
566.14	39.458
566.49	39.460
566.83	39.538
567.17	39.576
567.52	39.581
567.86	39.701
568.20	39.771
568.54	39.834
568.89	39.947
569.23	40.029
569.57	40.099
569.91	40.236
570.26	40.410
570.60	40.488
570.94	40.563
571.28	40.675
571.63	40.716
571.97	40.793
572.31	40.832
572.65	40.834
573.00	40.819
573.34	40.829
573.68	40.859
574.02	40.818
574.36	40.863
574.71	40.888
575.05	40.876
575.39	40.874
575.73	40.930
576.07	40.995
576.42	41.019
576.76	41.162
577.10	41.257
577.44	41.182
577.78	41.258
578.12	41.315
578.46	41.417
578.81	41.475
579.15	41.581
579.49	41.611
579.83	41.604
580.17	41.769
580.51	41.632
580.85	41.640
581.20	41.833
581.54	41.798
581.88	42.032
582.22	42.024
582.56	42.074
582.90	41.999
583.24	42.053
583.58	42.135
583.92	42.091
584.26	42.239
584.60	42.362
584.95	42.336
585.29	42.467
585.63	42.326
585.97	42.306
586.31	42.344
586.65	42.427
586.99	42.382
587.33	42.472
587.67	42.539
588.01	42.678
588.35	42.597
588.69	42.703
589.03	42.732
589.37	42.759
589.71	42.804
590.05	42.845
590.39	42.816
590.73	42.893
591.07	42.783
591.41	42.713
591.75	42.604
592.09	42.685
592.43	42.766
592.77	42.718
593.11	42.783
593.45	42.881
593.79	42.856
594.13	42.946
594.47	43.095
594.81	43.241
595.14	43.421
595.48	43.598
595.82	43.530
596.16	43.637
596.50	43.740
596.84	43.778
597.18	43.842
597.52	43.996
597.86	44.116
598.20	44.020
598.54	44.049
598.87	44.031
599.21	44.083
599.55	44.157
599.89	43.984
600.23	44.105
600.57	44.113
600.91	44.071
601.25	44.014
601.58	43.994
601.92	44.113
602.26	44.112
602.60	44.220
602.94	44.082
603.28	44.136
603.61	44.190
603.95	44.106
604.29	44.205
604.63	44.263
604.97	44.299
605.30	44.280
605.64	44.210
605.98	44.197
606.32	44.124
606.66	44.062
606.99	44.170
607.33	44.205
607.67	44.286
608.01	44.195
608.34	44.166
608.68	44.264
609.02	44.271
609.36	44.348
609.69	44.373
610.03	44.535
610.37	44.658
610.71	44.654
611.04	44.667
611.38	44.724
611.72	44.794
612.06	44.900
612.39	44.906
612.73	44.935
613.07	45.018
613.40	45.115
613.74	45.025
614.08	45.154
614.41	45.228
614.75	45.376
615.09	45.369
615.42	45.350
615.76	45.327
616.10	45.314
616.43	45.387
616.77	45.374
617.11	45.298
617.44	45.293
617.78	45.193
618.12	45.133
618.45	45.105
618.79	45.110
619.13	45.166
619.46	45.102
619.80	45.118
620.13	45.069
620.47	45.061
620.81	45.210
621.14	45.206
621.48	45.338
621.81	45.282
622.15	45.249
622.48	45.214
622.82	45.226
623.16	45.340
623.49	45.304
623.83	45.401
624.16	45.546
624.50	45.457
624.83	45.404
625.17	45.299
625.50	45.406
625.84	45.430
626.18	45.416
626.51	45.353
626.85	45.305
627.18	45.326
627.52	45.259
627.85	45.174
628.19	45.226
628.52	45.272
628.86	45.303
629.19	45.281
629.53	45.204
629.86	45.309
630.19	45.390
630.53	45.502
630.86	45.391
631.20	45.372
631.53	45.432
631.87	45.251
632.20	45.392
632.54	45.350
632.87	45.430
633.20	45.527
633.54	45.344
633.87	45.340
634.21	45.354
634.54	45.471
634.88	45.703
635.21	45.715
635.54	45.905
635.88	45.725
636.21	45.712
636.55	45.707
636.88	45.656
637.21	45.939
637.55	45.923
637.88	45.681
638.21	45.583
638.55	45.473
638.88	45.430
639.21	45.276
639.55	45.254
639.88	45.337
640.21	45.340
640.55	45.154
640.88	44.896
641.21	44.861
641.55	45.033
641.88	45.107
642.21	44.976
642.55	44.728
642.88	44.727
643.21	44.719
643.55	44.667
643.88	44.359
644.21	44.628
644.54	44.780
644.88	44.739
645.21	44.581
645.54	44.673
645.87	44.759
646.21	44.801
646.54	44.836
646.87	44.976
647.20	44.875
647.54	45.059
647.87	44.899
648.20	44.917
648.53	44.925
648.87	44.951
649.20	44.964
649.53	44.956
649.86	44.888
650.19	44.896
650.53	44.908
650.86	44.980
651.19	45.073
651.52	45.034
651.85	45.003
652.18	44.943
652.52	45.026
652.85	44.779
653.18	44.845
653.51	45.051
653.84	45.285
654.17	45.344
654.51	45.395
654.84	45.188
655.17	45.233
655.50	45.118
655.83	45.147
656.16	45.282
656.49	45.430
656.82	45.181
657.15	45.225
657.49	44.819
657.82	44.551
658.15	44.464
658.48	44.526
658.81	44.354
659.14	44.408
659.47	44.416
659.80	44.404
660.13	44.414
660.46	44.512
660.79	44.440
661.12	44.516
661.45	44.449
661.78	44.447
662.11	44.549
662.44	44.719
662.77	44.546
663.10	44.562
663.43	44.548
663.76	44.618
664.09	44.675
664.42	44.482
664.75	44.404
665.08	44.654
665.41	44.637
665.74	44.255
666.07	44.021
666.40	44.185
666.73	44.172
667.06	43.921
667.39	43.771
667.72	43.640
668.05	43.747
668.38	43.880
668.71	43.463
669.04	43.277
669.37	43.449
669.70	43.569
670.03	43.211
670.36	42.959
670.69	42.857
671.01	42.735
671.34	42.691
671.67	42.678
672.00	42.550
672.33	42.629
672.66	42.697
672.99	42.784
673.32	42.818
673.64	43.042
673.97	43.286
674.30	43.386
674.63	43.367
674.96	43.334
675.29	43.186
675.62	43.077
675.94	42.966
676.27	42.972
676.60	42.844
676.93	42.652
677.26	42.594
677.58	42.313
677.91	42.211
678.24	42.146
678.57	42.191
678.90	42.109
679.22	42.186
679.55	42.196
679.88	42.281
680.21	42.136
680.54	42.079
680.86	41.713
681.19	41.655
681.52	41.462
681.85	41.376
682.17	41.235
682.50	41.132
682.83	41.033
683.16	41.087
683.48	40.938
683.81	40.811
684.14	40.687
684.46	40.976
684.79	40.928
685.12	40.951
685.45	40.703
685.77	40.556
686.10	40.482
686.43	40.238
686.75	40.071
687.08	39.880
687.41	39.777
687.73	39.643
688.06	39.301
688.39	39.475
688.71	39.339
689.04	39.267
689.36	39.425
689.69	39.592
690.02	39.716
690.34	39.827
690.67	39.965
691.00	39.869
691.32	39.994
691.65	39.864
691.97	39.539
692.30	39.288
692.63	39.212
692.95	38.798
693.28	38.536
693.60	38.272
693.93	37.877
694.26	37.376
694.58	37.440
694.91	36.953
695.23	37.391
695.56	37.222
695.88	36.922
696.21	37.095
696.53	36.774
696.86	36.255
697.18	36.067
697.51	35.910
697.83	35.803
698.16	36.028
698.48	36.090
698.81	35.572
699.13	35.678
699.46	35.943
699.78	35.516
700.11	35.400
700.43	35.747
700.76	35.675
701.08	35.700
701.41	35.673
701.73	34.960
702.06	34.941
702.38	34.828
702.71	34.183
703.03	33.955
703.35	33.908
703.68	34.253
704.00	33.462
704.33	33.356
704.65	33.029
704.98	32.874
705.30	32.708
705.62	32.642
705.95	32.597
706.27	32.779
706.60	32.870
706.92	32.917
707.24	32.268
707.57	32.264
707.89	32.082
708.21	32.538
708.54	32.346
708.86	32.562
709.18	32.647
709.51	32.851
709.83	32.396
710.15	32.111
710.48	32.137
710.80	32.232
711.12	32.125
711.45	32.174
711.77	31.701
712.09	31.665
712.42	31.533
712.74	31.084
713.06	30.437
713.38	30.438
713.71	30.153
714.03	29.808
714.35	29.664
714.68	29.575
715.00	29.200
715.32	28.840
715.64	28.812
715.97	28.565
716.29	28.170
716.61	28.640
716.93	28.813
717.25	29.067
717.58	28.855
717.90	28.874
718.22	29.356
718.54	29.819
718.87	30.100
719.19	29.797
719.51	29.624
719.83	30.231
720.15	30.132
720.47	30.023
720.80	29.778
721.12	29.942
721.44	29.816
721.76	29.143
722.08	28.812
722.40	28.644
722.73	28.567
723.05	28.585
723.37	28.251
723.69	27.510
724.01	27.150
724.33	26.622
724.65	26.440
724.97	26.104
725.30	26.923
725.62	26.709
725.94	26.505
726.26	26.274
726.58	26.398
726.90	26.334
727.22	26.424
727.54	26.578
727.86	26.692
728.18	26.542
728.50	26.874
728.82	26.242
729.14	26.844
729.46	27.013
729.78	27.158
730.10	27.095
730.42	26.805
730.74	26.584
731.07	26.394
731.39	26.138
731.71	26.312
732.03	25.867
732.35	25.918
732.66	25.342
732.98	25.236
733.30	25.667
733.62	25.360
733.94	25.663
734.26	25.688
734.58	25.674
734.90	25.984
735.22	25.956
735.54	26.320
735.86	26.176
736.18	26.041
736.50	26.140
736.82	26.078
737.14	25.482
737.46	24.707
737.78	24.880
738.10	24.800
738.41	24.818
738.73	24.856
739.05	24.834
739.37	24.786
739.69	25.018
740.01	24.419
740.33	23.876
740.65	24.392
740.96	24.527
741.28	24.493
741.60	24.671
741.92	24.358
742.24	24.735
742.56	24.526
742.88	24.405
743.19	24.156
743.51	24.242
743.83	24.312
744.15	24.127
744.47	24.603
744.78	25.055
745.10	24.958
745.42	25.324
745.74	25.059
746.06	25.150
746.37	25.538
746.69	25.767
747.01	25.801
747.33	25.445
747.64	26.164
747.96	26.381
748.28	25.689
748.60	25.495
748.91	26.366
749.23	25.261
749.55	24.395
749.87	23.647
750.18	22.658
750.50	22.125
750.82	22.408
751.13	21.813
751.45	21.750
751.77	20.827
752.08	21.209
752.40	19.479
752.72	20.308
753.03	21.088
753.35	21.570
753.67	22.353
753.98	22.954
754.30	22.605
754.62	23.067
754.93	23.006
755.25	23.615
755.57	23.298
755.88	23.792
756.20	23.104
756.51	23.237
756.83	23.039
757.15	23.436
757.46	23.364
757.78	23.718
758.09	23.207
758.41	23.364
758.73	23.200
759.04	22.861
759.36	22.127
759.67	22.751
759.99	21.507
760.30	21.632
760.62	21.172
760.94	21.210
761.25	21.224
761.57	21.734
761.88	21.421
762.20	22.333
762.51	23.303
762.83	23.816
763.14	24.077
763.46	25.008
763.77	24.961
764.09	24.913
764.40	24.902
764.72	25.029
765.03	24.705
765.35	24.762
765.66	24.934
765.98	23.721
766.29	23.332
766.61	22.653
766.92	21.761
767.23	22.433
767.55	22.085
767.86	21.679
768.18	20.555
768.49	20.121
768.81	19.586
769.12	18.067
769.43	19.295
769.75	19.346
770.06	19.459
770.38	20.473
770.69	18.342
771.00	17.626
771.32	18.838
771.63	19.987
771.94	21.094
772.26	22.005
772.57	21.945
772.89	21.966
773.20	21.279
773.51	20.864
773.83	19.435
774.14	20.964
774.45	22.036
774.77	21.572
775.08	21.375
775.39	21.614
775.70	20.113
776.02	20.871
776.33	19.194
776.64	19.796
776.96	19.664
777.27	19.727
777.58	18.283
777.89	18.609
778.21	18.956
778.52	17.939
778.83	17.427
779.14	17.862
779.46	18.594
779.77	19.135
780.08	20.194
780.39	20.508
780.71	22.335
781.02	23.693
781.33	23.973
781.64	24.587
781.95	25.054
782.27	22.684
782.58	22.338
782.89	22.360
783.20	21.544
783.51	20.503
783.83	20.400
784.14	20.337
784.45	19.855
784.76	19.955
785.07	18.498
785.38	19.154
785.70	20.675
786.01	21.840
786.32	22.399
786.63	24.193
786.94	24.711
787.25	24.103
787.56	23.652
787.87	22.594
788.18	20.696
788.50	20.164
788.81	21.373
789.12	21.365
789.43	20.746
789.74	19.113
790.05	19.133
790.36	18.223
790.67	19.429
790.98	20.575
791.29	21.618
791.60	22.170
791.91	21.551
792.22	18.849
792.53	18.789
792.84	17.447
793.15	17.381
793.46	15.732
793.77	17.590
794.08	16.670
794.39	13.914
794.70	13.367
795.01	13.206
795.32	12.525
795.63	14.924
795.94	16.361
796.25	18.723
796.56	18.444
796.87	19.555
797.18	17.940
797.49	18.139
797.80	20.195
798.11	21.049
798.42	21.394
798.73	22.813
799.04	22.877
799.35	22.019
799.65	21.907
799.96	23.268
800.27	24.129
800.58	23.810
800.89	23.486
801.20	20.735
801.51	21.231
801.82	21.765
802.13	22.512
802.43	20.776
802.74	21.530
803.05	19.963
803.36	18.813
803.67	16.848
803.98	16.898
804.28	18.663
804.59	20.910
804.90	19.831
805.21	19.338
805.52	18.137
805.83	17.661
806.13	16.775
806.44	16.655
806.75	16.826
807.06	17.650
807.36	18.950
807.67	18.074
807.98	17.343
808.29	16.679
808.60	17.465
808.90	15.613
809.21	15.390
809.52	15.745
809.83	16.541
810.13	17.978
810.44	17.229
810.75	14.813
811.05	14.971
811.36	14.888
811.67	16.247
811.98	15.545
812.28	17.490
812.59	19.650
812.90	18.904
813.20	18.866
813.51	15.575
813.82	16.926
814.12	20.519
814.43	18.818
814.74	19.900
815.04	20.389
815.35	21.685
815.65	20.402
815.96	20.455
816.27	22.013
816.57	23.274
816.88	24.399
817.19	24.355
817.49	24.578
817.80	25.941
818.10	25.066
818.41	23.448
818.72	22.498
819.02	24.344
819.33	23.541
819.63	21.182
819.94	18.135
820.24	17.774
820.55	19.054
820.85	18.478
821.16	18.103
821.47	18.525
821.77	19.235
822.08	19.404
822.38	19.255
822.69	18.870
822.99	19.192
823.30	19.936
823.60	20.624
823.91	20.026
824.21	19.850
824.52	20.397
824.82	20.748
825.13	20.278
825.43	20.068
825.73	19.887
826.04	20.565
826.34	20.036
826.65	19.750
826.95	18.962
827.26	19.829
827.56	19.627
827.87	18.901
828.17	17.778
828.47	18.112
828.78	17.667
829.08	17.372
829.39	16.260
829.69	16.020
829.99	14.603
830.30	13.655
830.60	12.574
830.90	15.979
831.21	15.845
831.51	16.728
831.82	17.588
832.12	19.893
832.42	21.806
832.73	23.014
833.03	22.392
833.33	24.237
833.64	23.735
833.94	23.428
834.24	20.911
834.54	20.018
834.85	20.034
835.15	19.490
835.45	18.509
835.76	17.559
836.06	16.903
836.36	18.265
836.66	16.254
836.97	17.036
837.27	16.429
837.57	15.170
837.87	14.639
838.18	10.718
838.48	10.934
838.78	8.924
839.08	9.475
839.39	10.061
839.69	8.776
839.99	7.347
840.29	5.110
840.59	5.060
840.90	4.315
841.20	6.442
841.50	10.927
841.80	11.703
842.10	12.369
842.41	12.744
842.71	10.526
843.01	8.687
843.31	11.988
843.61	15.819
843.91	14.804
844.21	20.297
844.52	22.862
844.82	25.159
845.12	23.933
845.42	26.616
845.72	26.552
846.02	29.154
846.32	32.234
846.62	32.171
846.92	24.786
847.22	26.955
847.52	26.090
847.83	19.967
848.13	10.569
848.43	12.292
848.73	4.054
849.03	7.515
849.33	7.353
849.63	10.352
849.93	23.618
850.23	29.495
850.53	31.651
850.83	31.937
851.13	38.838
851.43	40.586
851.73	38.948
852.03	40.257
852.33	32.862
852.63	41.417
852.93	36.842
853.23	25.886
853.53	21.224
853.83	13.895
854.13	5.889
854.43	-3.188
854.73	-0.352
855.03	1.350
855.32	5.381
855.62	13.181
855.92	6.455
856.22	9.884
856.52	15.279
856.82	19.702
857.12	23.618
857.42	30.145
857.72	32.611
858.02	33.295
858.31	29.044
858.61	31.150
858.91	23.830
859.21	25.275
859.51	18.311
859.81	11.349
860.11	9.772
860.40	13.297
860.70	15.098
861.00	13.195
861.30	7.458
861.60	13.636
861.90	10.920
862.19	23.013
862.49	17.225
862.79	14.269
863.09	10.373
863.39	12.431
863.68	6.462
863.98	1.316
864.28	-0.747
864.58	-1.023
864.87	-1.212
865.17	4.328
865.47	-0.220
865.77	7.350
866.06	15.282
866.36	20.642
866.66	18.480
866.96	16.205
867.25	24.209
867.55	22.350
867.85	30.661
868.14	22.182
868.44	20.372
868.74	15.698
869.03	17.659
869.33	15.087
869.63	10.585
869.92	14.120
870.22	16.077
870.52	11.765
870.81	12.308
871.11	8.011
871.41	25.323
871.70	28.064
872.00	30.201
872.30	26.728
872.59	32.720
872.89	38.972
873.18	35.240
873.48	28.492
873.78	21.674
874.07	28.143
874.37	26.311
874.66	20.021
874.96	10.891
875.25	19.136
875.55	12.844
875.85	5.694
876.14	1.049
876.44	2.372
876.73	11.523
877.03	20.668
877.32	19.060
877.62	9.933
877.91	19.588
878.21	32.737
878.50	16.528
878.80	24.138
879.09	21.370
879.39	22.280
879.68	19.405
879.98	18.799
880.27	13.340
880.57	10.560
880.86	16.867
881.16	7.674
881.45	5.167
881.74	9.732
882.04	11.842
882.33	14.615
882.63	15.091
882.92	16.069
883.22	15.984
883.51	14.894
883.80	14.717
884.10	13.822
884.39	15.691
884.69	17.951
884.98	19.337
885.27	20.652
885.57	18.845
885.86	21.037
886.15	21.700
886.45	23.261
886.74	26.366
887.03	26.965
887.33	32.603
887.62	32.213
887.91	19.868
888.21	16.393
888.50	-8.696
888.79	39.623
889.09	3.448
