190.56	95.652
190.94	95.652
191.32	95.652
191.70	193.333
192.08	46.341
192.46	134.483
192.84	132.432
193.22	49.153
193.60	15.789
193.98	-16.071
194.36	-180.000
194.74	436706027432200.000
195.13	-45.455
195.51	400.000
195.89	17.978
196.27	23.704
196.65	-200.000
197.03	-133.333
197.40	32.231
197.78	32.468
198.16	-22.152
198.54	-12.821
198.92	-10.177
199.30	-0.350
199.68	-18.971
200.06	1.761
200.44	4.643
200.82	9.317
201.20	22.400
201.58	-2.941
201.96	1.330
202.34	13.296
202.72	2.878
203.10	10.227
203.48	-5.780
203.86	-9.646
204.24	-8.993
204.62	-20.875
205.00	-10.095
205.38	-28.975
205.76	-33.047
206.13	-55.052
206.51	-90.435
206.89	-58.108
207.27	-79.832
207.65	-56.250
208.03	-64.948
208.41	-115.254
208.79	-99.454
209.17	-97.790
209.55	-187.395
209.93	-148.276
210.30	-105.921
210.68	-47.414
211.06	-32.364
211.44	-34.155
211.82	-38.554
212.20	-26.154
212.58	-17.160
212.96	-50.655
213.33	-74.286
213.71	-27.673
214.09	-51.536
214.47	-54.000
214.85	-81.053
215.23	-117.012
215.61	-89.764
215.98	-93.117
216.36	-70.625
216.74	-53.985
217.12	-30.047
217.50	-17.227
217.88	-25.847
218.25	-21.957
218.63	-25.576
219.01	-26.139
219.39	-12.727
219.77	-16.194
220.14	-9.564
220.52	-13.877
220.90	-10.371
221.28	-6.832
221.66	-3.526
222.03	-4.370
222.41	-1.772
222.79	0.266
223.17	9.084
223.55	6.488
223.92	3.110
224.30	3.953
224.68	4.965
225.06	-2.070
225.43	-2.399
225.81	-2.812
226.19	0.428
226.57	1.740
226.95	1.742
227.32	0.554
227.70	1.496
228.08	0.133
228.46	0.069
228.83	-0.000
229.21	1.266
229.59	1.428
229.96	0.911
230.34	0.100
230.72	-0.992
231.10	-1.062
231.47	-2.041
231.85	-2.617
232.23	0.154
232.60	-1.507
232.98	-1.736
233.36	-1.452
233.74	-3.284
234.11	-4.532
234.49	-4.544
234.87	-4.209
235.24	-3.932
235.62	-3.174
236.00	-3.550
236.37	-4.203
236.75	-3.386
237.13	-3.643
237.50	-5.004
237.88	-5.280
238.26	-4.748
238.63	-4.600
239.01	-3.829
239.39	-4.123
239.76	-3.442
240.14	-2.372
240.52	-2.370
240.89	-1.604
241.27	-1.345
241.65	-1.044
242.02	-0.681
242.40	0.000
242.77	-0.332
243.15	-0.339
243.53	-0.592
243.90	-0.848
244.28	-1.222
244.66	-1.038
245.03	-0.914
245.41	-0.733
245.78	-0.705
246.16	-0.425
246.54	-0.611
246.91	-0.213
247.29	-0.271
247.66	-0.355
248.04	-0.209
248.41	-0.114
248.79	0.075
249.17	-0.374
249.54	-0.293
249.92	0.171
250.29	-0.039
250.67	-0.296
251.04	-0.605
251.42	-0.743
251.80	-0.539
252.17	-0.634
252.55	-0.905
252.92	-1.189
253.30	-0.654
253.67	-1.090
254.05	-1.451
254.42	-1.685
254.80	-1.827
255.17	-1.914
255.55	-1.623
255.92	-1.840
256.30	-1.685
256.67	-1.423
257.05	-1.255
257.42	-1.572
257.80	-1.371
258.17	-1.342
258.55	-0.977
258.92	-0.631
259.30	-0.552
259.67	-0.618
260.05	-0.349
260.42	-0.390
260.80	-0.311
261.17	-0.356
261.55	-0.403
261.92	-0.148
262.30	-0.075
262.67	-0.343
263.05	-0.418
263.42	-0.471
263.79	0.064
264.17	-0.228
264.54	-0.263
264.92	-0.443
265.29	-0.626
265.67	-0.385
266.04	-0.687
266.42	-0.610
266.79	-0.167
267.16	-0.134
267.54	-0.036
267.91	-0.235
268.29	-0.230
268.66	-0.245
269.03	-0.026
269.41	0.132
269.78	0.249
270.16	0.194
270.53	0.194
270.90	0.123
271.28	-0.064
271.65	-0.169
272.03	-0.167
272.40	-0.159
272.77	-0.260
273.15	-0.297
273.52	-0.438
273.89	-0.438
274.27	-0.380
274.64	-0.337
275.01	-0.427
275.39	-0.364
275.76	-0.383
276.14	-0.475
276.51	-0.351
276.88	-0.384
277.26	-0.391
277.63	-0.365
278.00	-0.757
278.38	-0.830
278.75	-0.926
279.12	-0.945
279.49	-1.173
279.87	-0.965
280.24	-1.142
280.61	-0.937
280.99	-0.579
281.36	-0.560
281.73	-0.662
282.11	-0.480
282.48	-0.393
282.85	-0.458
283.22	-0.535
283.60	-0.361
283.97	-0.324
284.34	-0.217
284.71	-0.365
285.09	-0.561
285.46	-0.580
285.83	-0.412
286.21	-0.445
286.58	-0.427
286.95	-0.408
287.32	-0.069
287.70	0.103
288.07	-0.065
288.44	0.157
288.81	0.344
289.18	0.493
289.56	0.362
289.93	0.265
290.30	0.500
290.67	0.593
291.05	0.627
291.42	0.487
291.79	0.397
292.16	0.573
292.53	0.473
292.91	0.499
293.28	0.543
293.65	0.741
294.02	1.023
294.39	0.936
294.76	1.047
295.14	1.062
295.51	1.127
295.88	1.321
296.25	1.394
296.62	1.619
297.00	1.788
297.37	1.951
297.74	2.255
298.11	2.306
298.48	2.515
298.85	2.781
299.22	3.196
299.60	3.556
299.97	3.954
300.34	4.507
300.71	5.033
301.08	5.451
301.45	5.987
301.82	6.236
302.19	6.803
302.56	7.401
302.94	7.972
303.31	8.807
303.68	9.540
304.05	10.380
304.42	11.107
304.79	11.760
305.16	12.312
305.53	13.012
305.90	13.638
306.27	14.408
306.64	15.147
307.02	15.547
307.39	16.012
307.76	16.414
308.13	16.849
308.50	17.306
308.87	17.492
309.24	18.002
309.61	18.340
309.98	18.959
310.35	19.241
310.72	19.520
311.09	19.954
311.46	20.270
311.83	20.709
312.20	21.005
312.57	21.151
312.94	21.647
313.31	22.053
313.68	22.320
314.05	22.556
314.42	22.999
314.79	23.573
315.16	23.870
315.53	24.258
315.90	24.492
316.27	24.701
316.64	25.171
317.01	25.482
317.38	25.724
317.75	25.794
318.12	26.137
318.49	26.350
318.86	26.296
319.23	26.328
319.60	26.167
319.97	26.361
320.34	26.478
320.71	26.445
321.08	26.489
321.45	26.543
321.82	26.737
322.19	26.570
322.55	26.633
322.92	26.781
323.29	27.085
323.66	27.477
324.03	27.415
324.40	27.406
324.77	27.468
325.14	27.552
325.51	27.605
325.88	27.728
326.25	27.982
326.61	27.998
326.98	28.004
327.35	28.148
327.72	27.893
328.09	28.178
328.46	28.338
328.83	28.236
329.20	28.275
329.56	28.298
329.93	28.452
330.30	28.517
330.67	28.386
331.04	28.238
331.41	28.134
331.78	28.383
332.14	28.257
332.51	28.199
332.88	28.401
333.25	28.364
333.62	28.378
333.99	28.272
334.35	28.165
334.72	28.275
335.09	28.387
335.46	28.563
335.83	28.440
336.19	28.449
336.56	28.301
336.93	28.345
337.30	28.329
337.67	28.423
338.03	28.625
338.40	28.686
338.77	28.737
339.14	28.787
339.50	28.572
339.87	28.809
340.24	28.870
340.61	29.075
340.97	29.090
341.34	29.384
341.71	29.458
342.08	29.413
342.44	29.424
342.81	29.536
343.18	29.617
343.55	29.774
343.91	29.688
344.28	29.753
344.65	29.808
345.02	29.763
345.38	29.555
345.75	29.540
346.12	29.500
346.48	29.573
346.85	29.528
347.22	29.550
347.59	29.520
347.95	29.483
348.32	29.329
348.69	29.271
349.05	29.352
349.42	29.209
349.79	29.261
350.15	29.344
350.52	29.307
350.89	29.267
351.25	29.258
351.62	29.156
351.99	29.224
352.35	29.249
352.72	29.271
353.09	29.127
353.45	29.318
353.82	29.097
354.18	28.915
354.55	28.902
354.92	28.731
355.28	28.485
355.65	28.495
356.02	28.330
356.38	28.398
356.75	28.347
357.11	28.272
357.48	28.123
357.85	28.173
358.21	28.177
358.58	28.087
358.94	28.217
359.31	28.265
359.67	28.120
360.04	28.092
360.41	27.930
360.77	27.896
361.14	27.976
361.50	27.996
361.87	27.971
362.23	28.049
362.60	28.013
362.97	27.960
363.33	27.963
363.70	28.077
364.06	28.055
364.43	28.067
364.79	28.118
365.16	28.121
365.52	28.152
365.89	28.167
366.25	28.172
366.62	28.230
366.98	28.232
367.35	28.216
367.71	28.140
368.08	28.109
368.44	28.210
368.81	28.048
369.17	27.937
369.54	27.880
369.90	27.811
370.27	27.614
370.63	27.473
371.00	27.397
371.36	27.370
371.73	27.351
372.09	27.391
372.45	27.218
372.82	27.285
373.18	27.212
373.55	27.169
373.91	27.153
374.28	27.130
374.64	27.079
375.01	26.956
375.37	26.917
375.73	26.806
376.10	26.649
376.46	26.553
376.83	26.431
377.19	26.429
377.55	26.298
377.92	26.133
378.28	26.087
378.65	26.085
379.01	26.080
379.37	25.946
379.74	25.878
380.10	25.949
380.47	25.805
380.83	25.752
381.19	25.631
381.56	25.612
381.92	25.620
382.28	25.566
382.65	25.420
383.01	25.190
383.37	25.111
383.74	25.064
384.10	24.897
384.46	24.842
384.83	24.700
385.19	24.638
385.55	24.637
385.92	24.499
386.28	24.273
386.64	24.231
387.01	24.156
387.37	23.902
387.73	23.833
388.10	23.701
388.46	23.625
388.82	23.454
389.18	23.224
389.55	23.000
389.91	22.828
390.27	22.715
390.64	22.484
391.00	22.408
391.36	22.395
391.72	22.272
392.09	22.115
392.45	22.062
392.81	21.991
393.17	21.938
393.54	21.838
393.90	21.796
394.26	21.574
394.62	21.539
394.99	21.318
395.35	21.280
395.71	21.175
396.07	21.065
396.43	20.843
396.80	20.658
397.16	20.488
397.52	20.401
397.88	20.254
398.24	20.271
398.61	20.086
398.97	20.009
399.33	19.908
399.69	19.700
400.05	19.641
400.42	19.641
400.78	19.626
401.14	19.566
401.50	19.334
401.86	19.244
402.22	19.065
402.59	18.966
402.95	18.885
403.31	18.728
403.67	18.642
404.03	18.524
404.39	18.337
404.75	18.188
405.12	18.097
405.48	18.048
405.84	17.942
406.20	17.845
406.56	17.762
406.92	17.647
407.28	17.535
407.64	17.434
408.00	17.347
408.36	17.333
408.73	17.264
409.09	17.186
409.45	16.974
409.81	16.867
410.17	16.893
410.53	16.815
410.89	16.901
411.25	16.895
411.61	16.814
411.97	16.815
412.33	16.740
412.69	16.677
413.05	16.445
413.41	16.453
413.77	16.367
414.13	16.259
414.50	16.276
414.86	16.089
415.22	15.984
415.58	15.882
415.94	15.643
416.30	15.557
416.66	15.421
417.02	15.455
417.38	15.362
417.74	15.267
418.10	15.177
418.46	15.017
418.82	14.984
419.18	14.937
419.54	14.893
419.90	14.899
420.26	14.835
420.61	14.805
420.97	14.783
421.33	14.809
421.69	14.783
422.05	14.804
422.41	14.778
422.77	14.683
423.13	14.622
423.49	14.596
423.85	14.557
424.21	14.582
424.57	14.621
424.93	14.607
425.29	14.595
425.65	14.631
426.01	14.620
426.36	14.635
426.72	14.674
427.08	14.637
427.44	14.681
427.80	14.761
428.16	14.713
428.52	14.732
428.88	14.742
429.24	14.709
429.59	14.687
429.95	14.654
430.31	14.695
430.67	14.752
431.03	14.839
431.39	14.914
431.75	14.913
432.10	15.001
432.46	15.012
432.82	15.072
433.18	15.146
433.54	15.202
433.90	15.325
434.25	15.394
434.61	15.438
434.97	15.549
435.33	15.491
435.69	15.499
436.04	15.573
436.40	15.723
436.76	15.730
437.12	15.791
437.48	15.854
437.83	15.861
438.19	15.897
438.55	15.940
438.91	15.950
439.27	16.068
439.62	16.169
439.98	16.151
440.34	16.129
440.70	16.198
441.05	16.230
441.41	16.288
441.77	16.338
442.13	16.345
442.48	16.343
442.84	16.397
443.20	16.472
443.56	16.410
443.91	16.496
444.27	16.409
444.63	16.382
444.98	16.332
445.34	16.293
445.70	16.239
446.05	16.268
446.41	16.349
446.77	16.332
447.13	16.258
447.48	16.295
447.84	16.232
448.20	16.271
448.55	16.335
448.91	16.343
449.27	16.319
449.62	16.343
449.98	16.322
450.34	16.288
450.69	16.297
451.05	16.299
451.40	16.285
451.76	16.229
452.12	16.210
452.47	16.101
452.83	16.154
453.19	16.140
453.54	16.091
453.90	16.082
454.25	15.999
454.61	15.845
454.97	15.788
455.32	15.736
455.68	15.770
456.03	15.830
456.39	15.839
456.75	15.800
457.10	15.771
457.46	15.797
457.81	15.753
458.17	15.749
458.52	15.841
458.88	15.850
459.24	15.865
459.59	15.943
459.95	15.866
460.30	15.883
460.66	15.887
461.01	15.942
461.37	15.914
461.72	15.964
462.08	16.023
462.43	16.075
462.79	16.158
463.14	16.301
463.50	16.303
463.85	16.430
464.21	16.471
464.56	16.537
464.92	16.645
465.27	16.794
465.63	16.806
465.98	16.887
466.34	16.970
466.69	17.004
467.05	16.971
467.40	16.952
467.76	16.992
468.11	17.039
468.47	17.084
468.82	17.058
469.18	17.100
469.53	17.223
469.88	17.239
470.24	17.222
470.59	17.355
470.95	17.496
471.30	17.563
471.66	17.606
472.01	17.661
472.36	17.782
472.72	17.801
473.07	17.882
473.43	17.902
473.78	17.975
474.13	18.044
474.49	17.986
474.84	17.946
475.19	17.991
475.55	18.006
475.90	18.029
476.26	17.976
476.61	17.958
476.96	17.871
477.32	17.858
477.67	17.811
478.02	17.744
478.38	17.727
478.73	17.680
479.08	17.588
479.44	17.547
479.79	17.454
480.14	17.395
480.50	17.360
480.85	17.309
481.20	17.270
481.56	17.236
481.91	17.186
482.26	17.166
482.62	17.160
482.97	17.191
483.32	17.214
483.67	17.265
484.03	17.291
484.38	17.314
484.73	17.317
485.08	17.317
485.44	17.314
485.79	17.338
486.14	17.371
486.49	17.373
486.85	17.368
487.20	17.356
487.55	17.314
487.90	17.276
488.26	17.267
488.61	17.281
488.96	17.296
489.31	17.307
489.67	17.346
490.02	17.347
490.37	17.373
490.72	17.390
491.07	17.452
491.43	17.508
491.78	17.589
492.13	17.661
492.48	17.717
492.83	17.766
493.19	17.875
493.54	17.932
493.89	18.014
494.24	18.101
494.59	18.257
494.94	18.285
495.29	18.444
495.65	18.540
496.00	18.537
496.35	18.603
496.70	18.716
497.05	18.822
497.40	18.949
497.75	19.034
498.11	19.207
498.46	19.293
498.81	19.399
499.16	19.419
499.51	19.437
499.86	19.653
500.21	19.782
500.56	19.873
500.91	19.972
501.26	20.101
501.62	20.301
501.97	20.405
502.32	20.489
502.67	20.675
503.02	20.891
503.37	21.103
503.72	21.236
504.07	21.381
504.42	21.596
504.77	21.735
505.12	21.897
505.47	21.978
505.82	22.123
506.17	22.231
506.52	22.366
506.87	22.507
507.22	22.610
507.57	22.711
507.92	22.825
508.27	22.894
508.62	23.061
508.97	23.183
509.32	23.298
509.67	23.369
510.02	23.507
510.37	23.616
510.72	23.671
511.07	23.816
511.42	24.023
511.77	24.089
512.12	24.228
512.47	24.318
512.82	24.352
513.17	24.474
513.52	24.570
513.87	24.691
514.22	24.789
514.57	24.884
514.91	24.933
515.26	24.908
515.61	24.991
515.96	25.028
516.31	25.072
516.66	25.080
517.01	25.111
517.36	25.164
517.71	25.189
518.06	25.183
518.41	25.232
518.75	25.249
519.10	25.300
519.45	25.350
519.80	25.370
520.15	25.354
520.50	25.410
520.85	25.377
521.19	25.413
521.54	25.417
521.89	25.431
522.24	25.398
522.59	25.397
522.94	25.322
523.28	25.348
523.63	25.305
523.98	25.277
524.33	25.314
524.68	25.360
525.03	25.309
525.37	25.279
525.72	25.258
526.07	25.152
526.42	25.141
526.76	25.069
527.11	25.017
527.46	25.039
527.81	25.032
528.16	24.985
528.50	24.938
528.85	24.927
529.20	24.916
529.55	24.911
529.89	24.925
530.24	24.886
530.59	24.924
530.94	24.883
531.28	24.766
531.63	24.694
531.98	24.651
532.32	24.556
532.67	24.510
533.02	24.481
533.37	24.435
533.71	24.430
534.06	24.351
534.41	24.286
534.75	24.263
535.10	24.302
535.45	24.278
535.79	24.180
536.14	24.232
536.49	24.237
536.83	24.200
537.18	24.133
537.53	24.088
537.87	24.098
538.22	24.084
538.57	24.037
538.91	23.905
539.26	23.883
539.61	23.913
539.95	23.871
540.30	23.836
540.64	23.802
540.99	23.790
541.34	23.783
541.68	23.781
542.03	23.769
542.37	23.780
542.72	23.817
543.07	23.848
543.41	23.899
543.76	23.939
544.10	23.933
544.45	23.924
544.80	23.906
545.14	23.885
545.49	23.897
545.83	23.928
546.18	23.946
546.52	23.974
546.87	23.990
547.21	23.983
547.56	23.947
547.90	23.975
548.25	24.042
548.59	24.103
548.94	24.145
549.29	24.161
549.63	24.266
549.98	24.276
550.32	24.308
550.67	24.299
551.01	24.287
551.35	24.327
551.70	24.298
552.04	24.362
552.39	24.404
552.73	24.377
553.08	24.431
553.42	24.364
553.77	24.319
554.11	24.365
554.46	24.338
554.80	24.300
555.15	24.345
555.49	24.350
555.83	24.324
556.18	24.356
556.52	24.408
556.87	24.349
557.21	24.347
557.56	24.369
557.90	24.391
558.24	24.378
558.59	24.394
558.93	24.318
559.28	24.328
559.62	24.231
559.96	24.228
560.31	24.231
560.65	24.281
560.99	24.294
561.34	24.311
561.68	24.142
562.02	24.198
562.37	24.176
562.71	24.051
563.06	24.043
563.40	24.070
563.74	24.085
564.09	24.112
564.43	24.082
564.77	24.049
565.11	23.985
565.46	24.055
565.80	23.991
566.14	24.000
566.49	24.043
566.83	24.047
567.17	23.996
567.52	23.920
567.86	23.815
568.20	23.799
568.54	23.701
568.89	23.713
569.23	23.633
569.57	23.590
569.91	23.502
570.26	23.533
570.60	23.457
570.94	23.472
571.28	23.403
571.63	23.446
571.97	23.333
572.31	23.303
572.65	23.285
573.00	23.244
573.34	23.195
573.68	23.165
574.02	23.087
574.36	22.997
574.71	22.911
575.05	22.868
575.39	22.720
575.73	22.660
576.07	22.720
576.42	22.677
576.76	22.701
577.10	22.712
577.44	22.741
577.78	22.738
578.12	22.829
578.46	22.853
578.81	22.882
579.15	22.972
579.49	23.037
579.83	22.956
580.17	23.041
580.51	23.013
580.85	22.964
581.20	22.940
581.54	23.060
581.88	23.133
582.22	23.147
582.56	23.172
582.90	23.225
583.24	23.347
583.58	23.379
583.92	23.443
584.26	23.588
584.60	23.722
584.95	23.855
585.29	23.951
585.63	23.999
585.97	24.124
586.31	24.223
586.65	24.335
586.99	24.358
587.33	24.601
587.67	24.639
588.01	24.742
588.35	24.867
588.69	25.000
589.03	24.932
589.37	24.966
589.71	25.126
590.05	25.277
590.39	25.326
590.73	25.495
591.07	25.508
591.41	25.567
591.75	25.572
592.09	25.658
592.43	25.697
592.77	25.881
593.11	25.983
593.45	25.935
593.79	26.040
594.13	26.071
594.47	26.045
594.81	26.155
595.14	26.258
595.48	26.408
595.82	26.468
596.16	26.472
596.50	26.482
596.84	26.539
597.18	26.588
597.52	26.529
597.86	26.597
598.20	26.631
598.54	26.596
598.87	26.590
599.21	26.486
599.55	26.444
599.89	26.459
600.23	26.411
600.57	26.436
600.91	26.483
601.25	26.528
601.58	26.604
601.92	26.721
602.26	26.753
602.60	26.857
602.94	26.854
603.28	26.883
603.61	26.855
603.95	26.957
604.29	26.980
604.63	27.055
604.97	27.030
605.30	27.020
605.64	27.044
605.98	27.068
606.32	27.055
606.66	27.099
606.99	27.110
607.33	27.206
607.67	27.146
608.01	27.121
608.34	27.130
608.68	27.137
609.02	27.066
609.36	26.955
609.69	26.974
610.03	26.922
610.37	26.975
610.71	27.056
611.04	27.147
611.38	27.248
611.72	27.306
612.06	27.284
612.39	27.310
612.73	27.494
613.07	27.583
613.40	27.476
613.74	27.488
614.08	27.476
614.41	27.404
614.75	27.288
615.09	27.058
615.42	26.857
615.76	26.711
616.10	26.679
616.43	26.509
616.77	26.473
617.11	26.558
617.44	26.510
617.78	26.416
618.12	26.381
618.45	26.384
618.79	26.586
619.13	26.762
619.46	26.844
619.80	26.828
620.13	26.795
620.47	26.817
620.81	26.769
621.14	26.776
621.48	26.857
621.81	26.884
622.15	26.923
622.48	26.911
622.82	26.873
623.16	26.887
623.49	27.020
623.83	27.129
624.16	27.107
624.50	27.041
624.83	27.002
625.17	27.027
625.50	27.053
625.84	27.040
626.18	26.977
626.51	27.006
626.85	27.087
627.18	26.981
627.52	26.951
627.85	26.861
628.19	26.856
628.52	26.849
628.86	26.834
629.19	26.814
629.53	26.664
629.86	26.695
630.19	26.665
630.53	26.609
630.86	26.519
631.20	26.494
631.53	26.644
631.87	26.699
632.20	26.763
632.54	26.706
632.87	26.738
633.20	26.848
633.54	26.835
633.87	26.819
634.21	26.733
634.54	26.784
634.88	26.756
635.21	26.629
635.54	26.642
635.88	26.514
636.21	26.461
636.55	26.211
636.88	26.202
637.21	26.034
637.55	25.868
637.88	25.859
638.21	25.895
638.55	25.964
638.88	25.958
639.21	25.906
639.55	25.929
639.88	25.901
640.21	25.830
640.55	25.726
640.88	25.757
641.21	25.854
641.55	25.807
641.88	25.920
642.21	25.795
642.55	25.812
642.88	25.735
643.21	25.815
643.55	25.768
643.88	25.899
644.21	25.901
644.54	25.890
644.88	25.726
645.21	25.510
645.54	25.149
645.87	25.114
646.21	25.028
646.54	25.119
646.87	25.095
647.20	25.137
647.54	25.360
647.87	25.298
648.20	25.262
648.53	25.494
648.87	25.808
649.20	25.977
649.53	26.022
649.86	26.024
650.19	25.968
650.53	26.027
650.86	25.937
651.19	25.755
651.52	25.835
651.85	25.909
652.18	25.768
652.52	25.584
652.85	25.644
653.18	25.780
653.51	25.717
653.84	25.758
654.17	25.540
654.51	25.447
654.84	25.246
655.17	25.276
655.50	25.212
655.83	25.055
656.16	25.049
656.49	24.765
656.82	24.619
657.15	24.738
657.49	24.672
657.82	24.601
658.15	24.744
658.48	24.737
658.81	24.655
659.14	24.613
659.47	24.696
659.80	24.745
660.13	24.802
660.46	24.711
660.79	24.586
661.12	24.467
661.45	24.414
661.78	24.258
662.11	24.446
662.44	24.318
662.77	24.326
663.10	24.194
663.43	24.068
663.76	24.074
664.09	23.973
664.42	24.004
664.75	23.816
665.08	23.894
665.41	23.913
665.74	23.702
666.07	23.656
666.40	23.506
666.73	23.543
667.06	23.357
667.39	23.292
667.72	23.230
668.05	23.056
668.38	23.239
668.71	23.175
669.04	23.183
669.37	23.237
669.70	23.243
670.03	23.287
670.36	22.982
670.69	23.113
671.01	22.892
671.34	22.888
671.67	22.884
672.00	22.803
672.33	22.483
672.66	22.220
672.99	21.866
673.32	21.707
673.64	21.525
673.97	21.598
674.30	21.284
674.63	21.205
674.96	21.047
675.29	21.065
675.62	20.556
675.94	20.707
676.27	20.630
676.60	20.554
676.93	20.439
677.26	20.210
677.58	20.223
677.91	20.180
678.24	20.146
678.57	19.914
678.90	19.731
679.22	19.817
679.55	19.568
679.88	19.515
680.21	19.539
680.54	19.481
680.86	19.587
681.19	19.306
681.52	19.437
681.85	19.070
682.17	19.105
682.50	18.932
682.83	18.823
683.16	18.853
683.48	18.724
683.81	18.536
684.14	18.409
684.46	18.193
684.79	18.198
685.12	17.762
685.45	17.887
685.77	17.688
686.10	17.526
686.43	17.405
686.75	17.071
687.08	16.975
687.41	16.733
687.73	16.526
688.06	16.293
688.39	16.156
688.71	15.851
689.04	15.793
689.36	15.583
689.69	15.393
690.02	15.316
690.34	15.323
690.67	15.100
691.00	15.013
691.32	14.885
691.65	14.956
691.97	14.514
692.30	14.712
692.63	14.347
692.95	14.349
693.28	14.292
693.60	13.865
693.93	13.361
694.26	13.406
694.58	13.349
694.91	12.999
695.23	12.604
695.56	12.600
695.88	12.125
696.21	11.946
696.53	11.606
696.86	11.490
697.18	11.629
697.51	11.429
697.83	11.143
698.16	10.770
698.48	10.700
698.81	10.406
699.13	10.267
699.46	10.228
699.78	10.265
700.11	9.999
700.43	9.795
700.76	9.376
701.08	9.135
701.41	8.732
701.73	8.550
702.06	8.358
702.38	8.377
702.71	8.139
703.03	7.755
703.35	7.254
703.68	6.943
704.00	6.602
704.33	6.235
704.65	6.169
704.98	5.644
705.30	5.211
705.62	5.113
705.95	4.662
706.27	4.626
706.60	4.389
706.92	4.582
707.24	4.655
707.57	4.092
707.89	4.028
708.21	3.989
708.54	3.840
708.86	3.984
709.18	3.360
709.51	2.879
709.83	2.149
710.15	1.890
710.48	1.038
710.80	0.331
711.12	-0.227
711.45	-0.977
711.77	-1.420
712.09	-1.306
712.42	-2.441
712.74	-2.970
713.06	-2.896
713.38	-3.356
713.71	-3.567
714.03	-3.409
714.35	-3.584
714.68	-3.256
715.00	-2.930
715.32	-3.295
715.64	-4.092
715.97	-3.555
716.29	-3.548
716.61	-3.602
716.93	-3.569
717.25	-4.412
717.58	-5.316
717.90	-6.000
718.22	-6.418
718.54	-7.328
718.87	-7.681
719.19	-7.563
719.51	-8.699
719.83	-9.651
720.15	-10.594
720.47	-11.041
720.80	-11.145
721.12	-11.250
721.44	-10.893
721.76	-11.935
722.08	-11.837
722.40	-12.117
722.73	-12.744
723.05	-12.086
723.37	-12.160
723.69	-11.942
724.01	-12.394
724.33	-12.143
724.65	-12.213
724.97	-13.112
725.30	-13.573
725.62	-13.661
725.94	-12.956
726.26	-13.669
726.58	-14.005
726.90	-14.123
727.22	-14.823
727.54	-14.498
727.86	-15.133
728.18	-16.006
728.50	-15.890
728.82	-15.826
729.14	-15.493
729.46	-16.772
729.78	-17.069
730.10	-17.537
730.42	-17.653
730.74	-18.259
731.07	-19.393
731.39	-19.191
731.71	-18.794
732.03	-18.636
732.35	-18.466
732.66	-20.074
732.98	-19.800
733.30	-19.682
733.62	-19.874
733.94	-20.148
734.26	-20.204
734.58	-19.633
734.90	-19.995
735.22	-20.228
735.54	-21.387
735.86	-22.412
736.18	-21.634
736.50	-22.889
736.82	-22.728
737.14	-23.210
737.46	-23.749
737.78	-23.949
738.10	-24.494
738.41	-24.259
738.73	-23.923
739.05	-23.299
739.37	-23.071
739.69	-24.134
740.01	-23.581
740.33	-23.859
740.65	-24.259
740.96	-24.088
741.28	-24.416
741.60	-25.491
741.92	-27.006
742.24	-29.057
742.56	-29.740
742.88	-29.790
743.19	-29.487
743.51	-29.943
743.83	-30.571
744.15	-30.796
744.47	-30.636
744.78	-30.549
745.10	-31.273
745.42	-31.728
745.74	-29.881
746.06	-30.111
746.37	-31.065
746.69	-31.726
747.01	-32.311
747.33	-32.188
747.64	-31.519
747.96	-31.567
748.28	-32.644
748.60	-31.562
748.91	-30.617
749.23	-31.572
749.55	-31.846
749.87	-32.736
750.18	-32.552
750.50	-31.318
750.82	-30.535
751.13	-31.368
751.45	-32.375
751.77	-31.540
752.08	-30.691
752.40	-31.012
752.72	-30.803
753.03	-29.834
753.35	-29.401
753.67	-28.559
753.98	-29.034
754.30	-29.226
754.62	-28.373
754.93	-28.814
755.25	-28.872
755.57	-31.079
755.88	-31.137
756.20	-33.579
756.51	-35.184
756.83	-33.883
757.15	-34.088
757.46	-34.582
757.78	-35.166
758.09	-35.409
758.41	-35.202
758.73	-36.149
759.04	-36.431
759.36	-38.187
759.67	-35.418
759.99	-33.420
760.30	-35.504
760.62	-35.043
760.94	-34.474
761.25	-35.421
761.57	-35.794
761.88	-35.091
762.20	-35.163
762.51	-33.737
762.83	-31.870
763.14	-32.388
763.46	-33.855
763.77	-33.879
764.09	-35.236
764.40	-36.308
764.72	-36.085
765.03	-35.631
765.35	-35.615
765.66	-34.314
765.98	-34.711
766.29	-35.342
766.61	-34.885
766.92	-35.166
767.23	-33.399
767.55	-32.819
767.86	-31.985
768.18	-31.223
768.49	-32.613
768.81	-32.509
769.12	-35.892
769.43	-35.962
769.75	-36.044
770.06	-37.685
770.38	-36.502
770.69	-36.274
771.00	-36.250
771.32	-36.600
771.63	-35.560
771.94	-34.698
772.26	-35.202
772.57	-33.410
772.89	-32.538
773.20	-33.401
773.51	-32.517
773.83	-33.194
774.14	-32.677
774.45	-33.063
774.77	-33.251
775.08	-34.950
775.39	-34.246
775.70	-33.913
776.02	-33.125
776.33	-33.465
776.64	-34.103
776.96	-35.959
777.27	-35.566
777.58	-37.039
777.89	-37.159
778.21	-35.025
778.52	-34.525
778.83	-35.596
779.14	-36.275
779.46	-36.989
779.77	-38.160
780.08	-36.167
780.39	-33.027
780.71	-33.817
781.02	-32.867
781.33	-32.347
781.64	-34.532
781.95	-34.573
782.27	-37.204
782.58	-37.578
782.89	-39.472
783.20	-39.291
783.51	-40.763
783.83	-42.773
784.14	-41.124
784.45	-43.635
784.76	-43.730
785.07	-45.943
785.38	-44.355
785.70	-40.993
786.01	-40.919
786.32	-38.042
786.63	-35.766
786.94	-34.510
787.25	-34.264
787.56	-34.434
787.87	-34.482
788.18	-33.516
788.50	-31.146
788.81	-33.780
789.12	-36.037
789.43	-36.394
789.74	-36.658
790.05	-36.828
790.36	-37.400
790.67	-38.082
790.98	-41.174
791.29	-41.024
791.60	-43.083
791.91	-44.330
792.22	-45.557
792.53	-43.106
792.84	-42.513
793.15	-41.269
793.46	-42.731
793.77	-42.616
794.08	-43.304
794.39	-36.998
794.70	-35.740
795.01	-34.412
795.32	-33.643
795.63	-32.075
795.94	-32.910
796.25	-33.048
796.56	-35.408
796.87	-34.577
797.18	-36.749
797.49	-37.030
797.80	-37.384
798.11	-38.307
798.42	-39.900
798.73	-38.328
799.04	-37.979
799.35	-37.930
799.65	-38.809
799.96	-39.513
800.27	-43.428
800.58	-39.953
800.89	-37.675
801.20	-45.709
801.51	-46.205
801.82	-46.885
802.13	-50.366
802.43	-52.929
802.74	-49.323
803.05	-46.054
803.36	-45.592
803.67	-43.738
803.98	-47.303
804.28	-49.936
804.59	-43.865
804.90	-42.861
805.21	-41.790
805.52	-40.597
805.83	-39.994
806.13	-43.122
806.44	-49.038
806.75	-48.863
807.06	-49.922
807.36	-48.768
807.67	-48.981
807.98	-51.295
808.29	-51.221
808.60	-49.501
808.90	-52.041
809.21	-53.140
809.52	-53.390
809.83	-50.463
810.13	-50.131
810.44	-49.174
810.75	-47.245
811.05	-47.105
811.36	-44.586
811.67	-46.138
811.98	-52.019
812.28	-48.597
812.59	-45.049
812.90	-46.212
813.20	-47.720
813.51	-43.696
813.82	-43.383
814.12	-42.549
814.43	-37.901
814.74	-38.767
815.04	-35.739
815.35	-35.176
815.65	-39.017
815.96	-38.862
816.27	-40.884
816.57	-38.707
816.88	-44.081
817.19	-42.120
817.49	-43.949
817.80	-52.033
818.10	-55.509
818.41	-59.282
818.72	-55.915
819.02	-55.366
819.33	-58.454
819.63	-55.372
819.94	-56.302
820.24	-54.935
820.55	-55.713
820.85	-53.679
821.16	-49.565
821.47	-47.211
821.77	-45.606
822.08	-46.245
822.38	-45.126
822.69	-43.804
822.99	-44.067
823.30	-43.180
823.60	-43.300
823.91	-43.397
824.21	-42.664
824.52	-43.210
824.82	-44.761
825.13	-45.517
825.43	-44.257
825.73	-43.443
826.04	-43.394
826.34	-43.489
826.65	-44.065
826.95	-42.063
827.26	-40.633
827.56	-41.934
827.87	-41.606
828.17	-41.349
828.47	-40.333
828.78	-40.885
829.08	-42.681
829.39	-44.665
829.69	-44.469
829.99	-47.690
830.30	-50.790
830.60	-53.739
830.90	-56.853
831.21	-58.739
831.51	-54.943
831.82	-58.315
832.12	-57.190
832.42	-54.691
832.73	-50.540
833.03	-47.528
833.33	-47.089
833.64	-47.748
833.94	-46.735
834.24	-49.301
834.54	-52.639
834.85	-54.003
835.15	-54.213
835.45	-57.021
835.76	-60.382
836.06	-62.781
836.36	-67.695
836.66	-65.501
836.97	-62.029
837.27	-61.329
837.57	-55.403
837.87	-48.666
838.18	-49.388
838.48	-49.734
838.78	-50.200
839.08	-50.721
839.39	-54.581
839.69	-54.084
839.99	-51.462
840.29	-58.009
840.59	-65.830
840.90	-62.027
841.20	-62.742
841.50	-61.572
841.80	-58.173
842.10	-53.888
842.41	-58.660
842.71	-53.547
843.01	-56.925
843.31	-65.214
843.61	-66.130
843.91	-57.902
844.21	-61.648
844.52	-63.958
844.82	-64.332
845.12	-69.810
845.42	-74.720
845.72	-63.109
846.02	-87.141
846.32	-87.033
846.62	-89.764
846.92	-105.603
847.22	-105.739
847.52	-101.210
847.83	-104.073
848.13	-98.886
848.43	-92.297
848.73	-81.375
849.03	-66.629
849.33	-50.200
849.63	-37.364
849.93	-33.333
850.23	-18.336
850.53	-22.429
850.83	-24.870
851.13	-23.278
851.43	-24.705
851.73	-18.568
852.03	-16.521
852.33	-24.078
852.63	-15.611
852.93	-21.367
853.23	-19.348
853.53	-37.296
853.83	-34.471
854.13	-37.173
854.43	-33.175
854.73	-35.377
855.03	-42.254
855.32	-59.868
855.62	-59.637
855.92	-75.481
856.22	-76.490
856.52	-72.344
856.82	-53.776
857.12	-54.908
857.42	-60.199
857.72	-76.000
858.02	-56.101
858.31	-56.309
858.61	-43.247
858.91	-54.394
859.21	-73.378
859.51	-67.047
859.81	-51.938
860.11	-55.192
860.40	-51.447
860.70	-37.845
861.00	-18.944
861.30	-24.886
861.60	-28.589
861.90	-27.217
862.19	-22.013
862.49	-8.163
862.79	-14.514
863.09	-27.404
863.39	-24.700
863.68	-27.240
863.98	-25.653
864.28	-34.176
864.58	-46.373
864.87	-34.191
865.17	-42.445
865.47	-37.007
865.77	-36.961
866.06	-37.089
866.36	-41.832
866.66	-55.167
866.96	-52.987
867.25	-53.381
867.55	-83.264
867.85	-58.730
868.14	-105.584
868.44	-110.024
868.74	-203.175
869.03	-280.663
869.33	-228.070
869.63	-325.000
869.92	-175.273
870.22	-175.949
870.52	-162.573
870.81	-88.842
871.11	-106.652
871.41	-82.051
871.70	-60.362
872.00	-46.014
872.30	-41.488
872.59	-36.595
872.89	-27.215
873.18	-34.289
873.48	-23.494
873.78	-30.361
874.07	-41.289
874.37	-37.978
874.66	-54.992
874.96	-55.418
875.25	-53.259
875.55	-58.014
875.85	-90.591
876.14	-113.043
876.44	-65.217
876.73	-75.252
877.03	-73.253
877.32	-69.474
877.62	-63.057
877.91	-31.386
878.21	-29.153
878.50	-21.353
878.80	-35.637
879.09	-34.807
879.39	-26.700
879.68	-38.531
879.98	-57.203
880.27	-53.625
880.57	-58.517
880.86	-71.991
881.16	-85.636
881.45	-75.055
881.74	-75.169
882.04	-67.036
882.33	-64.370
882.63	-62.293
882.92	-58.555
883.22	-53.407
883.51	-52.129
883.80	-48.593
884.10	-46.046
884.39	-41.296
884.69	-43.401
884.98	-42.749
885.27	-41.961
885.57	-36.661
885.86	-35.478
886.15	-40.167
886.45	-36.340
886.74	-47.968
887.03	-58.939
887.33	-66.138
887.62	-77.242
887.91	32.143
888.21	-254.902
888.50	-121.538
888.79	-618.182
889.09	-183.333
