190.56	-180.000
190.94	-180.000
191.32	-180.000
191.70	78.571
192.08	-77.778
192.46	1575.862
192.84	548.913
193.22	501.835
193.60	431.818
193.98	542.149
194.36	342.408
194.74	537.069
195.13	520.968
195.51	590.000
195.89	1370.588
196.27	1329.825
196.65	516.129
197.03	479.412
197.40	861.364
197.78	602.273
198.16	668.421
198.54	726.804
198.92	742.391
199.30	509.600
199.68	405.072
200.06	310.366
200.44	269.591
200.82	257.813
201.20	574.576
201.58	805.405
201.96	869.565
202.34	-1108.696
202.72	-1355.556
203.10	-438.462
203.48	-261.404
203.86	-137.662
204.24	-634.615
204.62	-856.522
205.00	-115.663
205.38	-95.833
205.76	1535.294
206.13	-1711.111
206.51	829.268
206.89	-475.000
207.27	-869.231
207.65	-164.384
208.03	-171.287
208.41	-45.755
208.79	-30.894
209.17	-63.983
209.55	-39.617
209.93	-40.252
210.30	-21.671
210.68	-19.905
211.06	-45.075
211.44	-41.477
211.82	-80.282
212.20	-97.071
212.58	-126.020
212.96	-181.651
213.33	-215.942
213.71	841.667
214.09	-438.462
214.47	-914.286
214.85	-324.561
215.23	-165.152
215.61	-179.870
215.98	-160.000
216.36	-97.279
216.74	-100.000
217.12	-57.588
217.50	-75.439
217.88	-65.902
218.25	-51.773
218.63	-62.430
219.01	-63.597
219.39	-58.523
219.77	-57.784
220.14	-67.930
220.52	-73.204
220.90	-89.912
221.28	-150.583
221.66	-169.393
222.03	-129.787
222.41	-127.765
222.79	-81.382
223.17	-96.933
223.55	-91.099
223.92	-96.673
224.30	-74.522
224.68	-77.811
225.06	-54.472
225.43	-28.804
225.81	-18.782
226.19	-17.910
226.57	-14.400
226.95	-16.759
227.32	-10.546
227.70	-6.931
228.08	-4.549
228.46	-4.294
228.83	-2.526
229.21	-1.937
229.59	-4.110
229.96	-4.790
230.34	-4.790
230.72	-5.056
231.10	-4.732
231.47	-6.949
231.85	-7.720
232.23	-8.121
232.60	-7.569
232.98	-8.254
233.36	-8.110
233.74	-7.099
234.11	-6.872
234.49	-9.212
234.87	-10.063
235.24	-10.218
235.62	-7.830
236.00	-5.703
236.37	-5.830
236.75	-6.209
237.13	-7.152
237.50	-6.345
237.88	-7.373
238.26	-6.400
238.63	-5.685
239.01	-3.229
239.39	-2.074
239.76	-1.202
240.14	-2.094
240.52	-2.132
240.89	-1.819
241.27	-1.295
241.65	-0.641
242.02	-0.670
242.40	-0.560
242.77	0.512
243.15	0.341
243.53	-0.651
243.90	-0.569
244.28	-0.238
244.66	-0.413
245.03	0.314
245.41	0.715
245.78	0.382
246.16	0.898
246.54	1.209
246.91	0.872
247.29	0.773
247.66	1.322
248.04	1.140
248.41	0.823
248.79	1.337
249.17	1.161
249.54	1.512
249.92	0.608
250.29	0.281
250.67	-0.425
251.04	-0.653
251.42	-0.324
251.80	-0.906
252.17	-1.126
252.55	-1.157
252.92	-1.635
253.30	-2.144
253.67	-3.221
254.05	-2.590
254.42	-2.378
254.80	-2.123
255.17	-1.265
255.55	-1.417
255.92	-1.013
256.30	-0.566
256.67	-0.213
257.05	-0.480
257.42	-0.016
257.80	0.128
258.17	0.290
258.55	0.275
258.92	-0.229
259.30	-0.490
259.67	-0.640
260.05	-0.560
260.42	-1.012
260.80	-1.100
261.17	-1.317
261.55	-1.499
261.92	-1.885
262.30	-1.965
262.67	-2.269
263.05	-1.766
263.42	-2.324
263.79	-2.919
264.17	-3.001
264.54	-2.357
264.92	-2.385
265.29	-1.964
265.67	-1.736
266.04	-1.339
266.42	-1.483
266.79	-1.399
267.16	-1.657
267.54	-1.254
267.91	-0.706
268.29	-1.045
268.66	-1.334
269.03	-0.789
269.41	-0.524
269.78	-0.286
270.16	-0.117
270.53	-0.308
270.90	-0.481
271.28	-0.201
271.65	-0.360
272.03	-0.729
272.40	-0.491
272.77	-0.306
273.15	-0.800
273.52	-1.034
273.89	-1.372
274.27	-1.594
274.64	-1.377
275.01	-1.030
275.39	-0.871
275.76	-0.504
276.14	-0.022
276.51	-0.066
276.88	-0.018
277.26	0.052
277.63	0.261
278.00	0.170
278.38	0.536
278.75	0.512
279.12	0.282
279.49	-0.105
279.87	-0.282
280.24	-0.454
280.61	-0.447
280.99	-0.524
281.36	-0.368
281.73	-0.508
282.11	-0.478
282.48	-0.439
282.85	-0.329
283.22	-0.207
283.60	-0.096
283.97	0.023
284.34	-0.074
284.71	0.061
285.09	0.209
285.46	0.031
285.83	0.099
286.21	0.065
286.58	-0.105
286.95	-0.204
287.32	-0.301
287.70	-0.040
288.07	-0.112
288.44	0.016
288.81	-0.246
289.18	-0.274
289.56	-0.134
289.93	0.112
290.30	0.233
290.67	0.242
291.05	0.372
291.42	0.463
291.79	0.106
292.16	0.246
292.53	0.497
292.91	0.824
293.28	1.160
293.65	1.372
294.02	1.202
294.39	1.410
294.76	1.740
295.14	1.740
295.51	1.672
295.88	1.734
296.25	1.676
296.62	1.319
297.00	1.347
297.37	1.003
297.74	0.807
298.11	0.833
298.48	0.760
298.85	0.525
299.22	0.652
299.60	0.751
299.97	0.691
300.34	0.723
300.71	0.887
301.08	0.611
301.45	0.677
301.82	0.788
302.19	0.878
302.56	0.852
302.94	0.775
303.31	0.476
303.68	0.642
304.05	0.851
304.42	0.779
304.79	0.818
305.16	1.095
305.53	1.109
305.90	1.029
306.27	0.979
306.64	0.890
307.02	1.098
307.39	0.931
307.76	0.539
308.13	0.678
308.50	0.770
308.87	1.173
309.24	1.233
309.61	1.349
309.98	1.411
310.35	1.233
310.72	1.229
311.09	1.116
311.46	1.378
311.83	1.630
312.20	1.687
312.57	1.638
312.94	1.214
313.31	0.910
313.68	0.888
314.05	1.061
314.42	1.280
314.79	1.286
315.16	0.994
315.53	0.846
315.90	0.587
316.27	0.140
316.64	0.378
317.01	0.503
317.38	0.808
317.75	0.645
318.12	0.562
318.49	0.320
318.86	0.566
319.23	0.895
319.60	0.988
319.97	1.151
320.34	1.120
320.71	0.934
321.08	0.702
321.45	0.516
321.82	0.573
322.19	0.527
322.55	0.956
322.92	0.956
323.29	0.901
323.66	0.718
324.03	0.821
324.40	1.264
324.77	1.314
325.14	1.405
325.51	1.699
325.88	2.060
326.25	2.316
326.61	2.463
326.98	2.549
327.35	2.855
327.72	3.300
328.09	3.698
328.46	3.652
328.83	3.844
329.20	4.350
329.56	4.425
329.93	4.742
330.30	5.128
330.67	5.120
331.04	5.229
331.41	5.534
331.78	5.755
332.14	5.993
332.51	6.267
332.88	6.291
333.25	6.338
333.62	6.469
333.99	6.514
334.35	6.325
334.72	6.442
335.09	6.630
335.46	6.583
335.83	6.563
336.19	6.531
336.56	6.736
336.93	7.025
337.30	7.260
337.67	7.415
338.03	7.341
338.40	7.586
338.77	7.718
339.14	8.007
339.50	8.230
339.87	8.411
340.24	8.336
340.61	8.574
340.97	8.662
341.34	8.796
341.71	9.036
342.08	9.279
342.44	9.348
342.81	9.431
343.18	9.462
343.55	9.508
343.91	9.614
344.28	9.942
344.65	9.766
345.02	9.919
345.38	9.906
345.75	9.733
346.12	9.828
346.48	9.957
346.85	10.277
347.22	10.265
347.59	10.316
347.95	10.426
348.32	10.227
348.69	10.374
349.05	10.438
349.42	10.544
349.79	10.739
350.15	10.741
350.52	10.842
350.89	10.759
351.25	10.771
351.62	11.015
351.99	11.102
352.35	11.327
352.72	11.481
353.09	11.415
353.45	11.472
353.82	11.504
354.18	11.535
354.55	11.519
354.92	11.446
355.28	11.573
355.65	11.379
356.02	11.449
356.38	11.426
356.75	11.435
357.11	11.474
357.48	11.537
357.85	11.467
358.21	11.488
358.58	11.536
358.94	11.672
359.31	11.456
359.67	11.474
360.04	11.330
360.41	11.202
360.77	11.282
361.14	11.341
361.50	11.208
361.87	11.306
362.23	11.269
362.60	11.216
362.97	11.082
363.33	11.246
363.70	11.379
364.06	11.440
364.43	11.646
364.79	11.550
365.16	11.548
365.52	11.428
365.89	11.389
366.25	11.295
366.62	11.225
366.98	11.336
367.35	11.315
367.71	11.215
368.08	11.340
368.44	11.226
368.81	11.201
369.17	11.052
369.54	11.283
369.90	11.158
370.27	11.377
370.63	11.416
371.00	11.467
371.36	11.391
371.73	11.510
372.09	11.445
372.45	11.473
372.82	11.625
373.18	11.738
373.55	11.795
373.91	12.066
374.28	12.122
374.64	12.290
375.01	12.446
375.37	12.711
375.73	12.760
376.10	12.730
376.46	12.910
376.83	12.761
377.19	12.854
377.55	12.888
377.92	12.881
378.28	12.877
378.65	13.023
379.01	12.953
379.37	12.855
379.74	12.969
380.10	13.165
380.47	13.198
380.83	13.424
381.19	13.406
381.56	13.643
381.92	13.688
382.28	13.766
382.65	13.703
383.01	13.673
383.37	13.863
383.74	13.818
384.10	13.810
384.46	13.763
384.83	13.907
385.19	14.118
385.55	13.991
385.92	14.103
386.28	14.040
386.64	14.032
387.01	14.261
387.37	14.295
387.73	14.415
388.10	14.502
388.46	14.755
388.82	14.767
389.18	14.757
389.55	14.955
389.91	15.057
390.27	15.275
390.64	15.388
391.00	15.340
391.36	15.427
391.72	15.560
392.09	15.764
392.45	15.790
392.81	15.810
393.17	15.959
393.54	16.011
393.90	16.017
394.26	16.211
394.62	16.364
394.99	16.485
395.35	16.585
395.71	16.614
396.07	16.454
396.43	16.407
396.80	16.537
397.16	16.671
397.52	16.810
397.88	16.950
398.24	16.869
398.61	16.997
398.97	17.127
399.33	17.181
399.69	17.229
400.05	17.518
400.42	17.759
400.78	17.833
401.14	17.754
401.50	17.684
401.86	17.781
402.22	17.879
402.59	17.863
402.95	17.863
403.31	18.027
403.67	18.012
404.03	17.984
404.39	18.076
404.75	18.092
405.12	18.120
405.48	18.182
405.84	18.258
406.20	18.257
406.56	18.230
406.92	18.278
407.28	18.262
407.64	18.423
408.00	18.523
408.36	18.425
408.73	18.531
409.09	18.593
409.45	18.779
409.81	18.802
410.17	18.969
410.53	19.072
410.89	19.253
411.25	19.315
411.61	19.278
411.97	19.408
412.33	19.731
412.69	19.726
413.05	19.771
413.41	19.753
413.77	19.817
414.13	19.844
414.50	20.007
414.86	19.998
415.22	20.052
415.58	20.143
415.94	20.133
416.30	19.945
416.66	20.149
417.02	20.223
417.38	20.231
417.74	20.254
418.10	20.341
418.46	20.334
418.82	20.402
419.18	20.451
419.54	20.532
419.90	20.500
420.26	20.584
420.61	20.618
420.97	20.663
421.33	20.723
421.69	20.792
422.05	20.768
422.41	20.810
422.77	20.813
423.13	20.869
423.49	20.853
423.85	20.910
424.21	20.989
424.57	20.953
424.93	20.947
425.29	20.955
425.65	20.985
426.01	21.041
426.36	21.050
426.72	21.147
427.08	21.201
427.44	21.173
427.80	21.144
428.16	21.132
428.52	21.123
428.88	21.268
429.24	21.492
429.59	21.515
429.95	21.496
430.31	21.679
430.67	21.610
431.03	21.497
431.39	21.669
431.75	21.781
432.10	21.782
432.46	21.778
432.82	21.824
433.18	21.771
433.54	21.876
433.90	22.021
434.25	21.900
434.61	22.104
434.97	22.174
435.33	22.219
435.69	22.270
436.04	22.308
436.40	22.471
436.76	22.460
437.12	22.491
437.48	22.559
437.83	22.571
438.19	22.539
438.55	22.553
438.91	22.614
439.27	22.588
439.62	22.653
439.98	22.710
440.34	22.698
440.70	22.662
441.05	22.578
441.41	22.453
441.77	22.478
442.13	22.592
442.48	22.509
442.84	22.626
443.20	22.584
443.56	22.558
443.91	22.614
444.27	22.674
444.63	22.706
444.98	22.760
445.34	22.762
445.70	22.769
446.05	22.760
446.41	22.820
446.77	22.769
447.13	22.897
447.48	22.979
447.84	23.068
448.20	23.069
448.55	23.101
448.91	23.191
449.27	23.303
449.62	23.340
449.98	23.377
450.34	23.480
450.69	23.496
451.05	23.480
451.40	23.540
451.76	23.526
452.12	23.544
452.47	23.660
452.83	23.657
453.19	23.587
453.54	23.548
453.90	23.573
454.25	23.539
454.61	23.509
454.97	23.604
455.32	23.577
455.68	23.644
456.03	23.719
456.39	23.725
456.75	23.752
457.10	23.846
457.46	23.866
457.81	23.925
458.17	23.887
458.52	23.969
458.88	23.972
459.24	24.092
459.59	24.147
459.95	24.137
460.30	24.105
460.66	24.089
461.01	24.129
461.37	24.201
461.72	24.171
462.08	24.212
462.43	24.162
462.79	24.166
463.14	24.076
463.50	23.967
463.85	23.928
464.21	23.948
464.56	24.043
464.92	24.046
465.27	24.067
465.63	24.170
465.98	24.154
466.34	24.262
466.69	24.240
467.05	24.303
467.40	24.392
467.76	24.492
468.11	24.469
468.47	24.435
468.82	24.510
469.18	24.469
469.53	24.448
469.88	24.539
470.24	24.518
470.59	24.638
470.95	24.598
471.30	24.577
471.66	24.493
472.01	24.633
472.36	24.578
472.72	24.592
473.07	24.728
473.43	24.721
473.78	24.759
474.13	24.832
474.49	24.758
474.84	24.773
475.19	24.717
475.55	24.804
475.90	24.851
476.26	24.894
476.61	24.881
476.96	24.839
477.32	24.873
477.67	24.740
478.02	24.623
478.38	24.647
478.73	24.734
479.08	24.849
479.44	24.896
479.79	24.917
480.14	24.938
480.50	24.976
480.85	24.966
481.20	24.990
481.56	25.125
481.91	25.260
482.26	25.338
482.62	25.340
482.97	25.244
483.32	25.215
483.67	25.159
484.03	25.153
484.38	25.119
484.73	25.078
485.08	25.073
485.44	25.002
485.79	24.953
486.14	24.941
486.49	24.930
486.85	24.967
487.20	24.948
487.55	24.974
487.90	24.988
488.26	25.030
488.61	25.104
488.96	25.099
489.31	25.142
489.67	25.157
490.02	25.164
490.37	25.185
490.72	25.236
491.07	25.295
491.43	25.326
491.78	25.343
492.13	25.327
492.48	25.340
492.83	25.355
493.19	25.435
493.54	25.510
493.89	25.446
494.24	25.469
494.59	25.381
494.94	25.381
495.29	25.356
495.65	25.446
496.00	25.474
496.35	25.502
496.70	25.579
497.05	25.547
497.40	25.456
497.75	25.527
498.11	25.491
498.46	25.615
498.81	25.693
499.16	25.681
499.51	25.674
499.86	25.698
500.21	25.599
500.56	25.657
500.91	25.641
501.26	25.836
501.62	25.878
501.97	25.914
502.32	25.839
502.67	25.799
503.02	25.954
503.37	25.961
503.72	25.931
504.07	26.060
504.42	25.999
504.77	26.121
505.12	26.040
505.47	26.031
505.82	26.005
506.17	26.122
506.52	26.138
506.87	26.021
507.22	26.053
507.57	26.218
507.92	26.193
508.27	26.221
508.62	26.154
508.97	26.128
509.32	26.186
509.67	26.195
510.02	26.150
510.37	26.158
510.72	26.235
511.07	26.261
511.42	26.247
511.77	26.299
512.12	26.355
512.47	26.391
512.82	26.443
513.17	26.447
513.52	26.479
513.87	26.571
514.22	26.633
514.57	26.723
514.91	26.727
515.26	26.691
515.61	26.681
515.96	26.653
516.31	26.760
516.66	26.840
517.01	26.904
517.36	26.923
517.71	26.849
518.06	26.860
518.41	26.842
518.75	26.811
519.10	26.772
519.45	26.854
519.80	26.904
520.15	26.863
520.50	26.962
520.85	26.955
521.19	27.021
521.54	27.084
521.89	27.125
522.24	27.138
522.59	27.238
522.94	27.308
523.28	27.346
523.63	27.332
523.98	27.264
524.33	27.078
524.68	27.087
525.03	27.067
525.37	27.066
525.72	27.089
526.07	27.110
526.42	27.147
526.76	27.208
527.11	27.245
527.46	27.263
527.81	27.336
528.16	27.364
528.50	27.306
528.85	27.258
529.20	27.310
529.55	27.279
529.89	27.275
530.24	27.243
530.59	27.186
530.94	27.170
531.28	27.209
531.63	27.175
531.98	27.254
532.32	27.300
532.67	27.402
533.02	27.362
533.37	27.403
533.71	27.453
534.06	27.542
534.41	27.646
534.75	27.649
535.10	27.631
535.45	27.680
535.79	27.626
536.14	27.720
536.49	27.704
536.83	27.735
537.18	27.747
537.53	27.787
537.87	27.749
538.22	27.755
538.57	27.756
538.91	27.746
539.26	27.758
539.61	27.839
539.95	27.815
540.30	27.860
540.64	27.837
540.99	27.811
541.34	27.814
541.68	27.800
542.03	27.795
542.37	27.761
542.72	27.838
543.07	27.847
543.41	27.781
543.76	27.778
544.10	27.754
544.45	27.819
544.80	27.868
545.14	27.807
545.49	27.833
545.83	27.864
546.18	27.920
546.52	27.871
546.87	27.892
547.21	27.911
547.56	28.037
547.90	28.048
548.25	28.105
548.59	28.116
548.94	28.225
549.29	28.289
549.63	28.332
549.98	28.287
550.32	28.247
550.67	28.263
551.01	28.342
551.35	28.305
551.70	28.322
552.04	28.311
552.39	28.282
552.73	28.228
553.08	28.204
553.42	28.179
553.77	28.342
554.11	28.494
554.46	28.534
554.80	28.519
555.15	28.412
555.49	28.461
555.83	28.402
556.18	28.468
556.52	28.578
556.87	28.492
557.21	28.440
557.56	28.224
557.90	28.187
558.24	28.182
558.59	28.269
558.93	28.359
559.28	28.415
559.62	28.460
559.96	28.477
560.31	28.357
560.65	28.394
560.99	28.485
561.34	28.708
561.68	28.688
562.02	28.581
562.37	28.630
562.71	28.573
563.06	28.571
563.40	28.647
563.74	28.648
564.09	28.777
564.43	28.783
564.77	28.732
565.11	28.638
565.46	28.597
565.80	28.688
566.14	28.670
566.49	28.733
566.83	28.716
567.17	28.715
567.52	28.704
567.86	28.643
568.20	28.788
568.54	28.870
568.89	28.842
569.23	29.059
569.57	29.109
569.91	29.140
570.26	29.182
570.60	29.216
570.94	29.132
571.28	29.228
571.63	29.160
571.97	29.114
572.31	29.150
572.65	29.179
573.00	29.019
573.34	29.032
573.68	29.045
574.02	29.017
574.36	28.955
574.71	29.042
575.05	28.982
575.39	29.054
575.73	28.953
576.07	28.964
576.42	29.152
576.76	29.160
577.10	29.198
577.44	29.214
577.78	29.214
578.12	29.237
578.46	29.211
578.81	29.267
579.15	29.358
579.49	29.632
579.83	29.627
580.17	29.598
580.51	29.608
580.85	29.608
581.20	29.634
581.54	29.638
581.88	29.683
582.22	29.733
582.56	29.832
582.90	29.846
583.24	29.698
583.58	29.631
583.92	29.625
584.26	29.679
584.60	29.546
584.95	29.424
585.29	29.478
585.63	29.486
585.97	29.463
586.31	29.511
586.65	29.608
586.99	29.599
587.33	29.611
587.67	29.596
588.01	29.707
588.35	29.822
588.69	29.968
589.03	29.953
589.37	30.035
589.71	30.105
590.05	30.035
590.39	29.836
590.73	29.989
591.07	30.038
591.41	29.989
591.75	29.992
592.09	30.140
592.43	30.059
592.77	30.101
593.11	30.129
593.45	30.227
593.79	30.274
594.13	30.486
594.47	30.487
594.81	30.390
595.14	30.513
595.48	30.462
595.82	30.428
596.16	30.393
596.50	30.418
596.84	30.457
597.18	30.440
597.52	30.508
597.86	30.509
598.20	30.436
598.54	30.661
598.87	30.654
599.21	30.698
599.55	30.687
599.89	30.915
600.23	30.995
600.57	31.000
600.91	31.053
601.25	30.925
601.58	30.925
601.92	31.059
602.26	31.010
602.60	30.973
602.94	31.004
603.28	31.085
603.61	31.041
603.95	31.146
604.29	31.244
604.63	31.238
604.97	31.338
605.30	31.386
605.64	31.476
605.98	31.503
606.32	31.575
606.66	31.620
606.99	31.643
607.33	31.744
607.67	31.765
608.01	31.825
608.34	32.035
608.68	32.024
609.02	31.956
609.36	31.856
609.69	31.884
610.03	32.011
610.37	32.026
610.71	32.038
611.04	32.091
611.38	32.088
611.72	32.059
612.06	31.914
612.39	32.174
612.73	32.422
613.07	32.481
613.40	32.580
613.74	32.477
614.08	32.620
614.41	32.724
614.75	32.733
615.09	32.642
615.42	32.587
615.76	32.528
616.10	32.361
616.43	32.218
616.77	32.280
617.11	32.241
617.44	32.350
617.78	32.356
618.12	32.274
618.45	32.327
618.79	32.504
619.13	32.666
619.46	32.887
619.80	32.832
620.13	32.942
620.47	32.930
620.81	32.914
621.14	32.975
621.48	32.904
621.81	33.056
622.15	33.075
622.48	32.901
622.82	32.874
623.16	32.882
623.49	33.008
623.83	32.964
624.16	32.983
624.50	33.044
624.83	32.925
625.17	33.002
625.50	32.975
625.84	33.005
626.18	33.168
626.51	33.341
626.85	33.251
627.18	33.323
627.52	33.322
627.85	33.393
628.19	33.450
628.52	33.499
628.86	33.444
629.19	33.453
629.53	33.450
629.86	33.382
630.19	33.186
630.53	33.243
630.86	33.204
631.20	33.242
631.53	33.359
631.87	33.535
632.20	33.693
632.54	33.879
632.87	33.830
633.20	33.673
633.54	33.846
633.87	33.828
634.21	33.804
634.54	33.591
634.88	33.607
635.21	33.427
635.54	33.215
635.88	33.208
636.21	33.179
636.55	33.242
636.88	33.314
637.21	33.213
637.55	33.424
637.88	33.430
638.21	33.666
638.55	33.687
638.88	33.707
639.21	33.729
639.55	33.732
639.88	33.698
640.21	33.739
640.55	33.893
640.88	33.934
641.21	33.810
641.55	33.773
641.88	33.863
642.21	33.798
642.55	33.793
642.88	33.730
643.21	33.529
643.55	33.600
643.88	33.556
644.21	33.695
644.54	33.727
644.88	33.700
645.21	33.876
645.54	33.807
645.87	33.820
646.21	34.026
646.54	34.264
646.87	34.530
647.20	34.632
647.54	34.678
647.87	34.452
648.20	34.606
648.53	34.545
648.87	34.424
649.20	34.384
649.53	34.431
649.86	34.386
650.19	34.161
650.53	34.016
650.86	33.870
651.19	33.946
651.52	33.811
651.85	33.587
652.18	33.583
652.52	33.693
652.85	33.451
653.18	33.467
653.51	33.419
653.84	33.329
654.17	33.431
654.51	33.474
654.84	33.284
655.17	33.311
655.50	33.187
655.83	33.257
656.16	33.175
656.49	33.523
656.82	33.591
657.15	33.465
657.49	33.899
657.82	33.699
658.15	33.711
658.48	33.833
658.81	34.097
659.14	34.223
659.47	34.169
659.80	34.198
660.13	34.257
660.46	34.098
660.79	34.126
661.12	33.837
661.45	34.020
661.78	34.037
662.11	33.875
662.44	33.823
662.77	33.823
663.10	33.884
663.43	33.867
663.76	33.649
664.09	33.776
664.42	33.639
664.75	33.771
665.08	33.586
665.41	33.412
665.74	33.351
666.07	33.140
666.40	33.514
666.73	33.440
667.06	33.424
667.39	33.367
667.72	33.351
668.05	33.492
668.38	33.473
668.71	33.378
669.04	33.356
669.37	33.396
669.70	33.342
670.03	32.982
670.36	33.087
670.69	33.118
671.01	33.227
671.34	33.076
671.67	32.877
672.00	32.566
672.33	32.697
672.66	32.522
672.99	32.448
673.32	32.350
673.64	32.052
673.97	32.142
674.30	31.887
674.63	31.466
674.96	31.400
675.29	31.311
675.62	31.338
675.94	31.154
676.27	31.457
676.60	31.681
676.93	31.839
677.26	31.757
677.58	31.351
677.91	31.333
678.24	31.659
678.57	31.779
678.90	31.945
679.22	31.918
679.55	31.861
679.88	31.625
680.21	31.357
680.54	31.371
680.86	31.453
681.19	31.335
681.52	31.372
681.85	31.154
682.17	31.039
682.50	31.210
682.83	31.025
683.16	30.958
683.48	30.581
683.81	30.579
684.14	30.358
684.46	30.213
684.79	30.303
685.12	30.272
685.45	30.266
685.77	29.786
686.10	29.043
686.43	29.180
686.75	29.104
687.08	29.499
687.41	29.258
687.73	29.172
688.06	29.260
688.39	28.802
688.71	28.398
689.04	28.097
689.36	28.355
689.69	28.314
690.02	28.050
690.34	27.995
690.67	27.618
691.00	27.320
691.32	27.138
691.65	27.039
691.97	27.421
692.30	27.421
692.63	27.538
692.95	27.502
693.28	27.635
693.60	27.729
693.93	27.307
694.26	26.926
694.58	27.273
694.91	27.298
695.23	26.731
695.56	26.507
695.88	26.067
696.21	25.927
696.53	25.625
696.86	25.561
697.18	25.390
697.51	25.690
697.83	26.067
698.16	25.738
698.48	25.199
698.81	25.458
699.13	25.476
699.46	25.439
699.78	25.142
700.11	25.041
700.43	24.947
700.76	24.508
701.08	23.891
701.41	23.292
701.73	23.031
702.06	22.870
702.38	22.389
702.71	21.726
703.03	21.492
703.35	21.340
703.68	20.938
704.00	20.387
704.33	20.136
704.65	20.200
704.98	20.430
705.30	20.386
705.62	20.474
705.95	20.276
706.27	20.452
706.60	20.484
706.92	20.295
707.24	20.606
707.57	20.243
707.89	20.523
708.21	20.144
708.54	19.588
708.86	19.010
709.18	18.607
709.51	18.740
709.83	18.831
710.15	18.685
710.48	18.594
710.80	18.334
711.12	18.251
711.45	17.781
711.77	17.545
712.09	16.787
712.42	16.907
712.74	16.809
713.06	16.138
713.38	15.217
713.71	14.922
714.03	14.812
714.35	13.865
714.68	13.957
715.00	13.211
715.32	13.192
715.64	13.783
715.97	13.489
716.29	13.276
716.61	13.682
716.93	14.067
717.25	13.947
717.58	13.761
717.90	13.437
718.22	13.253
718.54	13.399
718.87	12.809
719.19	12.317
719.51	12.105
719.83	11.376
720.15	10.452
720.47	10.074
720.80	9.395
721.12	8.952
721.44	8.729
721.76	8.146
722.08	8.076
722.40	8.211
722.73	7.834
723.05	7.137
723.37	7.271
723.69	8.037
724.01	8.155
724.33	7.080
724.65	6.643
724.97	7.715
725.30	8.090
725.62	8.524
725.94	8.109
726.26	8.364
726.58	8.972
726.90	8.675
727.22	7.723
727.54	6.204
727.86	7.089
728.18	6.701
728.50	5.873
728.82	5.481
729.14	4.308
729.46	5.101
729.78	4.174
730.10	3.906
730.42	4.745
730.74	4.762
731.07	4.600
731.39	4.581
731.71	5.057
732.03	5.629
732.35	5.495
732.66	6.134
732.98	6.522
733.30	7.950
733.62	7.077
733.94	5.988
734.26	5.351
734.58	5.966
734.90	5.484
735.22	4.420
735.54	2.551
735.86	1.855
736.18	1.154
736.50	0.500
736.82	-0.641
737.14	-0.734
737.46	-0.962
737.78	-0.453
738.10	-1.356
738.41	-1.923
738.73	-1.169
739.05	-0.534
739.37	-0.012
739.69	1.044
740.01	1.106
740.33	1.246
740.65	1.307
740.96	0.951
741.28	-0.098
741.60	-0.541
741.92	-0.151
742.24	-0.104
742.56	0.584
742.88	0.095
743.19	-1.409
743.51	-2.881
743.83	-4.042
744.15	-3.704
744.47	-3.356
744.78	-3.574
745.10	-3.423
745.42	-5.338
745.74	-4.661
746.06	-5.887
746.37	-4.782
746.69	-5.401
747.01	-6.297
747.33	-6.099
747.64	-5.563
747.96	-5.790
748.28	-5.778
748.60	-4.885
748.91	-2.730
749.23	-3.033
749.55	-2.866
749.87	-4.999
750.18	-4.008
750.50	-2.462
750.82	-2.949
751.13	-4.139
751.45	-3.094
751.77	-4.042
752.08	-5.168
752.40	-6.191
752.72	-7.617
753.03	-8.519
753.35	-7.482
753.67	-7.335
753.98	-8.666
754.30	-7.270
754.62	-7.297
754.93	-8.947
755.25	-9.452
755.57	-9.106
755.88	-7.632
756.20	-7.385
756.51	-5.927
756.83	-6.074
757.15	-5.955
757.46	-6.152
757.78	-7.304
758.09	-6.578
758.41	-4.842
758.73	-5.031
759.04	-4.015
759.36	-4.134
759.67	-4.899
759.99	-5.524
760.30	-4.764
760.62	-6.186
760.94	-5.878
761.25	-6.286
761.57	-7.337
761.88	-8.269
762.20	-6.291
762.51	-8.371
762.83	-7.929
763.14	-7.770
763.46	-8.777
763.77	-11.113
764.09	-11.788
764.40	-12.087
764.72	-11.377
765.03	-11.978
765.35	-12.932
765.66	-14.069
765.98	-14.301
766.29	-15.126
766.61	-14.712
766.92	-12.929
767.23	-10.714
767.55	-9.873
767.86	-10.969
768.18	-12.700
768.49	-12.386
768.81	-11.715
769.12	-9.874
769.43	-7.302
769.75	-7.264
770.06	-8.445
770.38	-9.976
770.69	-9.324
771.00	-10.660
771.32	-9.091
771.63	-8.369
771.94	-7.108
772.26	-8.082
772.57	-9.703
772.89	-10.302
773.20	-11.915
773.51	-11.097
773.83	-10.780
774.14	-11.577
774.45	-10.078
774.77	-11.948
775.08	-12.292
775.39	-14.151
775.70	-15.655
776.02	-15.235
776.33	-15.419
776.64	-16.152
776.96	-16.415
777.27	-15.772
777.58	-14.775
777.89	-14.806
778.21	-11.924
778.52	-12.026
778.83	-9.953
779.14	-8.455
779.46	-7.797
779.77	-7.884
780.08	-7.772
780.39	-7.727
780.71	-7.668
781.02	-10.348
781.33	-10.297
781.64	-10.930
781.95	-7.483
782.27	-8.580
782.58	-10.021
782.89	-13.360
783.20	-14.050
783.51	-15.601
783.83	-15.442
784.14	-16.514
784.45	-12.841
784.76	-15.259
785.07	-17.239
785.38	-21.973
785.70	-20.837
786.01	-18.859
786.32	-18.809
786.63	-21.072
786.94	-20.540
787.25	-22.331
787.56	-21.272
787.87	-23.423
788.18	-21.148
788.50	-18.906
788.81	-19.547
789.12	-20.196
789.43	-23.112
789.74	-22.606
790.05	-23.243
790.36	-21.793
790.67	-20.524
790.98	-21.858
791.29	-23.592
791.60	-24.248
791.91	-27.716
792.22	-21.391
792.53	-21.421
792.84	-15.387
793.15	-9.740
793.46	-6.570
793.77	-6.632
794.08	-6.359
794.39	-7.063
794.70	-7.713
795.01	-3.552
795.32	-0.266
795.63	-3.686
795.94	-4.683
796.25	-6.610
796.56	-10.427
796.87	-10.128
797.18	-10.519
797.49	-11.198
797.80	-8.046
798.11	-4.429
798.42	-8.443
798.73	-10.655
799.04	-11.621
799.35	-12.514
799.65	-16.217
799.96	-15.745
800.27	-18.182
800.58	-19.666
800.89	-21.104
801.20	-24.690
801.51	-27.583
801.82	-27.106
802.13	-27.324
802.43	-26.255
802.74	-26.089
803.05	-28.114
803.36	-28.520
803.67	-28.681
803.98	-26.536
804.28	-24.874
804.59	-23.791
804.90	-24.848
805.21	-21.992
805.52	-21.868
805.83	-22.856
806.13	-26.903
806.44	-23.084
806.75	-21.898
807.06	-19.844
807.36	-19.476
807.67	-22.353
807.98	-25.103
808.29	-25.764
808.60	-24.976
808.90	-28.599
809.21	-24.902
809.52	-20.774
809.83	-19.204
810.13	-17.852
810.44	-21.532
810.75	-21.629
811.05	-19.329
811.36	-15.856
811.67	-20.287
811.98	-24.805
812.28	-25.834
812.59	-28.465
812.90	-26.420
813.20	-22.071
813.51	-24.915
813.82	-21.725
814.12	-23.262
814.43	-23.784
814.74	-30.830
815.04	-29.655
815.35	-28.588
815.65	-22.730
815.96	-27.517
816.27	-33.064
816.57	-41.415
816.88	-43.174
817.19	-43.610
817.49	-41.405
817.80	-41.753
818.10	-34.505
818.41	-31.437
818.72	-32.380
819.02	-29.183
819.33	-25.596
819.63	-23.612
819.94	-23.871
820.24	-20.988
820.55	-18.415
820.85	-15.387
821.16	-13.073
821.47	-11.990
821.77	-12.272
822.08	-12.044
822.38	-12.171
822.69	-12.571
822.99	-12.733
823.30	-12.126
823.60	-12.199
823.91	-12.471
824.21	-12.803
824.52	-14.130
824.82	-15.806
825.13	-16.203
825.43	-16.276
825.73	-18.444
826.04	-17.723
826.34	-17.402
826.65	-17.081
826.95	-17.795
827.26	-18.820
827.56	-20.379
827.87	-20.033
828.17	-19.196
828.47	-17.992
828.78	-18.889
829.08	-16.954
829.39	-19.848
829.69	-19.946
829.99	-20.455
830.30	-20.681
830.60	-18.597
830.90	-17.754
831.21	-15.763
831.51	-17.376
831.82	-18.762
832.12	-15.603
832.42	-19.580
832.73	-17.215
833.03	-18.941
833.33	-18.053
833.64	-18.822
833.94	-20.237
834.24	-23.149
834.54	-26.346
834.85	-26.361
835.15	-30.571
835.45	-31.159
835.76	-28.997
836.06	-24.971
836.36	-26.931
836.66	-30.052
836.97	-32.795
837.27	-34.359
837.57	-30.523
837.87	-26.812
838.18	-22.915
838.48	-17.502
838.78	-16.027
839.08	-17.151
839.39	-25.197
839.69	-20.047
839.99	-16.395
840.29	-16.084
840.59	-15.144
840.90	-19.725
841.20	-24.175
841.50	-32.785
841.80	-36.985
842.10	-43.346
842.41	-58.764
842.71	-57.317
843.01	-55.492
843.31	-64.644
843.61	-66.877
843.91	-89.740
844.21	-105.738
844.52	-97.976
844.82	-76.958
845.12	-85.640
845.42	-67.446
845.72	-61.905
846.02	-60.692
846.32	-81.054
846.62	-105.730
846.92	-95.704
847.22	-92.545
847.52	-70.235
847.83	-70.274
848.13	-79.206
848.43	-59.511
848.73	-86.728
849.03	-91.597
849.33	-101.724
849.63	-93.632
849.93	-65.770
850.23	-62.984
850.53	-46.543
850.83	-48.919
851.13	-52.507
851.43	-63.060
851.73	-74.392
852.03	-62.592
852.33	-54.425
852.63	-42.005
852.93	-30.769
853.23	-35.352
853.53	-37.115
853.83	-39.335
854.13	-37.983
854.43	-20.509
854.73	-21.521
855.03	-21.228
855.32	-25.838
855.62	-31.474
855.92	-45.974
856.22	-59.905
856.52	-61.958
856.82	-61.840
857.12	-85.775
857.42	-92.257
857.72	-142.535
858.02	-143.526
858.31	-167.262
858.61	-143.333
858.91	-148.077
859.21	-137.500
859.51	-142.105
859.81	-180.412
860.11	-195.189
860.40	-149.598
860.70	-121.065
861.00	-135.572
861.30	-137.221
861.60	-147.507
861.90	-130.599
862.19	-109.333
862.49	-81.209
862.79	-87.234
863.09	-57.988
863.39	-58.174
863.68	-71.086
863.98	-82.199
864.28	-67.073
864.58	-67.290
864.87	-60.000
865.17	-74.245
865.47	-67.901
865.77	-99.564
866.06	-85.039
866.36	-91.703
866.66	-66.031
866.96	-50.554
867.25	-63.817
867.55	-78.936
867.85	-87.817
868.14	-77.982
868.44	-67.024
868.74	-108.516
869.03	-102.933
869.33	-147.249
869.63	-153.265
869.92	-306.667
870.22	-620.619
870.52	-425.532
870.81	-365.680
871.11	-626.214
871.41	-1457.500
871.70	862.338
872.00	1669.444
872.30	19166.667
872.59	50400.000
872.89	724.675
873.18	877.273
873.48	-885.455
873.78	-1480.000
874.07	5350.000
874.37	-714.493
874.66	-442.017
874.96	-219.024
875.25	-293.785
875.55	-667.742
875.85	-247.934
876.14	-156.125
876.44	-104.010
876.73	-129.380
877.03	-105.530
877.32	-69.155
877.62	-55.009
877.91	-66.206
878.21	-55.372
878.50	-68.790
878.80	-57.732
879.09	-82.732
879.39	-67.059
879.68	-78.829
879.98	-83.744
880.27	-89.295
880.57	-86.875
880.86	-67.038
881.16	-60.801
881.45	-54.995
881.74	-40.072
882.04	-33.736
882.33	-29.630
882.63	-30.087
882.92	-28.385
883.22	-28.206
883.51	-23.042
883.80	-20.942
884.10	-23.860
884.39	-18.441
884.69	-17.583
884.98	-18.701
885.27	-18.616
885.57	-17.562
885.86	-17.254
886.15	-26.137
886.45	-28.935
886.74	-43.750
887.03	-54.354
887.33	-51.887
887.62	-64.311
887.91	-93.750
888.21	-175.000
888.50	-95.652
888.79	-3.846
889.09	-51.515
