190.56	800.000
190.94	800.000
191.32	800.000
191.70	144.304
192.08	68.750
192.46	-382.000
192.84	-433.333
193.22	-875.000
193.60	343.590
193.98	3600.000
194.36	281.633
194.74	208.511
195.13	127.559
195.51	149.333
195.89	71.429
196.27	230.000
196.65	-104.762
197.03	-40.000
197.40	-103.200
197.78	-54.082
198.16	-2.073
198.54	-11.304
198.92	15.556
199.30	7.107
199.68	-54.237
200.06	-84.783
200.44	162.500
200.82	183.117
201.20	192.793
201.58	151.538
201.96	114.286
202.34	273.418
202.72	457.143
203.10	-25100.000
203.48	-251.724
203.86	-87.562
204.24	-80.861
204.62	-69.136
205.00	-101.648
205.38	-57.322
205.76	-23.759
206.13	-23.494
206.51	-6.838
206.89	7.799
207.27	-8.902
207.65	7.303
208.03	4.777
208.41	16.129
208.79	18.349
209.17	22.979
209.55	26.386
209.93	24.250
210.30	31.367
210.68	18.289
211.06	31.677
211.44	54.648
211.82	44.211
212.20	47.794
212.58	57.738
212.96	35.714
213.33	53.488
213.71	53.708
214.09	39.252
214.47	19.585
214.85	16.713
215.23	0.000
215.61	12.129
215.98	20.332
216.36	14.192
216.74	12.140
217.12	7.742
217.50	0.000
217.88	3.704
218.25	20.861
218.63	31.715
219.01	29.730
219.39	20.462
219.77	4.310
220.14	-3.873
220.52	4.604
220.90	11.787
221.28	8.824
221.66	3.962
222.03	-9.058
222.41	-15.238
222.79	-25.993
223.17	-21.792
223.55	-9.118
223.92	-4.221
224.30	1.385
224.68	-1.347
225.06	-5.717
225.43	2.429
225.81	8.146
226.19	9.674
226.57	9.872
226.95	9.276
227.32	7.862
227.70	6.037
228.08	5.906
228.46	5.770
228.83	6.228
229.21	5.971
229.59	5.304
229.96	3.380
230.34	3.652
230.72	2.493
231.10	3.201
231.47	3.973
231.85	3.677
232.23	4.083
232.60	2.153
232.98	-0.024
233.36	-1.450
233.74	-1.909
234.11	0.277
234.49	0.533
234.87	1.141
235.24	0.694
235.62	0.642
236.00	-0.344
236.37	-1.559
236.75	-1.276
237.13	-0.361
237.50	0.219
237.88	-0.707
238.26	-2.444
238.63	-3.477
239.01	-2.428
239.39	-1.922
239.76	-2.714
240.14	-1.634
240.52	-0.994
240.89	-0.342
241.27	-0.538
241.65	-0.738
242.02	-0.584
242.40	0.132
242.77	0.112
243.15	-0.786
243.53	-0.910
243.90	-0.938
244.28	-0.864
244.66	-1.037
245.03	-0.860
245.41	-0.854
245.78	-0.225
246.16	0.244
246.54	0.173
246.91	0.401
247.29	0.796
247.66	0.745
248.04	1.116
248.41	0.912
248.79	0.965
249.17	1.008
249.54	1.242
249.92	1.110
250.29	0.745
250.67	0.541
251.04	0.103
251.42	0.120
251.80	0.187
252.17	-0.445
252.55	-0.658
252.92	-0.831
253.30	-0.370
253.67	-0.104
254.05	-0.038
254.42	0.203
254.80	0.287
255.17	0.347
255.55	0.558
255.92	0.936
256.30	0.948
256.67	0.982
257.05	1.047
257.42	0.648
257.80	0.532
258.17	0.779
258.55	0.708
258.92	0.320
259.30	0.371
259.67	0.110
260.05	-0.083
260.42	-0.018
260.80	0.014
261.17	-0.136
261.55	-0.110
261.92	-0.234
262.30	-0.695
262.67	-0.772
263.05	-0.610
263.42	-0.712
263.79	-0.526
264.17	-0.723
264.54	-0.762
264.92	-0.214
265.29	0.153
265.67	0.147
266.04	0.095
266.42	0.227
266.79	0.340
267.16	0.309
267.54	0.554
267.91	0.578
268.29	0.745
268.66	1.195
269.03	1.137
269.41	0.902
269.78	0.665
270.16	0.575
270.53	0.518
270.90	0.617
271.28	0.589
271.65	0.275
272.03	0.280
272.40	0.084
272.77	-0.475
273.15	-0.581
273.52	-0.480
273.89	-0.436
274.27	-0.218
274.64	-0.195
275.01	-0.445
275.39	-0.282
275.76	-0.109
276.14	-0.201
276.51	0.258
276.88	0.710
277.26	0.841
277.63	0.638
278.00	0.735
278.38	0.667
278.75	0.814
279.12	0.943
279.49	1.126
279.87	1.212
280.24	1.258
280.61	1.040
280.99	0.951
281.36	0.672
281.73	0.990
282.11	0.937
282.48	0.935
282.85	0.816
283.22	0.719
283.60	0.556
283.97	0.323
284.34	0.065
284.71	-0.107
285.09	0.040
285.46	0.243
285.83	0.148
286.21	0.331
286.58	0.609
286.95	0.743
287.32	0.864
287.70	0.853
288.07	1.149
288.44	1.188
288.81	1.358
289.18	1.316
289.56	1.313
289.93	1.386
290.30	1.396
290.67	1.118
291.05	1.169
291.42	0.996
291.79	1.010
292.16	1.068
292.53	1.382
292.91	1.447
293.28	1.400
293.65	1.429
294.02	1.575
294.39	1.384
294.76	1.338
295.14	1.196
295.51	1.340
295.88	1.246
296.25	1.154
296.62	1.110
297.00	1.122
297.37	1.124
297.74	1.042
298.11	0.888
298.48	0.953
298.85	1.135
299.22	1.212
299.60	1.278
299.97	1.452
300.34	1.576
300.71	1.583
301.08	1.456
301.45	1.580
301.82	1.761
302.19	1.858
302.56	1.790
302.94	1.742
303.31	1.582
303.68	1.459
304.05	1.427
304.42	1.332
304.79	1.096
305.16	1.259
305.53	1.179
305.90	1.064
306.27	1.032
306.64	1.003
307.02	1.099
307.39	1.250
307.76	1.227
308.13	1.234
308.50	1.158
308.87	1.427
309.24	1.244
309.61	1.289
309.98	1.111
310.35	1.138
310.72	1.129
311.09	0.943
311.46	0.746
311.83	0.387
312.20	0.543
312.57	0.346
312.94	0.153
313.31	0.254
313.68	0.182
314.05	0.277
314.42	0.125
314.79	-0.091
315.16	-0.070
315.53	0.121
315.90	0.367
316.27	0.089
316.64	0.208
317.01	0.287
317.38	0.125
317.75	0.093
318.12	-0.080
318.49	-0.195
318.86	0.078
319.23	0.234
319.60	0.203
319.97	0.496
320.34	0.593
320.71	0.726
321.08	0.624
321.45	0.743
321.82	0.685
322.19	0.899
322.55	0.844
322.92	0.774
323.29	0.468
323.66	0.424
324.03	0.105
324.40	0.210
324.77	0.117
325.14	0.243
325.51	0.190
325.88	0.202
326.25	-0.028
326.61	0.013
326.98	0.181
327.35	0.235
327.72	0.090
328.09	0.167
328.46	-0.043
328.83	-0.003
329.20	-0.081
329.56	-0.245
329.93	-0.359
330.30	-0.043
330.67	0.179
331.04	-0.034
331.41	-0.140
331.78	-0.197
332.14	-0.156
332.51	-0.037
332.88	-0.131
333.25	-0.157
333.62	-0.104
333.99	0.041
334.35	-0.242
334.72	-0.360
335.09	-0.368
335.46	-0.190
335.83	-0.082
336.19	-0.282
336.56	-0.495
336.93	-0.312
337.30	-0.588
337.67	-0.516
338.03	-0.621
338.40	-0.725
338.77	-0.782
339.14	-0.809
339.50	-0.797
339.87	-0.767
340.24	-0.635
340.61	-0.558
340.97	-0.718
341.34	-0.556
341.71	-0.622
342.08	-0.638
342.44	-0.401
342.81	-0.487
343.18	-0.543
343.55	-0.594
343.91	-0.645
344.28	-0.774
344.65	-0.823
345.02	-0.867
345.38	-0.831
345.75	-0.798
346.12	-0.808
346.48	-1.105
346.85	-1.074
347.22	-0.973
347.59	-1.183
347.95	-1.193
348.32	-1.120
348.69	-1.181
349.05	-1.319
349.42	-1.397
349.79	-1.551
350.15	-1.686
350.52	-1.509
350.89	-1.548
351.25	-1.692
351.62	-1.604
351.99	-1.753
352.35	-1.827
352.72	-1.890
353.09	-1.854
353.45	-1.929
353.82	-1.929
354.18	-1.887
354.55	-1.936
354.92	-1.968
355.28	-1.979
355.65	-2.068
356.02	-1.974
356.38	-1.939
356.75	-2.016
357.11	-2.068
357.48	-1.962
357.85	-1.983
358.21	-2.020
358.58	-2.020
358.94	-2.163
359.31	-2.227
359.67	-2.232
360.04	-2.304
360.41	-2.344
360.77	-2.225
361.14	-2.161
361.50	-2.306
361.87	-2.309
362.23	-2.293
362.60	-2.287
362.97	-2.108
363.33	-2.079
363.70	-2.110
364.06	-2.142
364.43	-2.203
364.79	-2.335
365.16	-2.365
365.52	-2.293
365.89	-2.277
366.25	-2.375
366.62	-2.324
366.98	-2.409
367.35	-2.407
367.71	-2.406
368.08	-2.249
368.44	-2.346
368.81	-2.287
369.17	-2.270
369.54	-2.189
369.90	-2.186
370.27	-2.094
370.63	-2.319
371.00	-2.272
371.36	-2.156
371.73	-2.032
372.09	-2.094
372.45	-1.993
372.82	-1.981
373.18	-1.978
373.55	-2.141
373.91	-2.046
374.28	-2.047
374.64	-1.964
375.01	-2.036
375.37	-2.050
375.73	-2.139
376.10	-2.113
376.46	-2.077
376.83	-2.013
377.19	-2.034
377.55	-1.978
377.92	-1.982
378.28	-1.870
378.65	-1.756
379.01	-1.708
379.37	-1.623
379.74	-1.551
380.10	-1.573
380.47	-1.475
380.83	-1.410
381.19	-1.428
381.56	-1.261
381.92	-1.235
382.28	-1.262
382.65	-1.220
383.01	-1.204
383.37	-1.315
383.74	-1.292
384.10	-1.211
384.46	-1.105
384.83	-1.119
385.19	-0.932
385.55	-0.979
385.92	-0.917
386.28	-0.952
386.64	-1.015
387.01	-0.944
387.37	-0.875
387.73	-0.747
388.10	-0.809
388.46	-0.973
388.82	-0.856
389.18	-0.908
389.55	-0.902
389.91	-0.880
390.27	-0.741
390.64	-0.638
391.00	-0.539
391.36	-0.639
391.72	-0.638
392.09	-0.516
392.45	-0.411
392.81	-0.482
393.17	-0.535
393.54	-0.511
393.90	-0.513
394.26	-0.551
394.62	-0.553
394.99	-0.529
395.35	-0.422
395.71	-0.402
396.07	-0.347
396.43	-0.361
396.80	-0.272
397.16	-0.293
397.52	-0.207
397.88	-0.146
398.24	-0.125
398.61	-0.131
398.97	-0.262
399.33	-0.234
399.69	-0.297
400.05	-0.227
400.42	-0.048
400.78	-0.042
401.14	-0.010
401.50	0.033
401.86	-0.073
402.22	0.052
402.59	0.089
402.95	0.249
403.31	0.377
403.67	0.428
404.03	0.271
404.39	0.181
404.75	0.126
405.12	0.255
405.48	0.281
405.84	0.358
406.20	0.267
406.56	0.296
406.92	0.284
407.28	0.291
407.64	0.400
408.00	0.581
408.36	0.632
408.73	0.746
409.09	0.810
409.45	0.817
409.81	0.917
410.17	0.967
410.53	1.069
410.89	1.024
411.25	1.075
411.61	1.046
411.97	1.012
412.33	1.104
412.69	1.136
413.05	1.220
413.41	1.290
413.77	1.247
414.13	1.295
414.50	1.203
414.86	1.212
415.22	1.180
415.58	1.226
415.94	1.255
416.30	1.223
416.66	1.134
417.02	1.078
417.38	1.106
417.74	1.072
418.10	1.035
418.46	1.082
418.82	1.124
419.18	1.102
419.54	1.041
419.90	1.011
420.26	0.992
420.61	1.041
420.97	1.048
421.33	1.041
421.69	1.144
422.05	1.116
422.41	1.125
422.77	1.175
423.13	1.206
423.49	1.223
423.85	1.252
424.21	1.321
424.57	1.331
424.93	1.339
425.29	1.349
425.65	1.341
426.01	1.417
426.36	1.401
426.72	1.300
427.08	1.314
427.44	1.336
427.80	1.409
428.16	1.388
428.52	1.427
428.88	1.359
429.24	1.420
429.59	1.478
429.95	1.439
430.31	1.479
430.67	1.600
431.03	1.592
431.39	1.594
431.75	1.498
432.10	1.501
432.46	1.491
432.82	1.564
433.18	1.569
433.54	1.544
433.90	1.602
434.25	1.595
434.61	1.572
434.97	1.596
435.33	1.605
435.69	1.606
436.04	1.625
436.40	1.604
436.76	1.666
437.12	1.618
437.48	1.599
437.83	1.714
438.19	1.738
438.55	1.730
438.91	1.749
439.27	1.736
439.62	1.735
439.98	1.706
440.34	1.803
440.70	1.713
441.05	1.742
441.41	1.750
441.77	1.639
442.13	1.718
442.48	1.771
442.84	1.710
443.20	1.768
443.56	1.843
443.91	1.827
444.27	1.773
444.63	1.945
444.98	1.918
445.34	1.915
445.70	1.940
446.05	1.906
446.41	1.887
446.77	1.897
447.13	1.899
447.48	1.913
447.84	1.970
448.20	1.950
448.55	1.866
448.91	1.837
449.27	1.823
449.62	1.819
449.98	1.758
450.34	1.726
450.69	1.749
451.05	1.767
451.40	1.745
451.76	1.732
452.12	1.756
452.47	1.779
452.83	1.820
453.19	1.787
453.54	1.800
453.90	1.855
454.25	1.881
454.61	1.915
454.97	1.966
455.32	2.006
455.68	1.996
456.03	1.968
456.39	1.954
456.75	1.977
457.10	2.033
457.46	2.021
457.81	2.009
458.17	2.001
458.52	1.965
458.88	1.884
459.24	1.823
459.59	1.816
459.95	1.872
460.30	1.844
460.66	1.835
461.01	1.874
461.37	1.836
461.72	1.800
462.08	1.816
462.43	1.869
462.79	1.869
463.14	1.871
463.50	1.917
463.85	1.848
464.21	1.916
464.56	1.895
464.92	1.766
465.27	1.843
465.63	1.890
465.98	1.894
466.34	1.831
466.69	1.915
467.05	1.935
467.40	1.880
467.76	1.898
468.11	1.790
468.47	1.824
468.82	1.872
469.18	1.867
469.53	1.820
469.88	1.791
470.24	1.784
470.59	1.730
470.95	1.763
471.30	1.742
471.66	1.758
472.01	1.839
472.36	1.826
472.72	1.893
473.07	1.883
473.43	1.927
473.78	1.987
474.13	1.981
474.49	2.045
474.84	1.957
475.19	1.998
475.55	2.001
475.90	2.015
476.26	1.972
476.61	1.962
476.96	1.932
477.32	1.920
477.67	1.918
478.02	1.929
478.38	1.821
478.73	1.817
479.08	1.824
479.44	1.823
479.79	1.743
480.14	1.739
480.50	1.667
480.85	1.682
481.20	1.690
481.56	1.710
481.91	1.729
482.26	1.796
482.62	1.832
482.97	1.840
483.32	1.863
483.67	1.915
484.03	1.925
484.38	1.962
484.73	1.975
485.08	1.995
485.44	1.968
485.79	1.969
486.14	1.945
486.49	1.953
486.85	1.950
487.20	1.917
487.55	1.900
487.90	1.901
488.26	1.901
488.61	1.870
488.96	1.856
489.31	1.882
489.67	1.870
490.02	1.884
490.37	1.856
490.72	1.835
491.07	1.862
491.43	1.850
491.78	1.841
492.13	1.816
492.48	1.855
492.83	1.865
493.19	1.842
493.54	1.855
493.89	1.833
494.24	1.874
494.59	1.893
494.94	1.835
495.29	1.800
495.65	1.802
496.00	1.814
496.35	1.763
496.70	1.745
497.05	1.778
497.40	1.787
497.75	1.881
498.11	1.856
498.46	1.868
498.81	1.914
499.16	1.887
499.51	1.913
499.86	1.892
500.21	1.949
500.56	1.964
500.91	1.925
501.26	1.920
501.62	1.843
501.97	1.885
502.32	1.862
502.67	1.869
503.02	1.864
503.37	1.920
503.72	1.942
504.07	1.844
504.42	1.811
504.77	1.827
505.12	1.863
505.47	1.815
505.82	1.787
506.17	1.810
506.52	1.772
506.87	1.858
507.22	1.804
507.57	1.838
507.92	1.901
508.27	1.916
508.62	1.921
508.97	1.889
509.32	1.888
509.67	1.934
510.02	1.979
510.37	1.988
510.72	2.035
511.07	2.028
511.42	1.953
511.77	1.949
512.12	1.974
512.47	1.983
512.82	1.986
513.17	2.039
513.52	2.018
513.87	1.994
514.22	2.050
514.57	2.005
514.91	1.995
515.26	2.036
515.61	2.014
515.96	1.987
516.31	1.995
516.66	1.982
517.01	1.962
517.36	1.929
517.71	1.863
518.06	1.830
518.41	1.800
518.75	1.804
519.10	1.842
519.45	1.894
519.80	1.962
520.15	1.948
520.50	1.972
520.85	1.951
521.19	1.969
521.54	2.004
521.89	2.001
522.24	2.058
522.59	2.103
522.94	2.090
523.28	2.085
523.63	2.028
523.98	2.034
524.33	2.022
524.68	2.036
525.03	2.024
525.37	2.002
525.72	2.027
526.07	2.016
526.42	1.969
526.76	1.942
527.11	1.934
527.46	1.941
527.81	1.920
528.16	1.916
528.50	1.928
528.85	1.960
529.20	1.990
529.55	1.986
529.89	1.983
530.24	1.989
530.59	2.035
530.94	2.068
531.28	2.052
531.63	2.088
531.98	2.115
532.32	2.076
532.67	2.038
533.02	2.014
533.37	1.976
533.71	2.012
534.06	2.060
534.41	2.062
534.75	2.059
535.10	2.086
535.45	2.057
535.79	2.056
536.14	2.095
536.49	2.123
536.83	2.142
537.18	2.146
537.53	2.109
537.87	2.088
538.22	2.024
538.57	1.975
538.91	1.977
539.26	2.054
539.61	2.095
539.95	2.115
540.30	2.112
540.64	2.147
540.99	2.180
541.34	2.209
541.68	2.249
542.03	2.314
542.37	2.348
542.72	2.371
543.07	2.360
543.41	2.350
543.76	2.340
544.10	2.382
544.45	2.380
544.80	2.418
545.14	2.382
545.49	2.337
545.83	2.296
546.18	2.309
546.52	2.318
546.87	2.344
547.21	2.379
547.56	2.451
547.90	2.437
548.25	2.483
548.59	2.506
548.94	2.564
549.29	2.590
549.63	2.636
549.98	2.656
550.32	2.642
550.67	2.618
551.01	2.669
551.35	2.679
551.70	2.645
552.04	2.548
552.39	2.516
552.73	2.472
553.08	2.491
553.42	2.536
553.77	2.556
554.11	2.570
554.46	2.621
554.80	2.555
555.15	2.517
555.49	2.602
555.83	2.663
556.18	2.664
556.52	2.632
556.87	2.673
557.21	2.608
557.56	2.619
557.90	2.601
558.24	2.631
558.59	2.717
558.93	2.756
559.28	2.866
559.62	3.011
559.96	3.038
560.31	3.229
560.65	3.223
560.99	3.182
561.34	3.168
561.68	3.144
562.02	3.129
562.37	3.084
562.71	3.129
563.06	3.053
563.40	2.987
563.74	2.992
564.09	2.942
564.43	2.968
564.77	2.993
565.11	2.958
565.46	3.007
565.80	3.017
566.14	3.032
566.49	2.974
566.83	2.941
567.17	2.916
567.52	2.966
567.86	2.950
568.20	2.935
568.54	2.975
568.89	3.008
569.23	3.099
569.57	3.132
569.91	3.144
570.26	3.225
570.60	3.259
570.94	3.201
571.28	3.224
571.63	3.184
571.97	3.170
572.31	3.209
572.65	3.237
573.00	3.198
573.34	3.100
573.68	3.069
574.02	3.022
574.36	2.992
574.71	3.118
575.05	3.120
575.39	3.177
575.73	3.197
576.07	3.145
576.42	3.094
576.76	3.145
577.10	3.220
577.44	3.229
577.78	3.206
578.12	3.220
578.46	3.144
578.81	3.141
579.15	3.076
579.49	3.163
579.83	3.176
580.17	3.284
580.51	3.248
580.85	3.195
581.20	3.230
581.54	3.194
581.88	3.269
582.22	3.364
582.56	3.407
582.90	3.482
583.24	3.373
583.58	3.357
583.92	3.329
584.26	3.263
584.60	3.329
584.95	3.369
585.29	3.469
585.63	3.433
585.97	3.359
586.31	3.292
586.65	3.411
586.99	3.424
587.33	3.503
587.67	3.465
588.01	3.473
588.35	3.439
588.69	3.394
589.03	3.401
589.37	3.426
589.71	3.421
590.05	3.438
590.39	3.351
590.73	3.348
591.07	3.316
591.41	3.333
591.75	3.351
592.09	3.321
592.43	3.344
592.77	3.451
593.11	3.405
593.45	3.424
593.79	3.346
594.13	3.241
594.47	3.206
594.81	3.207
595.14	3.210
595.48	3.272
595.82	3.366
596.16	3.299
596.50	3.148
596.84	3.130
597.18	3.169
597.52	3.201
597.86	3.338
598.20	3.472
598.54	3.544
598.87	3.518
599.21	3.525
599.55	3.544
599.89	3.674
600.23	3.837
600.57	3.915
600.91	3.900
601.25	3.894
601.58	3.897
601.92	3.802
602.26	3.813
602.60	3.873
602.94	3.881
603.28	3.834
603.61	3.783
603.95	3.709
604.29	3.735
604.63	3.738
604.97	3.840
605.30	3.859
605.64	3.832
605.98	3.745
606.32	3.748
606.66	3.625
606.99	3.690
607.33	3.648
607.67	3.717
608.01	3.620
608.34	3.640
608.68	3.627
609.02	3.548
609.36	3.572
609.69	3.664
610.03	3.643
610.37	3.786
610.71	3.808
611.04	3.853
611.38	3.706
611.72	3.775
612.06	3.749
612.39	3.744
612.73	3.771
613.07	3.864
613.40	3.845
613.74	3.913
614.08	3.983
614.41	3.942
614.75	3.914
615.09	4.057
615.42	3.995
615.76	4.134
616.10	4.064
616.43	4.010
616.77	3.946
617.11	3.940
617.44	3.969
617.78	3.880
618.12	3.904
618.45	3.941
618.79	3.783
619.13	3.756
619.46	3.720
619.80	3.719
620.13	3.973
620.47	4.111
620.81	4.045
621.14	4.065
621.48	4.127
621.81	4.053
622.15	4.061
622.48	4.217
622.82	4.242
623.16	4.244
623.49	4.262
623.83	4.026
624.16	3.950
624.50	4.077
624.83	3.894
625.17	3.770
625.50	3.770
625.84	3.792
626.18	3.700
626.51	3.838
626.85	3.859
627.18	3.840
627.52	3.910
627.85	3.911
628.19	3.832
628.52	3.933
628.86	4.025
629.19	4.041
629.53	3.970
629.86	4.014
630.19	3.871
630.53	3.716
630.86	3.869
631.20	3.926
631.53	3.948
631.87	3.984
632.20	4.082
632.54	3.882
632.87	4.047
633.20	4.121
633.54	4.186
633.87	4.218
634.21	4.297
634.54	4.182
634.88	4.156
635.21	4.051
635.54	4.076
635.88	3.981
636.21	4.029
636.55	3.848
636.88	3.846
637.21	3.894
637.55	4.038
637.88	3.959
638.21	3.932
638.55	3.843
638.88	3.850
639.21	3.861
639.55	3.857
639.88	3.808
640.21	3.745
640.55	3.795
640.88	3.729
641.21	3.497
641.55	3.394
641.88	3.479
642.21	3.331
642.55	3.258
642.88	3.165
643.21	3.189
643.55	3.356
643.88	3.588
644.21	3.339
644.54	3.416
644.88	3.632
645.21	3.782
645.54	3.702
645.87	3.859
646.21	4.019
646.54	3.946
646.87	3.897
647.20	3.780
647.54	3.666
647.87	3.732
648.20	3.578
648.53	3.488
648.87	3.487
649.20	3.634
649.53	3.733
649.86	3.637
650.19	3.771
650.53	3.803
650.86	3.831
651.19	3.776
651.52	3.879
651.85	3.803
652.18	3.654
652.52	3.609
652.85	3.450
653.18	3.284
653.51	3.277
653.84	3.149
654.17	3.145
654.51	3.177
654.84	3.181
655.17	3.096
655.50	3.104
655.83	3.251
656.16	3.332
656.49	3.379
656.82	3.331
657.15	3.317
657.49	3.272
657.82	3.182
658.15	3.160
658.48	2.919
658.81	2.983
659.14	3.132
659.47	3.420
659.80	3.298
660.13	3.192
660.46	3.288
660.79	3.304
661.12	3.376
661.45	3.537
661.78	3.557
662.11	3.664
662.44	3.703
662.77	3.521
663.10	3.071
663.43	3.012
663.76	3.033
664.09	2.874
664.42	2.823
664.75	2.788
665.08	2.692
665.41	2.570
665.74	2.308
666.07	1.941
666.40	1.803
666.73	1.711
667.06	1.610
667.39	1.461
667.72	1.152
668.05	0.892
668.38	1.037
668.71	0.762
669.04	0.574
669.37	0.802
669.70	1.000
670.03	1.174
670.36	1.022
670.69	0.931
671.01	0.805
671.34	0.909
671.67	1.116
672.00	0.879
672.33	0.731
672.66	0.775
672.99	0.656
673.32	0.373
673.64	0.212
673.97	0.238
674.30	0.248
674.63	0.341
674.96	0.434
675.29	0.239
675.62	-0.106
675.94	0.115
676.27	0.094
676.60	0.043
676.93	-0.061
677.26	-0.009
677.58	-0.259
677.91	-0.562
678.24	-0.972
678.57	-1.252
678.90	-1.621
679.22	-1.649
679.55	-1.962
679.88	-2.128
680.21	-2.293
680.54	-2.163
680.86	-2.254
681.19	-2.272
681.52	-1.973
681.85	-1.969
682.17	-1.913
682.50	-1.975
682.83	-2.087
683.16	-2.288
683.48	-2.466
683.81	-2.488
684.14	-2.891
684.46	-3.312
684.79	-3.504
685.12	-3.803
685.45	-3.862
685.77	-4.396
686.10	-4.237
686.43	-4.218
686.75	-4.230
687.08	-4.437
687.41	-4.772
687.73	-4.957
688.06	-4.950
688.39	-4.931
688.71	-5.173
689.04	-5.703
689.36	-5.821
689.69	-6.147
690.02	-6.647
690.34	-7.034
690.67	-6.936
691.00	-7.109
691.32	-7.085
691.65	-7.454
691.97	-7.871
692.30	-8.045
692.63	-7.921
692.95	-7.752
693.28	-7.987
693.60	-8.044
693.93	-7.598
694.26	-7.898
694.58	-7.853
694.91	-8.262
695.23	-8.529
695.56	-8.892
695.88	-9.220
696.21	-9.499
696.53	-9.807
696.86	-10.453
697.18	-10.283
697.51	-11.284
697.83	-11.429
698.16	-11.698
698.48	-11.626
698.81	-11.864
699.13	-12.125
699.46	-12.542
699.78	-13.079
700.11	-13.024
700.43	-12.954
700.76	-13.707
701.08	-13.923
701.41	-14.511
701.73	-14.965
702.06	-15.771
702.38	-15.716
702.71	-15.466
703.03	-15.246
703.35	-14.683
703.68	-15.745
704.00	-16.077
704.33	-15.951
704.65	-15.942
704.98	-16.184
705.30	-16.546
705.62	-16.191
705.95	-17.272
706.27	-17.933
706.60	-18.838
706.92	-19.446
707.24	-20.137
707.57	-20.717
707.89	-21.227
708.21	-21.676
708.54	-22.005
708.86	-22.396
709.18	-23.230
709.51	-22.762
709.83	-23.129
710.15	-23.262
710.48	-23.783
710.80	-23.570
711.12	-23.490
711.45	-24.191
711.77	-24.402
712.09	-24.187
712.42	-24.688
712.74	-25.005
713.06	-26.042
713.38	-26.156
713.71	-26.570
714.03	-26.674
714.35	-27.266
714.68	-27.971
715.00	-28.463
715.32	-29.017
715.64	-29.825
715.97	-30.114
716.29	-30.599
716.61	-30.749
716.93	-30.373
717.25	-31.178
717.58	-31.977
717.90	-32.092
718.22	-31.501
718.54	-30.413
718.87	-30.103
719.19	-31.265
719.51	-30.664
719.83	-29.904
720.15	-29.795
720.47	-32.071
720.80	-31.057
721.12	-31.070
721.44	-31.197
721.76	-31.907
722.08	-33.537
722.40	-35.306
722.73	-34.118
723.05	-34.536
723.37	-36.419
723.69	-36.957
724.01	-37.305
724.33	-38.624
724.65	-39.379
724.97	-39.402
725.30	-41.037
725.62	-41.705
725.94	-40.982
726.26	-41.929
726.58	-43.033
726.90	-42.628
727.22	-43.307
727.54	-43.618
727.86	-42.907
728.18	-42.902
728.50	-44.294
728.82	-43.778
729.14	-44.466
729.46	-45.140
729.78	-45.282
730.10	-45.446
730.42	-46.298
730.74	-46.829
731.07	-46.722
731.39	-47.867
731.71	-47.633
732.03	-46.818
732.35	-47.039
732.66	-46.916
732.98	-47.140
733.30	-47.837
733.62	-47.497
733.94	-46.444
734.26	-45.899
734.58	-45.328
734.90	-45.710
735.22	-45.106
735.54	-45.571
735.86	-46.319
736.18	-46.564
736.50	-46.405
736.82	-48.145
737.14	-48.617
737.46	-48.711
737.78	-49.480
738.10	-49.264
738.41	-49.712
738.73	-53.195
739.05	-52.477
739.37	-51.399
739.69	-52.650
740.01	-53.233
740.33	-51.904
740.65	-50.448
740.96	-51.494
741.28	-50.472
741.60	-52.400
741.92	-52.075
742.24	-50.452
742.56	-52.483
742.88	-53.670
743.19	-51.910
743.51	-50.831
743.83	-49.287
744.15	-50.877
744.47	-51.462
744.78	-52.442
745.10	-51.093
745.42	-51.819
745.74	-50.700
746.06	-51.171
746.37	-51.316
746.69	-51.077
747.01	-51.832
747.33	-54.926
747.64	-56.550
747.96	-57.262
748.28	-55.914
748.60	-54.500
748.91	-54.291
749.23	-56.420
749.55	-55.011
749.87	-55.812
750.18	-58.380
750.50	-58.557
750.82	-57.830
751.13	-60.349
751.45	-58.844
751.77	-60.632
752.08	-63.179
752.40	-62.756
752.72	-61.127
753.03	-63.152
753.35	-62.014
753.67	-59.149
753.98	-59.538
754.30	-61.295
754.62	-56.695
754.93	-58.475
755.25	-57.653
755.57	-57.999
755.88	-58.261
756.20	-59.509
756.51	-56.012
756.83	-56.265
757.15	-58.531
757.46	-59.263
757.78	-58.255
758.09	-60.462
758.41	-60.893
758.73	-61.985
759.04	-62.123
759.36	-61.511
759.67	-60.798
759.99	-65.300
760.30	-66.915
760.62	-67.044
760.94	-66.337
761.25	-64.497
761.57	-64.427
761.88	-64.153
762.20	-65.386
762.51	-65.317
762.83	-65.063
763.14	-65.913
763.46	-64.722
763.77	-63.104
764.09	-62.677
764.40	-63.307
764.72	-65.161
765.03	-66.058
765.35	-65.489
765.66	-64.810
765.98	-64.530
766.29	-66.913
766.61	-67.556
766.92	-67.998
767.23	-67.754
767.55	-65.902
767.86	-64.795
768.18	-63.196
768.49	-60.709
768.81	-64.125
769.12	-65.319
769.43	-65.924
769.75	-65.447
770.06	-64.896
770.38	-63.051
770.69	-62.891
771.00	-64.839
771.32	-66.000
771.63	-66.476
771.94	-69.664
772.26	-64.521
772.57	-65.491
772.89	-67.736
773.20	-66.344
773.51	-67.503
773.83	-65.756
774.14	-66.989
774.45	-67.766
774.77	-69.382
775.08	-71.478
775.39	-71.164
775.70	-72.025
776.02	-69.081
776.33	-67.023
776.64	-64.556
776.96	-64.342
777.27	-66.031
777.58	-68.271
777.89	-66.590
778.21	-65.957
778.52	-66.158
778.83	-67.682
779.14	-68.302
779.46	-68.631
779.77	-64.727
780.08	-68.883
780.39	-64.266
780.71	-66.656
781.02	-67.171
781.33	-69.111
781.64	-67.660
781.95	-61.831
782.27	-55.622
782.58	-59.276
782.89	-60.182
783.20	-62.685
783.51	-61.163
783.83	-64.627
784.14	-60.413
784.45	-57.335
784.76	-62.078
785.07	-60.560
785.38	-67.444
785.70	-71.595
786.01	-66.512
786.32	-66.191
786.63	-66.667
786.94	-61.908
787.25	-63.593
787.56	-65.797
787.87	-66.938
788.18	-62.742
788.50	-61.088
788.81	-56.182
789.12	-55.171
789.43	-52.710
789.74	-53.358
790.05	-55.737
790.36	-59.925
790.67	-56.830
790.98	-60.319
791.29	-57.919
791.60	-53.081
791.91	-57.551
792.22	-59.889
792.53	-62.114
792.84	-68.404
793.15	-66.654
793.46	-64.183
793.77	-63.836
794.08	-68.979
794.39	-67.363
794.70	-73.184
795.01	-74.830
795.32	-74.739
795.63	-78.297
795.94	-74.399
796.25	-72.188
796.56	-66.832
796.87	-67.179
797.18	-69.195
797.49	-66.614
797.80	-61.936
798.11	-60.101
798.42	-57.517
798.73	-59.100
799.04	-60.132
799.35	-60.084
799.65	-62.029
799.96	-62.179
800.27	-63.098
800.58	-61.082
800.89	-58.393
801.20	-62.265
801.51	-67.129
801.82	-73.863
802.13	-70.889
802.43	-66.366
802.74	-71.362
803.05	-69.512
803.36	-77.506
803.67	-75.182
803.98	-75.147
804.28	-78.212
804.59	-83.148
804.90	-75.224
805.21	-73.661
805.52	-77.749
805.83	-79.845
806.13	-80.863
806.44	-80.599
806.75	-74.345
807.06	-72.976
807.36	-73.755
807.67	-77.883
807.98	-72.492
808.29	-74.392
808.60	-80.673
808.90	-72.946
809.21	-67.554
809.52	-66.282
809.83	-63.324
810.13	-69.736
810.44	-76.787
810.75	-72.487
811.05	-69.070
811.36	-70.129
811.67	-64.831
811.98	-54.782
812.28	-54.289
812.59	-58.461
812.90	-62.671
813.20	-71.200
813.51	-70.506
813.82	-63.282
814.12	-63.868
814.43	-66.509
814.74	-61.728
815.04	-69.245
815.35	-75.903
815.65	-79.292
815.96	-79.669
816.27	-68.985
816.57	-67.286
816.88	-61.098
817.19	-63.899
817.49	-61.641
817.80	-60.665
818.10	-65.663
818.41	-60.355
818.72	-63.391
819.02	-63.614
819.33	-59.889
819.63	-61.383
819.94	-54.326
820.24	-60.642
820.55	-60.948
820.85	-65.608
821.16	-62.852
821.47	-63.233
821.77	-66.026
822.08	-65.262
822.38	-65.019
822.69	-66.250
822.99	-65.417
823.30	-66.831
823.60	-65.505
823.91	-65.135
824.21	-65.411
824.52	-66.703
824.82	-68.234
825.13	-67.065
825.43	-67.986
825.73	-69.443
826.04	-69.141
826.34	-71.206
826.65	-69.404
826.95	-71.794
827.26	-75.482
827.56	-73.799
827.87	-74.201
828.17	-71.473
828.47	-74.520
828.78	-73.455
829.08	-74.952
829.39	-73.808
829.69	-76.775
829.99	-83.078
830.30	-84.632
830.60	-76.845
830.90	-79.587
831.21	-76.126
831.51	-76.546
831.82	-69.563
832.12	-69.924
832.42	-67.614
832.73	-67.703
833.03	-64.823
833.33	-64.246
833.64	-65.836
833.94	-71.004
834.24	-70.495
834.54	-75.282
834.85	-73.723
835.15	-75.040
835.45	-73.163
835.76	-70.346
836.06	-70.415
836.36	-66.518
836.66	-61.909
836.97	-61.083
837.27	-59.406
837.57	-60.556
837.87	-53.403
838.18	-57.569
838.48	-47.353
838.78	-48.658
839.08	-51.366
839.39	-58.737
839.69	-64.666
839.99	-70.201
840.29	-68.052
840.59	-53.214
840.90	-53.753
841.20	-66.305
841.50	-61.416
841.80	-76.471
842.10	-86.970
842.41	-98.016
842.71	-111.097
843.01	-101.923
843.31	-106.171
843.61	-92.637
843.91	-138.750
844.21	-149.503
844.52	-132.427
844.82	-178.385
845.12	-182.687
845.42	-156.389
845.72	-126.087
846.02	-111.528
846.32	-135.577
846.62	-120.822
846.92	-147.492
847.22	-177.273
847.52	-162.605
847.83	-196.133
848.13	-125.610
848.43	-142.424
848.73	-146.701
849.03	-164.878
849.33	-86.544
849.63	-88.650
849.93	-60.494
850.23	-73.252
850.53	-61.789
850.83	-80.055
851.13	-90.278
851.43	-68.480
851.73	-50.613
852.03	-52.070
852.33	-36.775
852.63	-31.490
852.93	-38.087
853.23	-66.016
853.53	-64.165
853.83	-55.154
854.13	-30.645
854.43	-13.669
854.73	-28.596
855.03	-30.475
855.32	-22.360
855.62	-33.452
855.92	-37.544
856.22	-27.036
856.52	-17.319
856.82	-11.280
857.12	-8.333
857.42	-14.735
857.72	-19.231
858.02	-19.879
858.31	-33.698
858.61	-31.369
858.91	-29.065
859.21	-43.059
859.51	-57.143
859.81	-62.141
860.11	-78.756
860.40	-137.542
860.70	-135.786
861.00	-183.838
861.30	-211.561
861.60	-186.486
861.90	-248.571
862.19	-204.587
862.49	-177.200
862.79	-138.542
863.09	-97.965
863.39	-88.669
863.68	-68.421
863.98	-73.775
864.28	-81.726
864.58	-58.495
864.87	-62.673
865.17	-48.504
865.47	-49.278
865.77	-46.943
866.06	-52.761
866.36	-59.804
866.66	-66.600
866.96	-53.604
867.25	-49.360
867.55	-48.283
867.85	-44.940
868.14	-47.189
868.44	-60.924
868.74	-63.636
869.03	-60.511
869.33	-78.876
869.63	-108.108
869.92	-71.220
870.22	-88.804
870.52	-86.685
870.81	-67.898
871.11	-89.008
871.41	-99.327
871.70	-95.789
872.00	-69.062
872.30	-80.669
872.59	-31.871
872.89	-14.326
873.18	-75.720
873.48	-66.667
873.78	-46.367
874.07	-20.440
874.37	-2.083
874.66	1.790
874.96	10.060
875.25	-13.253
875.55	-13.821
875.85	-58.904
876.14	-72.376
876.44	-52.745
876.73	-45.214
877.03	-50.943
877.32	-101.258
877.62	-177.178
877.91	-170.417
878.21	-339.706
878.50	-245.833
878.80	-141.270
879.09	-110.510
879.39	-129.210
879.68	-145.333
879.98	-182.927
880.27	-183.746
880.57	-144.267
880.86	-126.139
881.16	-123.697
881.45	-99.282
881.74	-97.612
882.04	-97.056
882.33	-91.144
882.63	-80.905
882.92	-72.999
883.22	-70.930
883.51	-67.954
883.80	-66.187
884.10	-63.348
884.39	-65.999
884.69	-66.055
884.98	-61.629
885.27	-62.536
885.57	-57.470
885.86	-50.646
886.15	-54.435
886.45	-61.198
886.74	-72.340
887.03	-79.957
887.33	-77.488
887.62	-66.841
887.91	125.000
888.21	42.857
888.50	-86.957
888.79	-227.273
889.09	88.095
